MJD mag magerr band
56781.63088527 12.844 0.058 WISE_W2
56781.63088527 13.07 0.029 WISE_W1
56781.76255282 12.71 0.051 WISE_W2
56781.76255282 12.974 0.029 WISE_W1
56781.89409307 12.773 0.062 WISE_W2
56781.89409307 13.011 0.034 WISE_W1
56781.95992679 12.731 0.05 WISE_W2
56781.95992679 13.077 0.035 WISE_W1
56782.02576058 13.11 0.036 WISE_W1
56782.02576058 12.806 0.062 WISE_W2
56782.09159435 13.032 0.031 WISE_W1
56782.09159435 12.808 0.192 WISE_W2
56782.15742808 13.227 0.031 WISE_W1
56782.15742808 12.946 0.06 WISE_W2
56782.22326186 12.646 0.05 WISE_W2
56782.22326186 13.005 0.031 WISE_W1
56782.28896828 13.005 0.03 WISE_W1
56782.28896828 12.747 0.06 WISE_W2
56782.354802 12.997 0.039 WISE_W1
56782.354802 12.642 0.048 WISE_W2
56782.42063579 13.052 0.028 WISE_W1
56782.42063579 12.83 0.07 WISE_W2
56782.48646959 13.057 0.028 WISE_W1
56782.48646959 12.802 0.053 WISE_W2
56782.55230337 13.039 0.031 WISE_W1
56782.55230337 12.665 0.049 WISE_W2
56782.61800973 12.824 0.057 WISE_W2
56782.61800973 13.134 0.032 WISE_W1
56782.6181371 12.669 0.052 WISE_W2
56782.6181371 12.998 0.03 WISE_W1
56782.68384347 12.794 0.063 WISE_W2
56782.68384347 13.004 0.027 WISE_W1
56782.74967725 13.005 0.027 WISE_W1
56782.74967725 12.746 0.055 WISE_W2
56782.81551102 12.92 0.028 WISE_W1
56782.81551102 12.684 0.051 WISE_W2
56782.8813448 13.041 0.031 WISE_W1
56782.8813448 12.86 0.056 WISE_W2
56782.94717858 12.756 0.054 WISE_W2
56782.94717858 13.029 0.027 WISE_W1
56783.012885 12.954 0.057 WISE_W2
56783.012885 13.293 0.033 WISE_W1
56783.01301231 13.073 0.076 WISE_W2
56783.01301231 13.34 0.034 WISE_W1
56783.07871877 13.304 0.033 WISE_W1
56783.07871877 13.038 0.065 WISE_W2
56783.1445525 13.034 0.027 WISE_W1
56783.1445525 12.748 0.078 WISE_W2
56783.21038624 13.056 0.028 WISE_W1
56783.21038624 12.732 0.052 WISE_W2
56783.27622001 12.993 0.028 WISE_W1
56783.27622001 12.699 0.049 WISE_W2
56783.40776078 12.989 0.049 WISE_W1
56783.40776078 12.791 0.058 WISE_W2
56783.53942824 13.043 0.029 WISE_W1
56783.53942824 12.723 0.051 WISE_W2
56783.6710958 12.948 0.049 WISE_W1
56783.6710958 12.699 0.051 WISE_W2
56784.7898877 12.819 0.067 WISE_W2
56784.7898877 12.991 0.034 WISE_W1
56784.92142789 12.848 0.087 WISE_W2
56784.92142789 12.959 0.029 WISE_W1
56784.98726167 12.785 0.051 WISE_W2
56784.98726167 13.043 0.03 WISE_W1
56785.05309545 13.011 0.03 WISE_W1
56785.05309545 12.94 0.069 WISE_W2
56785.11892922 13.035 0.035 WISE_W1
56785.11892922 12.724 0.053 WISE_W2
56785.18463554 13.127 0.037 WISE_W1
56785.18463554 12.744 0.061 WISE_W2
56785.25046932 13.06 0.03 WISE_W1
56785.25046932 12.625 0.06 WISE_W2
56785.31630306 12.753 0.053 WISE_W2
56785.31630306 12.982 0.035 WISE_W1
56785.38213683 13.067 0.032 WISE_W1
56785.38213683 12.845 0.056 WISE_W2
56785.44797057 13.016 0.028 WISE_W1
56785.44797057 12.708 0.051 WISE_W2
56785.51366793 12.991 0.059 WISE_W2
56785.51366793 13.378 0.035 WISE_W1
56785.51379524 12.987 0.029 WISE_W1
56785.51379524 12.79 0.051 WISE_W2
56785.57950159 12.704 0.056 WISE_W2
56785.57950159 13.041 0.028 WISE_W1
56785.6453353 12.816 0.057 WISE_W2
56785.6453353 13.127 0.029 WISE_W1
56785.711169 12.691 0.055 WISE_W2
56785.711169 13.025 0.028 WISE_W1
56785.77700272 12.793 0.058 WISE_W2
56785.77700272 13.107 0.029 WISE_W1
56785.84283638 12.742 0.056 WISE_W2
56785.84283638 13.037 0.03 WISE_W1
56785.90854273 12.727 0.052 WISE_W2
56785.90854273 13.036 0.031 WISE_W1
56785.97437644 13.014 0.028 WISE_W1
56785.97437644 12.835 0.077 WISE_W2
56786.0402101 12.707 0.048 WISE_W2
56786.0402101 13.0 0.028 WISE_W1
56786.10604382 12.708 0.05 WISE_W2
56786.10604382 13.058 0.029 WISE_W1
56786.17187748 12.739 0.059 WISE_W2
56786.17187748 13.078 0.033 WISE_W1
56786.23758388 12.607 0.047 WISE_W2
56786.23758388 13.01 0.027 WISE_W1
56786.30341749 13.04 0.028 WISE_W1
56786.30341749 12.738 0.051 WISE_W2
56786.43508491 13.359 0.079 WISE_W2
56786.43508491 13.661 0.038 WISE_W1
56786.56662492 12.659 0.048 WISE_W2
56786.56662492 12.988 0.03 WISE_W1
56786.56675228 13.365 0.038 WISE_W1
56786.56675228 13.036 0.074 WISE_W2
56786.69829225 13.018 0.027 WISE_W1
56786.69829225 12.687 0.048 WISE_W2
56972.73148999 12.706 0.055 WISE_W2
56972.73148999 13.03 0.028 WISE_W1
56972.86303016 13.064 0.03 WISE_W1
56972.86303016 12.772 0.053 WISE_W2
56972.99444297 13.029 0.03 WISE_W1
56972.99444297 12.81 0.053 WISE_W2
56972.99457034 13.005 0.043 WISE_W1
56972.99457034 12.944 0.062 WISE_W2
56973.06027667 13.019 0.029 WISE_W1
56973.06027667 12.737 0.053 WISE_W2
56973.25752328 13.144 0.037 WISE_W1
56973.25752328 12.932 0.062 WISE_W2
56973.3232297 12.811 0.061 WISE_W2
56973.3232297 13.076 0.029 WISE_W1
56973.38893613 13.105 0.035 WISE_W1
56973.38893613 12.8 0.056 WISE_W2
56973.45464256 12.84 0.053 WISE_W2
56973.45464256 13.135 0.04 WISE_W1
56973.45476987 13.077 0.03 WISE_W1
56973.45476987 12.814 0.055 WISE_W2
56973.58618269 13.061 0.028 WISE_W1
56973.58618269 12.769 0.063 WISE_W2
56973.65188911 13.069 0.031 WISE_W1
56973.65188911 12.786 0.055 WISE_W2
56973.71772281 12.724 0.054 WISE_W2
56973.71772281 13.015 0.029 WISE_W1
56973.78342924 13.017 0.037 WISE_W1
56973.78342924 12.72 0.073 WISE_W2
56973.84913567 12.738 0.053 WISE_W2
56973.84913567 13.061 0.031 WISE_W1
56973.91496941 12.73 0.063 WISE_W2
56973.91496941 13.011 0.032 WISE_W1
56973.98067584 12.798 0.08 WISE_W2
56973.98067584 13.061 0.029 WISE_W1
56974.04638222 12.994 0.029 WISE_W1
56974.04638222 12.651 0.061 WISE_W2
56974.24362883 12.753 0.054 WISE_W2
56974.24362883 13.082 0.031 WISE_W1
56974.30933521 13.052 0.03 WISE_W1
56974.30933521 12.839 0.054 WISE_W2
56974.37516895 12.718 0.057 WISE_W2
56974.37516895 13.024 0.036 WISE_W1
56974.50658657 13.028 0.031 WISE_W1
56974.50658657 12.786 0.07 WISE_W2
56974.63812671 12.769 0.054 WISE_W2
56974.63812671 12.992 0.031 WISE_W1
56975.75564617 12.75 0.05 WISE_W2
56975.75564617 13.014 0.03 WISE_W1
56975.75577348 12.738 0.05 WISE_W2
56975.75577348 13.058 0.031 WISE_W1
56975.8871864 13.03 0.028 WISE_W1
56975.8871864 12.763 0.057 WISE_W2
56975.95289286 12.722 0.054 WISE_W2
56975.95289286 13.021 0.028 WISE_W1
56976.01872663 13.04 0.031 WISE_W1
56976.01872663 12.753 0.055 WISE_W2
56976.2158459 13.061 0.03 WISE_W1
56976.2158459 12.779 0.069 WISE_W2
56976.21597323 12.743 0.05 WISE_W2
56976.21597323 12.985 0.036 WISE_W1
56976.28167968 13.075 0.035 WISE_W1
56976.28167968 12.659 0.069 WISE_W2
56976.34738613 13.051 0.028 WISE_W1
56976.34738613 12.775 0.053 WISE_W2
56976.41309259 13.099 0.031 WISE_W1
56976.41309259 12.818 0.055 WISE_W2
56976.54463282 12.742 0.054 WISE_W2
56976.54463282 13.03 0.029 WISE_W1
56976.61033924 13.082 0.03 WISE_W1
56976.61033924 12.772 0.082 WISE_W2
56976.67604569 13.078 0.036 WISE_W1
56976.67604569 12.872 0.067 WISE_W2
56976.74187947 12.849 0.057 WISE_W2
56976.74187947 13.084 0.031 WISE_W1
56976.80758588 12.809 0.053 WISE_W2
56976.80758588 13.017 0.03 WISE_W1
56976.87329233 12.758 0.057 WISE_W2
56976.87329233 13.039 0.033 WISE_W1
56976.9391261 13.021 0.033 WISE_W1
56976.9391261 12.974 0.097 WISE_W2
56977.00483256 12.793 0.069 WISE_W2
56977.00483256 12.978 0.038 WISE_W1
56977.07053902 12.975 0.031 WISE_W1
56977.07053902 12.767 0.057 WISE_W2
56977.20207925 12.999 0.034 WISE_W1
56977.20207925 12.725 0.057 WISE_W2
56977.26778571 13.063 0.03 WISE_W1
56977.26778571 12.789 0.061 WISE_W2
56977.39919862 12.988 0.034 WISE_W1
56977.39919862 12.784 0.053 WISE_W2
56977.39932594 12.995 0.035 WISE_W1
56977.39932594 12.787 0.059 WISE_W2
57143.58148887 12.498 0.051 WISE_W2
57143.58148887 12.795 0.027 WISE_W1
57143.71277451 12.769 0.029 WISE_W1
57143.71277451 12.597 0.063 WISE_W2
57143.84406015 12.784 0.031 WISE_W1
57143.84406015 12.429 0.056 WISE_W2
57143.90963932 12.46 0.046 WISE_W2
57143.90963932 12.816 0.03 WISE_W1
57143.97534584 12.594 0.063 WISE_W2
57143.97534584 12.795 0.028 WISE_W1
57144.04092501 12.377 0.051 WISE_W2
57144.04092501 12.792 0.028 WISE_W1
57144.10650422 12.756 0.029 WISE_W1
57144.10650422 12.456 0.053 WISE_W2
57144.10663154 12.478 0.055 WISE_W2
57144.10663154 12.787 0.031 WISE_W1
57144.17221066 12.812 0.029 WISE_W1
57144.17221066 12.461 0.054 WISE_W2
57144.23778983 12.797 0.03 WISE_W1
57144.23778983 12.471 0.046 WISE_W2
57144.30349635 12.808 0.029 WISE_W1
57144.30349635 12.44 0.058 WISE_W2
57144.36907552 12.383 0.054 WISE_W2
57144.36907552 12.843 0.03 WISE_W1
57144.434782 12.759 0.028 WISE_W1
57144.434782 12.486 0.058 WISE_W2
57144.50036116 12.513 0.063 WISE_W2
57144.50036116 12.748 0.026 WISE_W1
57144.56594023 12.451 0.048 WISE_W2
57144.56594023 12.827 0.032 WISE_W1
57144.56606759 12.758 0.03 WISE_W1
57144.56606759 12.469 0.046 WISE_W2
57144.63164671 12.775 0.026 WISE_W1
57144.63164671 12.526 0.046 WISE_W2
57144.69722588 12.479 0.046 WISE_W2
57144.69722588 12.881 0.032 WISE_W1
57144.76293241 12.757 0.027 WISE_W1
57144.76293241 12.409 0.054 WISE_W2
57144.82851157 12.728 0.028 WISE_W1
57144.82851157 12.486 0.048 WISE_W2
57144.89421806 12.43 0.057 WISE_W2
57144.89421806 12.776 0.027 WISE_W1
57144.95979722 12.413 0.05 WISE_W2
57144.95979722 12.832 0.028 WISE_W1
57145.02550375 12.453 0.05 WISE_W2
57145.02550375 12.785 0.029 WISE_W1
57145.09108292 12.414 0.046 WISE_W2
57145.09108292 12.734 0.029 WISE_W1
57145.15666207 12.421 0.044 WISE_W2
57145.15666207 12.757 0.028 WISE_W1
57145.22236851 12.799 0.028 WISE_W1
57145.22236851 12.498 0.054 WISE_W2
57145.35365416 12.404 0.052 WISE_W2
57145.35365416 12.786 0.028 WISE_W1
57145.4849398 12.488 0.043 WISE_W2
57145.4849398 12.753 0.031 WISE_W1
57145.61609803 12.453 0.041 WISE_W2
57145.61609803 12.777 0.029 WISE_W1
57145.61622541 12.749 0.036 WISE_W1
57145.61622541 12.434 0.046 WISE_W2
57337.57880094 12.838 0.034 WISE_W1
57337.57880094 12.571 0.049 WISE_W2
57337.70995933 12.508 0.044 WISE_W2
57337.70995933 12.932 0.029 WISE_W1
57337.84111777 15.729 0.182 WISE_W1
57337.84111777 12.589 0.052 WISE_W2
57337.84111777 12.932 0.028 WISE_W1
57337.90669696 12.886 0.027 WISE_W1
57337.90669696 12.602 0.059 WISE_W2
57337.9722762 12.919 0.027 WISE_W1
57337.9722762 12.5 0.063 WISE_W2
57338.03785544 12.536 0.045 WISE_W2
57338.03785544 12.858 0.027 WISE_W1
57338.23459308 12.621 0.052 WISE_W2
57338.23459308 12.885 0.028 WISE_W1
57338.30017227 12.95 0.028 WISE_W1
57338.30017227 12.562 0.05 WISE_W2
57338.36575147 12.594 0.049 WISE_W2
57338.36575147 12.905 0.032 WISE_W1
57338.49690991 12.565 0.053 WISE_W2
57338.49690991 12.918 0.028 WISE_W1
57338.5624891 12.909 0.027 WISE_W1
57338.5624891 12.539 0.055 WISE_W2
57338.62806835 12.92 0.036 WISE_W1
57338.62806835 12.465 0.049 WISE_W2
57338.69364753 12.589 0.048 WISE_W2
57338.69364753 12.938 0.028 WISE_W1
57338.75922678 12.896 0.03 WISE_W1
57338.75922678 12.572 0.049 WISE_W2
57338.82480597 12.528 0.051 WISE_W2
57338.82480597 12.886 0.029 WISE_W1
57338.89038516 12.576 0.05 WISE_W2
57338.89038516 12.84 0.027 WISE_W1
57338.95596441 12.489 0.044 WISE_W2
57338.95596441 12.931 0.033 WISE_W1
57339.0215436 12.924 0.029 WISE_W1
57339.0215436 12.532 0.048 WISE_W2
57339.08712285 12.908 0.038 WISE_W1
57339.08712285 12.578 0.06 WISE_W2
57339.21828128 12.893 0.034 WISE_W1
57339.21828128 12.485 0.048 WISE_W2
57339.34943968 12.529 0.049 WISE_W2
57339.34943968 12.888 0.029 WISE_W1
57502.43974293 12.571 0.045 WISE_W2
57502.43974293 12.917 0.034 WISE_W1
57502.43987034 12.862 0.03 WISE_W1
57502.43987034 12.529 0.044 WISE_W2
57502.57090124 12.57 0.063 WISE_W2
57502.57090124 12.865 0.031 WISE_W1
57502.70193219 12.868 0.032 WISE_W1
57502.70193219 12.588 0.055 WISE_W2
57502.83296318 12.603 0.062 WISE_W2
57502.83296318 12.938 0.034 WISE_W1
57502.8985424 12.854 0.031 WISE_W1
57502.8985424 12.555 0.052 WISE_W2
57502.96399424 12.545 0.059 WISE_W2
57502.96399424 12.88 0.028 WISE_W1
57503.02957339 12.424 0.044 WISE_W2
57503.02957339 12.839 0.027 WISE_W1
57503.09515255 12.529 0.047 WISE_W2
57503.09515255 12.88 0.031 WISE_W1
57503.16060434 12.854 0.027 WISE_W1
57503.16060434 12.537 0.048 WISE_W2
57503.2261835 12.556 0.068 WISE_W2
57503.2261835 12.892 0.029 WISE_W1
57503.29163529 12.589 0.05 WISE_W2
57503.29163529 12.856 0.031 WISE_W1
57503.35721502 12.492 0.047 WISE_W2
57503.35721502 12.905 0.033 WISE_W1
57503.42266682 12.908 0.031 WISE_W1
57503.42266682 12.57 0.046 WISE_W2
57503.42279418 12.565 0.046 WISE_W2
57503.42279418 12.919 0.031 WISE_W1
57503.48824597 12.905 0.027 WISE_W1
57503.48824597 12.389 0.06 WISE_W2
57503.55382517 12.583 0.044 WISE_W2
57503.55382517 12.867 0.029 WISE_W1
57503.61927697 12.545 0.053 WISE_W2
57503.61927697 13.004 0.03 WISE_W1
57503.68485612 12.941 0.029 WISE_W1
57503.68485612 12.571 0.07 WISE_W2
57503.75030792 12.895 0.028 WISE_W1
57503.75030792 12.437 0.042 WISE_W2
57503.75043523 12.929 0.036 WISE_W1
57503.75043523 12.545 0.047 WISE_W2
57503.81588707 12.52 0.046 WISE_W2
57503.81588707 12.879 0.027 WISE_W1
57503.88146627 12.483 0.044 WISE_W2
57503.88146627 12.9 0.027 WISE_W1
57503.94691811 12.864 0.026 WISE_W1
57503.94691811 12.592 0.052 WISE_W2
57504.01249287 12.863 0.027 WISE_W1
57504.01249287 12.573 0.046 WISE_W2
57504.07794468 12.941 0.034 WISE_W1
57504.07794468 12.534 0.041 WISE_W2
57504.07807199 12.929 0.033 WISE_W1
57504.07807199 12.551 0.046 WISE_W2
57504.14352375 12.461 0.04 WISE_W2
57504.14352375 12.886 0.027 WISE_W1
57504.20910286 12.956 0.027 WISE_W1
57504.20910286 12.544 0.043 WISE_W2
57504.34013378 12.539 0.047 WISE_W2
57504.34013378 12.896 0.027 WISE_W1
57504.47116465 12.849 0.026 WISE_W1
57504.47116465 12.602 0.047 WISE_W2
57701.67465336 12.382 0.04 WISE_W2
57701.67465336 12.838 0.027 WISE_W1
57701.8056844 12.389 0.05 WISE_W2
57701.8056844 12.81 0.028 WISE_W1
57701.93671544 12.369 0.043 WISE_W2
57701.93671544 12.8 0.027 WISE_W1
57702.06774649 12.369 0.043 WISE_W2
57702.06774649 12.8 0.029 WISE_W1
57702.19865017 12.864 0.031 WISE_W1
57702.19865017 12.454 0.043 WISE_W2
57702.19877749 12.813 0.032 WISE_W1
57702.26422933 12.401 0.048 WISE_W2
57702.26422933 12.753 0.03 WISE_W1
57702.32968117 12.833 0.03 WISE_W1
57702.32968117 12.439 0.048 WISE_W2
57702.39526094 12.866 0.028 WISE_W1
57702.39526094 12.429 0.048 WISE_W2
57702.46071282 12.523 0.08 WISE_W2
57702.46071282 12.812 0.03 WISE_W1
57702.59174382 12.833 0.035 WISE_W1
57702.59174382 12.427 0.049 WISE_W2
57702.65732303 12.834 0.028 WISE_W1
57702.65732303 12.423 0.048 WISE_W2
57702.72277487 12.416 0.045 WISE_W2
57702.72277487 12.805 0.028 WISE_W1
57702.78835407 12.427 0.045 WISE_W2
57702.78835407 12.808 0.028 WISE_W1
57702.85380596 12.446 0.051 WISE_W2
57702.85380596 12.841 0.033 WISE_W1
57702.91925775 12.375 0.047 WISE_W2
57702.91925775 12.845 0.038 WISE_W1
57702.98483696 12.377 0.049 WISE_W2
57702.98483696 12.781 0.031 WISE_W1
57703.0502888 12.854 0.028 WISE_W1
57703.0502888 12.466 0.057 WISE_W2
57703.18131984 12.818 0.031 WISE_W1
57703.18131984 12.447 0.046 WISE_W2
57703.24677168 12.785 0.031 WISE_W1
57703.24677168 12.375 0.058 WISE_W2
57703.31235084 12.802 0.031 WISE_W1
57703.31235084 12.297 0.047 WISE_W2
57703.44338193 12.834 0.031 WISE_W1
57703.44338193 12.445 0.052 WISE_W2
57703.57428557 12.806 0.032 WISE_W1
57703.57428557 12.448 0.047 WISE_W2
57703.70531656 12.368 0.042 WISE_W2
57703.70531656 12.847 0.028 WISE_W1
57862.97354434 12.542 0.028 WISE_W1
57862.97354434 12.132 0.038 WISE_W2
57863.10444793 12.589 0.026 WISE_W1
57863.10444793 12.038 0.04 WISE_W2
57863.2353515 12.108 0.04 WISE_W2
57863.2353515 12.559 0.028 WISE_W1
57863.36638236 12.063 0.042 WISE_W2
57863.36638236 12.59 0.026 WISE_W1
57863.43183413 12.561 0.025 WISE_W1
57863.43183413 12.037 0.045 WISE_W2
57863.49728595 12.573 0.032 WISE_W1
57863.49728595 11.971 0.042 WISE_W2
57863.56273766 12.576 0.029 WISE_W1
57863.56273766 12.125 0.043 WISE_W2
57863.62831679 12.069 0.039 WISE_W2
57863.62831679 12.575 0.027 WISE_W1
57863.69376861 12.61 0.027 WISE_W1
57863.69376861 11.997 0.04 WISE_W2
57863.75922043 12.067 0.046 WISE_W2
57863.75922043 12.586 0.026 WISE_W1
57863.8246722 12.04 0.04 WISE_W2
57863.8246722 12.54 0.028 WISE_W1
57863.89012397 12.049 0.038 WISE_W2
57863.89012397 12.6 0.032 WISE_W1
57863.9557031 12.564 0.026 WISE_W1
57863.9557031 12.091 0.044 WISE_W2
57864.02115492 11.995 0.039 WISE_W2
57864.02115492 12.598 0.025 WISE_W1
57864.08660672 12.068 0.04 WISE_W2
57864.08660672 12.521 0.034 WISE_W1
57864.15205854 12.101 0.059 WISE_W2
57864.15205854 12.567 0.027 WISE_W1
57864.21751027 12.567 0.032 WISE_W1
57864.21751027 12.096 0.037 WISE_W2
57864.2830894 12.058 0.04 WISE_W2
57864.2830894 12.611 0.026 WISE_W1
57864.34854122 12.153 0.044 WISE_W2
57864.34854122 12.609 0.026 WISE_W1
57864.41399299 12.623 0.025 WISE_W1
57864.41399299 12.089 0.036 WISE_W2
57864.4794448 11.963 0.039 WISE_W2
57864.4794448 12.597 0.026 WISE_W1
57864.54489652 12.175 0.041 WISE_W2
57864.54489652 12.624 0.029 WISE_W1
57864.61047565 12.08 0.044 WISE_W2
57864.61047565 12.56 0.028 WISE_W1
57864.67592742 12.051 0.035 WISE_W2
57864.67592742 12.569 0.027 WISE_W1
57864.74137924 12.004 0.041 WISE_W2
57864.74137924 12.617 0.025 WISE_W1
57864.87228277 12.551 0.029 WISE_W1
57864.87228277 12.086 0.033 WISE_W2
57865.00331372 12.029 0.036 WISE_W2
57865.00331372 12.564 0.025 WISE_W1
57865.13421726 12.066 0.034 WISE_W2
57865.13421726 12.568 0.024 WISE_W1
58065.87118498 12.57 0.025 WISE_W1
58065.87118498 12.088 0.035 WISE_W2
58066.00208838 12.58 0.025 WISE_W1
58066.00208838 12.11 0.036 WISE_W2
58066.19844353 11.963 0.033 WISE_W2
58066.19844353 12.555 0.024 WISE_W1
58066.26389523 12.636 0.025 WISE_W1
58066.26389523 12.094 0.037 WISE_W2
58066.32934698 12.029 0.036 WISE_W2
58066.32934698 12.588 0.025 WISE_W1
58066.39479868 12.069 0.035 WISE_W2
58066.39479868 12.512 0.029 WISE_W1
58066.39492604 12.099 0.036 WISE_W2
58066.39492604 12.607 0.029 WISE_W1
58066.59128115 12.056 0.035 WISE_W2
58066.59128115 12.626 0.025 WISE_W1
58066.65673285 12.062 0.039 WISE_W2
58066.65673285 12.606 0.025 WISE_W1
58066.72218459 12.616 0.025 WISE_W1
58066.72218459 12.038 0.035 WISE_W2
58066.7876363 12.012 0.046 WISE_W2
58066.7876363 12.632 0.028 WISE_W1
58066.853088 12.596 0.026 WISE_W1
58066.853088 12.053 0.036 WISE_W2
58066.9185397 12.024 0.037 WISE_W2
58066.9185397 12.646 0.029 WISE_W1
58066.98399145 12.584 0.026 WISE_W1
58066.98399145 12.117 0.038 WISE_W2
58067.04944315 12.609 0.029 WISE_W1
58067.04944315 12.074 0.048 WISE_W2
58067.24592557 12.544 0.028 WISE_W1
58067.24592557 12.048 0.037 WISE_W2
58067.31137726 12.03 0.039 WISE_W2
58067.31137726 12.584 0.03 WISE_W1
58067.37682896 12.633 0.029 WISE_W1
58067.37682896 12.115 0.035 WISE_W2
58067.44228061 12.001 0.033 WISE_W2
58067.44228061 12.585 0.026 WISE_W1
58067.50773236 12.615 0.027 WISE_W1
58067.50773236 12.06 0.041 WISE_W2
58068.75156959 12.599 0.026 WISE_W1
58068.75156959 12.055 0.034 WISE_W2
58068.88247356 11.996 0.039 WISE_W2
58068.88247356 12.588 0.025 WISE_W1
58069.01337701 12.593 0.024 WISE_W1
58069.01337701 12.034 0.041 WISE_W2
58069.07882872 12.02 0.035 WISE_W2
58069.07882872 12.577 0.025 WISE_W1
58069.20973207 12.016 0.034 WISE_W2
58069.20973207 12.547 0.025 WISE_W1
58069.27518382 12.635 0.029 WISE_W1
58069.27518382 12.084 0.037 WISE_W2
58069.34063552 12.595 0.027 WISE_W1
58069.34063552 12.026 0.036 WISE_W2
58069.34076284 12.099 0.036 WISE_W2
58069.34076284 12.632 0.027 WISE_W1
58069.40621458 12.577 0.026 WISE_W1
58069.40621458 12.015 0.035 WISE_W2
58069.53711799 12.553 0.025 WISE_W1
58069.53711799 12.068 0.04 WISE_W2
58069.60256968 12.072 0.043 WISE_W2
58069.60256968 12.569 0.024 WISE_W1
58069.66802144 12.585 0.031 WISE_W1
58069.66802144 12.047 0.045 WISE_W2
58069.73347312 12.584 0.025 WISE_W1
58069.73347312 12.01 0.036 WISE_W2
58069.79892483 12.095 0.048 WISE_W2
58069.79892483 12.565 0.025 WISE_W1
58069.86437653 12.607 0.027 WISE_W1
58069.86437653 11.991 0.037 WISE_W2
58069.92982828 12.59 0.031 WISE_W1
58069.92982828 12.11 0.058 WISE_W2
58069.99528002 12.023 0.034 WISE_W2
58069.99528002 12.603 0.031 WISE_W1
58070.06073168 12.026 0.038 WISE_W2
58070.06073168 12.572 0.029 WISE_W1
58070.25721414 12.014 0.037 WISE_W2
58070.25721414 12.594 0.032 WISE_W1
58070.32266589 12.588 0.028 WISE_W1
58070.32266589 12.012 0.037 WISE_W2
58070.38811755 12.554 0.026 WISE_W1
58070.38811755 12.211 0.053 WISE_W2
58070.6499244 11.938 0.104 WISE_W2
58070.6499244 12.558 0.025 WISE_W1
58223.54111356 12.419 0.027 WISE_W1
58223.54111356 11.92 0.037 WISE_W2
58223.67239911 12.51 0.029 WISE_W1
58223.67239911 11.915 0.041 WISE_W2
58223.80330262 12.463 0.029 WISE_W1
58223.80330262 11.973 0.038 WISE_W2
58223.93420617 11.943 0.04 WISE_W2
58223.93420617 12.507 0.027 WISE_W1
58223.99965797 11.968 0.034 WISE_W2
58223.99965797 12.492 0.027 WISE_W1
58224.06510968 12.492 0.029 WISE_W1
58224.06510968 11.965 0.048 WISE_W2
58224.13005212 12.387 0.033 WISE_W1
58224.13005212 11.954 0.034 WISE_W2
58224.19550387 12.476 0.026 WISE_W1
58224.19550387 11.922 0.04 WISE_W2
58224.26146498 12.476 0.028 WISE_W1
58224.26146498 11.922 0.047 WISE_W2
58224.32678933 12.545 0.027 WISE_W1
58224.32678933 11.927 0.031 WISE_W2
58224.32691669 12.442 0.025 WISE_W1
58224.32691669 11.993 0.034 WISE_W2
58224.39224112 11.934 0.037 WISE_W2
58224.39224112 12.481 0.028 WISE_W1
58224.39236844 11.887 0.036 WISE_W2
58224.39236844 12.464 0.028 WISE_W1
58224.45769288 11.923 0.033 WISE_W2
58224.45769288 12.471 0.03 WISE_W1
58224.52263531 11.998 0.036 WISE_W2
58224.52263531 12.548 0.028 WISE_W1
58224.52276264 12.406 0.03 WISE_W1
58224.52276264 11.946 0.038 WISE_W2
58224.58859638 11.915 0.039 WISE_W2
58224.58859638 12.449 0.024 WISE_W1
58224.65404818 12.462 0.025 WISE_W1
58224.65404818 11.789 0.039 WISE_W2
58224.71949993 12.446 0.023 WISE_W1
58224.71949993 11.982 0.034 WISE_W2
58224.78495174 12.483 0.025 WISE_W1
58224.78495174 11.919 0.044 WISE_W2
58224.85040348 11.896 0.033 WISE_W2
58224.85040348 12.452 0.023 WISE_W1
58224.91585524 12.476 0.024 WISE_W1
58224.91585524 11.971 0.037 WISE_W2
58224.98130704 11.921 0.038 WISE_W2
58224.98130704 12.482 0.024 WISE_W1
58225.0467588 12.496 0.024 WISE_W1
58225.0467588 11.964 0.036 WISE_W2
58225.11170181 12.447 0.024 WISE_W1
58225.11170181 11.958 0.034 WISE_W2
58225.17766287 12.501 0.025 WISE_W1
58225.17766287 11.941 0.04 WISE_W2
58225.24260527 11.907 0.037 WISE_W2
58225.24260527 12.469 0.029 WISE_W1
58225.30843905 12.449 0.028 WISE_W1
58225.30843905 11.936 0.032 WISE_W2
58225.30856638 11.928 0.036 WISE_W2
58225.30856638 12.488 0.028 WISE_W1
58225.43934251 12.5 0.025 WISE_W1
58225.43934251 11.983 0.034 WISE_W2
58225.57024607 12.433 0.023 WISE_W1
58225.57024607 11.967 0.033 WISE_W2
58232.44115339 12.477 0.026 WISE_W1
58232.44115339 11.965 0.045 WISE_W2
58232.50660514 12.427 0.023 WISE_W1
58232.50660514 11.958 0.036 WISE_W2
58288.720347200055 19.828100204467773 0.1962320059537887 ZTF_g
58288.76104169991 19.56559944152832 0.1175090000033378 ZTF_r
58300.82096059993 19.23550033569336 0.1348139941692352 ZTF_r
58432.88431442 12.3 0.038 WISE_W2
58432.88431442 12.877 0.037 WISE_W1
58433.01509047 12.781 0.027 WISE_W1
58433.01509047 12.299 0.04 WISE_W2
58433.14599394 12.301 0.043 WISE_W2
58433.14599394 12.784 0.026 WISE_W1
58433.27689726 12.327 0.048 WISE_W2
58433.27689726 12.814 0.027 WISE_W1
58433.34234897 12.805 0.027 WISE_W1
58433.34234897 12.219 0.037 WISE_W2
58433.40780073 12.35 0.041 WISE_W2
58433.40780073 12.774 0.029 WISE_W1
58433.60402844 12.769 0.027 WISE_W1
58433.60402844 12.248 0.041 WISE_W2
58433.66948015 12.334 0.045 WISE_W2
58433.66948015 12.815 0.028 WISE_W1
58433.73493191 12.766 0.027 WISE_W1
58433.73493191 12.199 0.043 WISE_W2
58433.80038357 12.802 0.027 WISE_W1
58433.80038357 12.285 0.042 WISE_W2
58433.86583528 12.788 0.026 WISE_W1
58433.86583528 12.296 0.044 WISE_W2
58433.93128698 12.244 0.042 WISE_W2
58433.93128698 12.749 0.032 WISE_W1
58433.99673869 12.764 0.027 WISE_W1
58433.99673869 12.304 0.041 WISE_W2
58434.06206303 12.191 0.04 WISE_W2
58434.06206303 12.813 0.034 WISE_W1
58434.12751475 12.274 0.042 WISE_W2
58434.12751475 12.785 0.029 WISE_W1
58434.1929664 12.29 0.042 WISE_W2
58434.1929664 12.86 0.028 WISE_W1
58434.25841802 12.843 0.029 WISE_W1
58434.25841802 12.329 0.047 WISE_W2
58434.32386972 12.732 0.027 WISE_W1
58434.32386972 12.283 0.041 WISE_W2
58434.38932144 12.763 0.028 WISE_W1
58434.38932144 12.209 0.051 WISE_W2
58434.45477315 12.752 0.029 WISE_W1
58434.45477315 12.232 0.038 WISE_W2
58434.65100089 12.24 0.046 WISE_W2
58434.65100089 12.768 0.029 WISE_W1
58434.78190426 12.776 0.027 WISE_W1
58434.78190426 12.289 0.045 WISE_W2
58434.91280773 12.785 0.027 WISE_W1
58434.91280773 12.257 0.039 WISE_W2
58441.05053240014 19.341699600219727 0.1642780005931854 ZTF_r
58450.98988430016 19.79669952392578 0.1942490041255951 ZTF_g
58466.01168979984 19.385900497436523 0.1382479965686798 ZTF_r
58468.94822920021 19.681400299072266 0.1405760049819946 ZTF_g
58469.01364579983 19.444900512695312 0.1556770056486129 ZTF_r
58481.00806709984 19.604700088500977 0.2056259959936142 ZTF_g
58481.05475689983 19.01810073852539 0.1237849965691566 ZTF_r
58487.993182899896 19.5044002532959 0.1214750036597251 ZTF_g
58488.03652779991 19.39699935913086 0.1156489998102188 ZTF_r
58492.00879629981 19.279800415039062 0.1703290045261383 ZTF_g
58492.05438659992 19.192399978637695 0.1368239969015121 ZTF_r
58495.015856499784 19.442100524902344 0.1555050015449524 ZTF_g
58511.959838000126 19.507299423217773 0.116516001522541 ZTF_g
58512.03225689987 19.05929946899414 0.1461180001497268 ZTF_r
58524.93178239977 19.207300186157227 0.151308998465538 ZTF_g
58546.763171299826 19.633800506591797 0.2299360036849975 ZTF_g
58556.85402779979 19.411800384521484 0.2316039949655532 ZTF_g
58559.762928199954 19.356800079345703 0.1980410069227218 ZTF_r
58559.8441666998 19.68510055541992 0.1917230039834976 ZTF_g
58575.80754629988 19.618999481201172 0.163779005408287 ZTF_g
58580.81275459984 19.285900115966797 0.112635999917984 ZTF_g
58580.878043999895 19.109600067138672 0.1369179934263229 ZTF_r
58583.76938659977 19.456199645996097 0.1497039943933487 ZTF_r
58586.72065970022 19.072500228881836 0.1348250061273574 ZTF_r
58586.7672569002 19.434999465942383 0.1755100041627884 ZTF_g
58590.6234798 12.994 0.03 WISE_W1
58590.6234798 12.602 0.049 WISE_W2
58590.75438322 12.671 0.051 WISE_W2
58590.75438322 12.899 0.037 WISE_W1
58590.88515933 12.576 0.047 WISE_W2
58590.88515933 12.996 0.031 WISE_W1
58590.95061105 12.562 0.044 WISE_W2
58590.95061105 12.949 0.029 WISE_W1
58591.01606279 12.958 0.031 WISE_W1
58591.01606279 12.54 0.051 WISE_W2
58591.08138721 13.115 0.033 WISE_W1
58591.08138721 12.676 0.06 WISE_W2
58591.1468389 12.702 0.059 WISE_W2
58591.1468389 13.019 0.029 WISE_W1
58591.21229058 12.588 0.051 WISE_W2
58591.21229058 12.967 0.03 WISE_W1
58591.27774231 12.675 0.054 WISE_W2
58591.27774231 13.01 0.03 WISE_W1
58591.34306669 13.054 0.035 WISE_W1
58591.34306669 12.608 0.065 WISE_W2
58591.40851843 12.946 0.031 WISE_W1
58591.40851843 12.622 0.058 WISE_W2
58591.47397015 13.042 0.031 WISE_W1
58591.47397015 12.725 0.052 WISE_W2
58591.53929453 12.647 0.067 WISE_W2
58591.53929453 12.996 0.035 WISE_W1
58591.60474617 12.982 0.03 WISE_W1
58591.60474617 12.675 0.057 WISE_W2
58591.67019789 12.946 0.032 WISE_W1
58591.67019789 12.62 0.054 WISE_W2
58591.73564963 12.987 0.03 WISE_W1
58591.73564963 12.519 0.047 WISE_W2
58591.800974 12.485 0.064 WISE_W2
58591.800974 12.986 0.03 WISE_W1
58591.86642569 12.999 0.029 WISE_W1
58591.86642569 12.682 0.053 WISE_W2
58591.93187748 12.97 0.028 WISE_W1
58591.93187748 12.556 0.047 WISE_W2
58591.9973292 13.011 0.032 WISE_W1
58591.9973292 12.608 0.051 WISE_W2
58592.06265358 12.969 0.029 WISE_W1
58592.06265358 12.601 0.049 WISE_W2
58592.12810531 12.973 0.029 WISE_W1
58592.12810531 12.676 0.071 WISE_W2
58592.193557 12.635 0.052 WISE_W2
58592.193557 13.002 0.03 WISE_W1
58592.25888141 13.022 0.03 WISE_W1
58592.25888141 12.547 0.053 WISE_W2
58592.25900873 12.611 0.052 WISE_W2
58592.25900873 12.992 0.04 WISE_W1
58592.38978484 12.587 0.056 WISE_W2
58592.38978484 13.031 0.029 WISE_W1
58592.52056094 12.591 0.047 WISE_W2
58592.52056094 12.962 0.033 WISE_W1
58592.65146436 12.957 0.029 WISE_W1
58592.65146436 12.625 0.046 WISE_W2
58592.76060190005 19.53160095214844 0.2246360033750534 ZTF_r
58596.73938659998 19.633100509643555 0.1554809957742691 ZTF_g
58600.723715300206 19.657699584960938 0.1540399938821792 ZTF_g
58612.72105319984 19.704999923706055 0.1668940037488937 ZTF_r
58612.78546300018 19.688400268554688 0.1701699942350387 ZTF_g
58636.78195599979 19.900999069213867 0.1480409950017929 ZTF_g
58639.71703700023 19.806299209594727 0.178285002708435 ZTF_g
58642.70650460012 19.88949966430664 0.1580290049314499 ZTF_g
58661.718923599925 20.17340087890625 0.1920469999313354 ZTF_g
58797.27748054 12.003 0.042 WISE_W2
58797.27748054 12.633 0.028 WISE_W1
58797.40825652 12.03 0.036 WISE_W2
58797.40825652 12.791 0.028 WISE_W1
58797.60448418 12.561 0.025 WISE_W1
58797.60448418 12.09 0.034 WISE_W2
58797.66993587 12.018 0.036 WISE_W2
58797.66993587 12.601 0.025 WISE_W1
58797.73538757 12.656 0.033 WISE_W1
58797.73538757 11.998 0.035 WISE_W2
58797.80071189 12.069 0.038 WISE_W2
58797.80071189 12.612 0.025 WISE_W1
58797.86616354 12.551 0.024 WISE_W1
58797.86616354 12.029 0.034 WISE_W2
58797.93161523 12.715 0.026 WISE_W1
58797.93161523 12.206 0.039 WISE_W2
58797.99693956 12.051 0.033 WISE_W2
58797.99693956 12.568 0.025 WISE_W1
58798.06239125 12.945 0.033 WISE_W1
58798.06239125 12.585 0.063 WISE_W2
58798.25861887 12.58 0.024 WISE_W1
58798.25861887 12.068 0.044 WISE_W2
58798.32407051 12.576 0.027 WISE_W1
58798.32407051 12.023 0.045 WISE_W2
58798.3895222 12.396 0.043 WISE_W2
58798.3895222 12.813 0.031 WISE_W1
58798.45484653 12.734 0.029 WISE_W1
58798.45484653 12.139 0.037 WISE_W2
58798.52029878 12.006 0.036 WISE_W2
58798.52029878 12.578 0.025 WISE_W1
58798.58575043 12.592 0.025 WISE_W1
58798.58575043 12.059 0.048 WISE_W2
58798.65107476 12.609 0.031 WISE_W1
58798.65107476 12.039 0.033 WISE_W2
58798.65120213 12.068 0.041 WISE_W2
58798.65120213 12.623 0.03 WISE_W1
58798.71652646 12.534 0.027 WISE_W1
58798.71652646 12.042 0.035 WISE_W2
58798.78197815 12.043 0.042 WISE_W2
58798.78197815 12.562 0.027 WISE_W1
58798.91275417 12.001 0.046 WISE_W2
58798.91275417 12.591 0.028 WISE_W1
58799.0436575 12.037 0.042 WISE_W2
58799.0436575 12.551 0.026 WISE_W1
58871.909826400224 19.981300354003903 0.2185149937868118 ZTF_g
58878.99671299989 20.108800888061523 0.2476750016212463 ZTF_g
58883.96839120006 19.69059944152832 0.1838089972734451 ZTF_g
58884.95483799977 19.53470039367676 0.1946039944887161 ZTF_g
58885.9527431 19.84339904785156 0.2599149942398071 ZTF_g
58886.03439809987 19.620500564575195 0.1910690069198608 ZTF_r
58891.9462731001 19.658599853515625 0.2166990041732788 ZTF_g
58892.803379599936 19.232200622558594 0.2638469934463501 ZTF_r
58892.8902431 19.765300750732425 0.2506049871444702 ZTF_g
58893.94894680008 19.798599243164062 0.1951690018177032 ZTF_g
58894.843576400075 19.67530059814453 0.1815139949321746 ZTF_g
58895.7425694 19.496999740600582 0.1556169986724853 ZTF_g
58895.971747700125 19.380399703979492 0.1490329951047897 ZTF_r
58898.92820600001 19.442100524902344 0.1343069970607757 ZTF_g
58899.84790509986 19.37430000305176 0.1563470065593719 ZTF_r
58903.84829859994 19.37380027770996 0.1515080034732818 ZTF_g
58903.88401619997 19.22929954528809 0.1582860052585601 ZTF_r
58906.826898099855 19.56730079650879 0.1318449974060058 ZTF_g
58908.99675930012 19.27330017089844 0.1285859942436218 ZTF_r
58911.9697106001 19.268400192260746 0.1505870074033737 ZTF_r
58913.01304400014 19.713499069213867 0.1525630056858062 ZTF_g
58954.70406031 12.802 0.028 WISE_W1
58954.70406031 12.283 0.043 WISE_W2
58954.81010420015 19.57229995727539 0.1938689947128296 ZTF_g
58954.83483627 12.807 0.029 WISE_W1
58954.83483627 12.253 0.047 WISE_W2
58954.96561229 12.342 0.05 WISE_W2
58954.96561229 12.855 0.039 WISE_W1
58955.09638831 12.35 0.046 WISE_W2
58955.09638831 12.856 0.029 WISE_W1
58955.16133064 12.476 0.051 WISE_W2
58955.16133064 12.916 0.029 WISE_W1
58955.22665495 12.339 0.054 WISE_W2
58955.22665495 12.861 0.035 WISE_W1
58955.22678228 12.801 0.03 WISE_W1
58955.22678228 12.237 0.041 WISE_W2
58955.29261596 12.268 0.041 WISE_W2
58955.29261596 12.788 0.031 WISE_W1
58955.35794023 12.309 0.04 WISE_W2
58955.35794023 12.931 0.044 WISE_W1
58955.42339187 12.913 0.03 WISE_W1
58955.42339187 12.274 0.05 WISE_W2
58955.48884356 12.276 0.046 WISE_W2
58955.48884356 12.826 0.03 WISE_W1
58955.55365853 12.274 0.043 WISE_W2
58955.55365853 12.827 0.03 WISE_W1
58955.61961953 12.828 0.031 WISE_W1
58955.61961953 12.315 0.053 WISE_W2
58955.6849439 12.36 0.042 WISE_W2
58955.6849439 12.849 0.029 WISE_W1
58955.75039559 12.321 0.04 WISE_W2
58955.75039559 12.813 0.026 WISE_W1
58955.81571987 12.326 0.071 WISE_W2
58955.81571987 12.833 0.03 WISE_W1
58955.88117161 12.873 0.028 WISE_W1
58955.88117161 12.179 0.043 WISE_W2
58955.9466233 12.845 0.034 WISE_W1
58955.9466233 12.326 0.044 WISE_W2
58956.01194762 12.835 0.026 WISE_W1
58956.01194762 12.265 0.045 WISE_W2
58956.07739926 12.302 0.044 WISE_W2
58956.07739926 12.851 0.033 WISE_W1
58956.14221427 12.783 0.034 WISE_W1
58956.14221427 12.291 0.043 WISE_W2
58956.20766591 12.3 0.041 WISE_W2
58956.20766591 12.872 0.027 WISE_W1
58956.27349955 12.835 0.027 WISE_W1
58956.27349955 12.383 0.044 WISE_W2
58956.33895124 12.86 0.027 WISE_W1
58956.33895124 12.371 0.046 WISE_W2
58956.46921846 12.301 0.046 WISE_W2
58956.46921846 12.858 0.027 WISE_W1
58956.60050378 12.301 0.04 WISE_W2
58956.60050378 12.848 0.027 WISE_W1
58956.7312798 12.773 0.027 WISE_W1
58956.7312798 12.212 0.044 WISE_W2
58962.73712959979 19.50510025024414 0.1849970072507858 ZTF_g
58962.78935190011 19.347999572753903 0.2060800045728683 ZTF_r
58965.77000000002 19.54789924621582 0.1483010053634643 ZTF_g
58968.7814468001 19.364599227905273 0.1488150060176849 ZTF_g
58971.69597220002 19.500600814819336 0.1489810049533844 ZTF_r
58971.80284720007 19.733800888061523 0.1743610054254531 ZTF_g
58974.79752309993 19.309999465942383 0.1911559998989105 ZTF_r
58977.75831020018 19.310300827026367 0.2000190019607544 ZTF_r
58980.703229200095 19.518600463867188 0.1057370007038116 ZTF_g
58986.72709489986 19.624399185180664 0.1774889975786209 ZTF_g
58992.761678200215 19.381200790405273 0.1120100021362304 ZTF_r
58992.82285880018 19.531299591064453 0.1496540009975433 ZTF_g
58995.73815969983 19.464599609375 0.1585659980773925 ZTF_r
58995.80865739984 19.607799530029297 0.1538909971714019 ZTF_g
58998.8424769002 19.414600372314453 0.1063700020313263 ZTF_g
59012.706469899975 19.52120018005371 0.1662710011005401 ZTF_g
59017.72591440007 19.330900192260746 0.1011930033564567 ZTF_g
59017.76958330022 19.05820083618164 0.1373690068721771 ZTF_r
59023.74827549979 19.42650032043457 0.1290239989757537 ZTF_g
59026.70535880001 19.234100341796875 0.1722249984741211 ZTF_r
59029.72487269994 19.196300506591797 0.1644109934568405 ZTF_r
59029.769826400094 19.58919906616211 0.2412469983100891 ZTF_g
59032.708460600115 19.587900161743164 0.2509390115737915 ZTF_g
59032.72199069988 19.26449966430664 0.13680499792099 ZTF_r
59041.69881939981 19.332500457763672 0.1204349994659423 ZTF_g
59045.755671299994 19.46470069885254 0.1255290061235427 ZTF_g
59161.35496251 12.776 0.058 WISE_W2
59161.35496251 13.081 0.03 WISE_W1
59164.29812308 13.144 0.032 WISE_W1
59164.29812308 12.793 0.057 WISE_W2
59164.42889962 12.857 0.058 WISE_W2
59164.42889962 13.117 0.035 WISE_W1
59164.55967564 12.842 0.055 WISE_W2
59164.55967564 13.11 0.03 WISE_W1
59164.69045161 13.083 0.031 WISE_W1
59164.69045161 12.751 0.052 WISE_W2
59164.7559033 12.952 0.037 WISE_W1
59164.7559033 12.774 0.056 WISE_W2
59164.82122763 12.85 0.062 WISE_W2
59164.82122763 13.115 0.031 WISE_W1
59164.88667933 12.786 0.06 WISE_W2
59164.88667933 13.094 0.032 WISE_W1
59164.95200366 13.115 0.03 WISE_W1
59164.95200366 12.678 0.064 WISE_W2
59165.0174553 13.185 0.031 WISE_W1
59165.0174553 12.828 0.06 WISE_W2
59165.08277968 13.176 0.033 WISE_W1
59165.08277968 12.833 0.06 WISE_W2
59165.2135556 12.707 0.05 WISE_W2
59165.2135556 13.196 0.037 WISE_W1
59165.27900725 12.851 0.056 WISE_W2
59165.27900725 13.144 0.031 WISE_W1
59165.34433157 12.871 0.063 WISE_W2
59165.34433157 13.136 0.034 WISE_W1
59165.40978322 13.143 0.032 WISE_W1
59165.40978322 12.861 0.058 WISE_W2
59165.47510755 12.86 0.06 WISE_W2
59165.47510755 13.087 0.033 WISE_W1
59165.60588352 13.092 0.037 WISE_W1
59165.60588352 12.811 0.065 WISE_W2
59165.67133521 12.909 0.093 WISE_W2
59165.67133521 13.06 0.035 WISE_W1
59165.73665954 13.062 0.034 WISE_W1
59165.73665954 12.698 0.057 WISE_W2
59165.80211123 13.084 0.04 WISE_W1
59165.80211123 12.82 0.056 WISE_W2
59165.86743551 12.839 0.058 WISE_W2
59165.86743551 13.115 0.034 WISE_W1
59165.9328872 13.031 0.033 WISE_W1
59165.9328872 12.622 0.072 WISE_W2
59166.06366322 12.76 0.093 WISE_W2
59166.06366322 13.092 0.031 WISE_W1
59166.19443914 12.654 0.059 WISE_W2
59166.19443914 13.059 0.03 WISE_W1
59166.989131900016 19.28610038757324 0.1389169991016388 ZTF_g
59167.0340741002 18.9906005859375 0.0883769989013671 ZTF_r
59168.99452550011 19.415199279785156 0.1674090027809143 ZTF_g
59169.032546299975 19.04990005493164 0.1370880007743835 ZTF_r
59170.99107640004 19.502700805664062 0.1463160067796707 ZTF_g
59171.03815970011 19.296600341796875 0.1598190069198608 ZTF_r
59173.97435190016 19.27300071716309 0.1213459968566894 ZTF_g
59177.011713000014 19.402700424194336 0.1491969972848892 ZTF_g
59177.05641200021 19.188600540161133 0.1295329928398132 ZTF_r
59181.051041699946 18.90019989013672 0.2384179979562759 ZTF_r
59189.99937500013 19.397600173950195 0.1452929973602295 ZTF_g
59194.99562499998 19.162200927734375 0.1229519993066787 ZTF_r
59195.04083329998 19.335599899291992 0.129268005490303 ZTF_g
59198.96732639987 19.128700256347656 0.1244039982557296 ZTF_r
59199.008807899896 19.626699447631836 0.1804649978876114 ZTF_g
59201.01353010023 19.00790023803711 0.1757189929485321 ZTF_r
59218.02711809985 19.21619987487793 0.173454001545906 ZTF_g
59219.954375000205 19.52359962463379 0.1646510064601898 ZTF_g
59220.00043979986 19.12649917602539 0.1186819970607757 ZTF_r
59221.96866900008 19.313100814819336 0.1852229982614517 ZTF_g
59223.95050929999 19.079200744628903 0.1507270038127899 ZTF_r
59225.97893519979 19.22620010375977 0.1911589950323104 ZTF_g
59227.97128470009 19.380599975585938 0.122479997575283 ZTF_g
59229.9280208 18.728700637817383 0.1736990064382553 ZTF_r
59229.9739351999 19.583999633789062 0.2674190104007721 ZTF_g
59231.92959489999 19.260099411010746 0.0849059969186782 ZTF_g
59248.97427080013 19.758100509643555 0.1945510059595108 ZTF_g
59250.86234949995 19.494800567626953 0.1628540009260177 ZTF_g
59250.900590300094 19.284500122070312 0.1700209975242614 ZTF_r
59252.82664350001 19.126699447631836 0.1142489984631538 ZTF_r
59254.95293979999 18.872800827026367 0.254146009683609 ZTF_g
59256.935648099985 19.1205997467041 0.1216609999537468 ZTF_r
59256.99567130022 19.399900436401367 0.108085997402668 ZTF_g
59263.86153940018 19.495800018310547 0.2106129974126815 ZTF_g
59263.89489579992 18.6919002532959 0.1719679981470108 ZTF_r
59265.80940969987 19.27589988708496 0.1194059997797012 ZTF_r
59265.93630790012 19.41710090637207 0.1719889938831329 ZTF_g
59267.82940969989 19.205799102783203 0.1608230024576187 ZTF_r
59269.8837036998 19.126300811767575 0.1179409995675087 ZTF_r
59271.94552080007 19.012800216674805 0.1561540067195892 ZTF_r
59273.95601850003 18.982799530029297 0.1594720035791397 ZTF_r
59275.70188659988 19.368499755859375 0.1726340055465698 ZTF_g
59275.89517359994 19.155099868774418 0.1321319937705993 ZTF_r
59278.80894679995 19.41370010375977 0.1423889994621276 ZTF_g
59278.93604170019 18.867900848388672 0.0893340036273002 ZTF_r
59281.73733799998 19.193199157714844 0.1182010024785995 ZTF_r
59291.77934029978 19.294099807739254 0.1278389990329742 ZTF_g
59291.84376160009 19.183500289916992 0.1049889996647834 ZTF_r
59293.76332180016 19.035400390625 0.1013529971241951 ZTF_r
59296.82996529993 19.403099060058594 0.2076680064201355 ZTF_g
59296.8703240999 18.9955997467041 0.1608249992132187 ZTF_r
59303.86659719981 19.570999145507812 0.207065001130104 ZTF_g
59306.94903940009 19.17989921569824 0.1565659940242767 ZTF_r
59308.86202549981 19.548999786376953 0.1639290004968643 ZTF_g
59310.861319399904 19.496400833129883 0.1411799937486648 ZTF_g
59312.79679400008 19.13710021972656 0.1227549985051155 ZTF_r
59312.825671299826 19.597900390625 0.1555269956588745 ZTF_g
59314.88509259978 19.41790008544922 0.13263900578022 ZTF_g
59316.79922450008 19.10700035095215 0.1228839978575706 ZTF_r
59316.83957180008 19.3976993560791 0.1030059978365898 ZTF_g
59318.91205877 12.854 0.056 WISE_W2
59318.91205877 13.119 0.038 WISE_W1
59319.04270747 12.714 0.056 WISE_W2
59319.04270747 13.087 0.036 WISE_W1
59319.17297412 12.866 0.059 WISE_W2
59319.17297412 13.118 0.035 WISE_W1
59319.3042594 12.978 0.081 WISE_W2
59319.3042594 13.157 0.036 WISE_W1
59319.36958372 12.829 0.06 WISE_W2
59319.36958372 13.125 0.031 WISE_W1
59319.43490809 12.735 0.072 WISE_W2
59319.43490809 13.094 0.035 WISE_W1
59319.49985032 13.052 0.032 WISE_W1
59319.49985032 12.734 0.063 WISE_W2
59319.565684 12.89 0.073 WISE_W2
59319.565684 13.047 0.036 WISE_W1
59319.63100838 12.818 0.056 WISE_W2
59319.63100838 13.122 0.037 WISE_W1
59319.69646007 12.82 0.059 WISE_W2
59319.69646007 13.063 0.035 WISE_W1
59319.76178443 12.845 0.065 WISE_W2
59319.76178443 13.014 0.047 WISE_W1
59319.82710872 12.851 0.057 WISE_W2
59319.82710872 13.059 0.032 WISE_W1
59319.86394680012 19.15180015563965 0.1265300065279007 ZTF_r
59319.89256041 13.055 0.033 WISE_W1
59319.89256041 12.856 0.07 WISE_W2
59319.90582180023 19.41320037841797 0.1450310051441192 ZTF_g
59319.95788477 12.942 0.068 WISE_W2
59319.95788477 13.064 0.03 WISE_W1
59320.0232091 13.042 0.032 WISE_W1
59320.0232091 12.833 0.074 WISE_W2
59320.08815142 13.063 0.03 WISE_W1
59320.08815142 12.874 0.056 WISE_W2
59320.1539851 12.843 0.062 WISE_W2
59320.1539851 13.082 0.03 WISE_W1
59320.21930948 12.772 0.056 WISE_W2
59320.21930948 13.138 0.03 WISE_W1
59320.28476111 13.047 0.035 WISE_W1
59320.28476111 12.744 0.05 WISE_W2
59320.35008544 12.917 0.058 WISE_W2
59320.35008544 13.095 0.03 WISE_W1
59320.4154098 12.819 0.081 WISE_W2
59320.4154098 13.101 0.03 WISE_W1
59320.48035213 13.077 0.036 WISE_W1
59320.48035213 12.839 0.063 WISE_W2
59320.5456764 12.72 0.055 WISE_W2
59320.5456764 13.166 0.031 WISE_W1
59320.61151008 13.116 0.031 WISE_W1
59320.61151008 12.652 0.05 WISE_W2
59320.67683441 13.048 0.033 WISE_W1
59320.67683441 12.788 0.056 WISE_W2
59320.67696177 12.846 0.066 WISE_W2
59320.67696177 13.062 0.04 WISE_W1
59320.80761042 13.069 0.032 WISE_W1
59320.80761042 12.703 0.06 WISE_W2
59320.93838644 13.088 0.031 WISE_W1
59320.93838644 12.84 0.065 WISE_W2
59322.76184030017 19.06279945373535 0.1157760024070739 ZTF_r
59322.82322920021 19.40690040588379 0.131399005651474 ZTF_g
59324.87011570018 19.472299575805664 0.1463579982519149 ZTF_g
59326.10169051 12.885 0.081 WISE_W2
59326.10169051 13.172 0.039 WISE_W1
59326.16701486 12.821 0.057 WISE_W2
59326.16701486 13.078 0.033 WISE_W1
59326.16714218 12.92 0.083 WISE_W2
59326.16714218 12.987 0.043 WISE_W1
59328.7525231 19.07349967956543 0.1288769990205764 ZTF_r
59328.82185189985 19.49220085144043 0.2552309930324554 ZTF_g
59334.8231366002 19.096399307250977 0.1522630006074905 ZTF_r
59336.764872699976 19.473209381103516 0.1493439972400665 ZTF_g
59336.764872699976 19.47319984436035 0.1493439972400665 ZTF_g
59336.764872699976 19.47319984436035 0.1493439972400665 ZTF_g
59339.7432754999 19.44610023498535 0.1177330017089843 ZTF_g
59341.74439809984 19.18370056152344 0.1694770008325576 ZTF_r
59341.80524310004 19.356300354003903 0.1170630007982254 ZTF_g
59343.7624884001 19.294599533081055 0.1043360009789466 ZTF_g
59345.7021643999 19.0674991607666 0.1173729971051216 ZTF_r
59345.86861110013 19.397300720214844 0.1301310062408447 ZTF_g
59348.852916699834 19.37689971923828 0.1255020052194595 ZTF_g
59352.699432900175 19.439199447631836 0.2086640000343322 ZTF_g
59354.762581000105 18.90279960632324 0.1328870058059692 ZTF_r
59354.8442245 19.272899627685547 0.2141560018062591 ZTF_g
59361.80133099994 19.316999435424805 0.1682649999856948 ZTF_g
59365.806053199805 19.522899627685547 0.1284659951925277 ZTF_g
59367.80662039993 19.393699645996097 0.1489080041646957 ZTF_g
59367.8675694 19.0487003326416 0.120178997516632 ZTF_r
59369.69619210018 19.22330093383789 0.131970003247261 ZTF_r
59369.719722200185 19.498899459838867 0.1251370012760162 ZTF_g
59371.699780100025 19.4153995513916 0.1374460011720657 ZTF_g
59373.72247690009 19.128700256347656 0.1518010050058365 ZTF_r
59373.841550900135 19.333099365234375 0.1662849932909011 ZTF_g
59375.73958329996 19.14349937438965 0.1049270033836364 ZTF_r
59375.783738399856 19.435199737548828 0.158963993191719 ZTF_g
59377.846319399774 19.43709945678711 0.1265919953584671 ZTF_g
59379.69766200008 19.36370086669922 0.1341509968042373 ZTF_g
59379.84320600005 19.197999954223633 0.1469669938087463 ZTF_r
59381.8703240999 19.24690055847168 0.1793940067291259 ZTF_r
59383.76865739981 19.523099899291992 0.2107210010290146 ZTF_g
59385.80262729991 19.295799255371097 0.2136150002479553 ZTF_g
59387.84158559982 19.243999481201172 0.2210640013217926 ZTF_g
59391.74254629994 19.482900619506836 0.2271499931812286 ZTF_g
59393.80329860002 19.40489959716797 0.2030179947614669 ZTF_g
59395.76363429986 19.34630012512207 0.1682530045509338 ZTF_g
59400.720000000205 19.29210090637207 0.1660879999399185 ZTF_r
59409.72152779997 19.33489990234375 0.1620720028877258 ZTF_g
59412.719722200185 19.10965919494629 0.205838993191719 ZTF_r
59528.38527067 13.31 0.054 WISE_W1
59528.38527067 12.857 0.07 WISE_W2
59528.51591943 13.048 0.03 WISE_W1
59528.51591943 12.77 0.055 WISE_W2
59528.64656814 13.083 0.029 WISE_W1
59528.64656814 12.848 0.067 WISE_W2
59528.71189253 13.078 0.03 WISE_W1
59528.71189253 12.777 0.055 WISE_W2
59528.77721693 12.82 0.052 WISE_W2
59528.77721693 13.08 0.031 WISE_W1
59528.8426686 13.064 0.03 WISE_W1
59528.8426686 12.815 0.053 WISE_W2
59528.90799295 12.775 0.068 WISE_W2
59528.90799295 13.028 0.032 WISE_W1
59528.97331736 13.04 0.03 WISE_W1
59528.97331736 12.771 0.058 WISE_W2
59529.03864167 13.076 0.031 WISE_W1
59529.03864167 12.793 0.074 WISE_W2
59529.10396606 13.067 0.03 WISE_W1
59529.10396606 12.826 0.059 WISE_W2
59529.23474213 12.74 0.053 WISE_W2
59529.23474213 13.075 0.033 WISE_W1
59529.30006648 13.033 0.031 WISE_W1
59529.30006648 12.805 0.068 WISE_W2
59529.36539083 13.062 0.08 WISE_W2
59529.36539083 13.157 0.03 WISE_W1
59529.43071523 13.585 0.224 WISE_W2
59529.43071523 13.106 0.031 WISE_W1
59529.56149126 13.095 0.036 WISE_W1
59529.56149126 13.006 0.088 WISE_W2
59529.62681561 13.074 0.035 WISE_W1
59529.62681561 12.821 0.061 WISE_W2
59529.69214001 13.023 0.029 WISE_W1
59529.69214001 12.933 0.084 WISE_W2
59529.75746436 13.005 0.099 WISE_W2
59529.75746436 13.053 0.034 WISE_W1
59529.82278872 12.867 0.059 WISE_W2
59529.82278872 13.047 0.035 WISE_W1
59529.82291608 12.857 0.057 WISE_W2
59529.82291608 13.068 0.033 WISE_W1
59529.88824043 13.01 0.093 WISE_W2
59529.88824043 13.089 0.035 WISE_W1
59529.95356484 13.131 0.032 WISE_W1
59529.95356484 12.901 0.057 WISE_W2
59530.01888914 12.751 0.072 WISE_W2
59530.01888914 13.037 0.042 WISE_W1
59530.14953789 12.802 0.063 WISE_W2
59530.14953789 13.065 0.033 WISE_W1
59530.28031443 13.067 0.033 WISE_W1
59530.28031443 12.69 0.06 WISE_W2
59530.41096319 12.85 0.063 WISE_W2
59530.41096319 13.111 0.033 WISE_W1
59531.987442099955 19.503000259399418 0.1702809929847717 ZTF_g
59551.01099540014 18.936229705810547 0.1225109994411468 ZTF_r
59622.96504630009 19.187999725341797 0.1662019938230514 ZTF_g
59623.028819399886 18.882400512695312 0.1419409960508346 ZTF_r
59625.01275460003 19.656999588012695 0.2277899980545044 ZTF_g
59630.0184491002 19.10460090637207 0.1488039940595626 ZTF_r
59636.971817099955 19.203699111938477 0.0989629998803138 ZTF_r
59636.99366899999 19.122100830078125 0.1550350040197372 ZTF_g
59639.76140049985 19.111299514770508 0.1280950009822845 ZTF_r
59641.80434030015 19.205089569091797 0.130621001124382 ZTF_r
59671.86780089978 19.176000595092773 0.1291369944810867 ZTF_r
59671.86780089978 19.206100463867188 0.1258610039949417 ZTF_r
59671.934456000105 19.347700119018555 0.1175139993429184 ZTF_g
59671.934456000105 19.34550094604492 0.1159920021891594 ZTF_g
59674.88564810017 19.486000061035156 0.1291950047016143 ZTF_g
59674.95046300022 19.17569923400879 0.1344629973173141 ZTF_r
59676.894872699864 19.32889938354492 0.149068996310234 ZTF_g
59676.9551736 19.196300506591797 0.1182269975543022 ZTF_r
59678.83028940018 19.462099075317383 0.1453160047531128 ZTF_g
59682.71901619993 19.465099334716797 0.220097005367279 ZTF_g
59682.799328700174 19.15559959411621 0.1614239960908889 ZTF_r
59684.80777780013 19.687599182128903 0.2776359915733337 ZTF_g
59686.12503757 12.759 0.055 WISE_W2
59686.12503757 13.03 0.03 WISE_W1
59686.25555899 13.117 0.037 WISE_W1
59686.25555899 12.869 0.069 WISE_W2
59686.25568631 12.686 0.076 WISE_W2
59686.25568631 12.965 0.032 WISE_W1
59686.38620769 13.041 0.03 WISE_W1
59686.38620769 12.743 0.057 WISE_W2
59686.45140475 12.789 0.056 WISE_W2
59686.45140475 13.062 0.033 WISE_W1
59686.45153211 12.772 0.057 WISE_W2
59686.45153211 12.996 0.033 WISE_W1
59686.51672916 13.018 0.039 WISE_W1
59686.51672916 12.796 0.056 WISE_W2
59686.58205353 12.849 0.071 WISE_W2
59686.58205353 13.062 0.032 WISE_W1
59686.64725059 12.983 0.037 WISE_W1
59686.64725059 12.805 0.059 WISE_W2
59686.71257495 12.711 0.053 WISE_W2
59686.71257495 13.044 0.031 WISE_W1
59686.77789938 13.199 0.039 WISE_W1
59686.77789938 12.771 0.081 WISE_W2
59686.84309639 13.025 0.032 WISE_W1
59686.84309639 12.862 0.06 WISE_W2
59686.90842075 12.709 0.06 WISE_W2
59686.90842075 13.049 0.032 WISE_W1
59686.97374517 12.827 0.055 WISE_W2
59686.97374517 13.101 0.033 WISE_W1
59687.03894223 13.026 0.037 WISE_W1
59687.03894223 12.833 0.054 WISE_W2
59687.1042666 13.135 0.036 WISE_W1
59687.1042666 12.854 0.068 WISE_W2
59687.16959102 13.032 0.029 WISE_W1
59687.16959102 12.844 0.063 WISE_W2
59687.23478803 13.067 0.032 WISE_W1
59687.23478803 12.811 0.057 WISE_W2
59687.3001124 12.909 0.076 WISE_W2
59687.3001124 13.057 0.032 WISE_W1
59687.36543677 13.056 0.03 WISE_W1
59687.36543677 12.783 0.051 WISE_W2
59687.43063382 13.051 0.031 WISE_W1
59687.43063382 12.81 0.059 WISE_W2
59687.49595824 13.077 0.032 WISE_W1
59687.49595824 12.709 0.069 WISE_W2
59687.56128257 12.813 0.056 WISE_W2
59687.56128257 13.057 0.033 WISE_W1
59687.62647957 13.107 0.03 WISE_W1
59687.62647957 12.859 0.057 WISE_W2
59687.69180399 13.032 0.033 WISE_W1
59687.69180399 12.787 0.058 WISE_W2
59687.757001 13.046 0.032 WISE_W1
59687.757001 12.804 0.062 WISE_W2
59687.75712832 12.995 0.043 WISE_W1
59687.75712832 12.851 0.073 WISE_W2
59687.87836810015 19.045799255371097 0.140867993235588 ZTF_r
59687.88764979 13.047 0.029 WISE_W1
59687.88764979 12.765 0.058 WISE_W2
59688.01817122 13.049 0.03 WISE_W1
59688.01817122 12.824 0.053 WISE_W2
59689.89412039984 19.025999069213867 0.1883839964866638 ZTF_r
59693.77940970007 19.142200469970703 0.100720003247261 ZTF_r
59693.94342589984 19.543100357055664 0.1615390032529831 ZTF_g
59697.76046299981 19.479000091552734 0.1506900042295456 ZTF_g
59699.81834489992 19.072399139404297 0.1120340004563331 ZTF_r
59699.96464119991 19.45439910888672 0.1745499968528747 ZTF_g
59702.85238429997 19.088300704956055 0.1173639968037605 ZTF_r
59707.73869210016 19.223499298095703 0.1301389932632446 ZTF_r
59707.782349499874 18.99570083618164 0.1307779997587204 ZTF_r
59709.77953700023 19.272300720214844 0.1441770046949386 ZTF_r
59709.85063660005 18.96780014038086 0.1308120042085647 ZTF_r
59711.744085600134 19.539600372314453 0.1992149949073791 ZTF_g
59711.7870139 19.12619972229004 0.1745699942111969 ZTF_r
59719.74703700002 19.194599151611328 0.0937509983777999 ZTF_r
59722.82543980004 19.373199462890625 0.1437319964170456 ZTF_g
59722.82543980004 19.373199462890625 0.1437319964170456 ZTF_g
59722.930995400064 19.532499313354492 0.1571570038795471 ZTF_g
59722.930995400064 19.53251075744629 0.1571570038795471 ZTF_g
59724.87129630009 19.47719955444336 0.1276929974555969 ZTF_g
59726.82471060008 19.59709930419922 0.139721006155014 ZTF_g
59729.90916670021 19.483699798583984 0.1434620022773742 ZTF_g
59732.76611110009 19.35379981994629 0.1334110051393509 ZTF_g
59734.701273099985 19.494699478149418 0.1648270040750503 ZTF_g
59736.77887730021 19.43950080871582 0.1647219955921173 ZTF_g
59738.7797801001 19.120899200439453 0.1438219994306564 ZTF_r
59740.70460649999 19.423200607299805 0.2042369991540908 ZTF_r
59742.8463773001 19.4601993560791 0.2354760020971298 ZTF_g
59747.70520830015 19.32749938964844 0.1493290066719055 ZTF_r
59747.80629630014 19.388900756835938 0.1926629990339279 ZTF_g
59749.7583217998 19.4862003326416 0.1700239926576614 ZTF_g
59751.826307899784 19.49099922180176 0.1360819935798645 ZTF_g
59756.77982639987 19.487499237060547 0.1940619945526123 ZTF_g
59761.80230320012 19.44179916381836 0.1299059987068176 ZTF_g
59763.72020829981 19.46269989013672 0.1391330063343048 ZTF_g
59765.72290509986 19.192399978637695 0.1207790002226829 ZTF_r
59765.76682869997 19.67461585998535 0.1630691736936569 ZTF_g
59892.70561682 12.625 0.052 WISE_W2
59892.70561682 13.064 0.07 WISE_W1
59892.83588354 12.966 0.028 WISE_W1
59892.83588354 12.674 0.05 WISE_W2
59892.96627763 12.685 0.066 WISE_W2
59892.96627763 13.026 0.029 WISE_W1
59893.0313473 12.62 0.045 WISE_W2
59893.0313473 12.865 0.036 WISE_W1
59893.03147462 12.94 0.04 WISE_W1
59893.03147462 12.546 0.048 WISE_W2
59893.09654435 12.784 0.056 WISE_W2
59893.09654435 13.175 0.031 WISE_W1
59893.16174139 12.642 0.053 WISE_W2
59893.16174139 12.946 0.029 WISE_W1
59893.22693844 13.035 0.032 WISE_W1
59893.22693844 12.815 0.068 WISE_W2
59893.29213543 12.984 0.029 WISE_W1
59893.29213543 12.559 0.071 WISE_W2
59893.35720516 13.017 0.034 WISE_W1
59893.35720516 12.588 0.049 WISE_W2
59893.42240225 12.845 0.08 WISE_W2
59893.42240225 13.04 0.03 WISE_W1
59893.48759925 12.987 0.029 WISE_W1
59893.48759925 12.598 0.061 WISE_W2
59893.55266897 12.598 0.053 WISE_W2
59893.55266897 12.992 0.032 WISE_W1
59893.61786602 12.623 0.049 WISE_W2
59893.61786602 12.966 0.034 WISE_W1
59893.68306306 13.118 0.037 WISE_W1
59893.68306306 12.69 0.065 WISE_W2
59893.74813273 12.747 0.07 WISE_W2
59893.74813273 12.999 0.037 WISE_W1
59893.81332983 12.578 0.057 WISE_W2
59893.81332983 12.973 0.03 WISE_W1
59893.87852686 12.981 0.03 WISE_W1
59893.87852686 12.689 0.068 WISE_W2
59893.94372387 12.794 0.093 WISE_W2
59893.94372387 12.986 0.031 WISE_W1
59894.00879359 12.592 0.059 WISE_W2
59894.00879359 13.023 0.033 WISE_W1
59894.0089209 12.663 0.049 WISE_W2
59894.0089209 12.927 0.032 WISE_W1
59894.07399064 12.408 0.054 WISE_W2
59894.07399064 13.025 0.035 WISE_W1
59894.20438468 12.599 0.05 WISE_W2
59894.20438468 12.993 0.029 WISE_W1
59894.26958167 12.694 0.061 WISE_W2
59894.26958167 12.942 0.031 WISE_W1
59894.33465139 12.776 0.078 WISE_W2
59894.33465139 13.034 0.034 WISE_W1
59894.46504543 13.099 0.031 WISE_W1
59894.46504543 12.571 0.054 WISE_W2
59894.59531215 12.949 0.037 WISE_W1
59894.59531215 12.69 0.051 WISE_W2
59897.02680560015 19.036500930786133 0.1374679952859878 ZTF_r
59899.54837801 12.574 0.049 WISE_W2
59899.54837801 12.991 0.031 WISE_W1
59899.61344773 13.005 0.037 WISE_W1
59899.61344773 12.781 0.053 WISE_W2
59899.61357505 12.53 0.06 WISE_W2
59899.61357505 13.022 0.034 WISE_W1
59900.993506900035 19.35260009765625 0.2484100013971328 ZTF_g
59901.0143519002 19.02151870727539 0.1483451575040817 ZTF_r
59933.932129600085 19.467300415039062 0.2330510020256042 ZTF_g
59935.889675899874 19.38374900817871 0.1202572733163833 ZTF_g
59937.89395829989 19.305999755859375 0.1708399951457977 ZTF_r
59966.90746530006 19.229400634765625 0.1591909974813461 ZTF_g
60020.98900459986 19.299999237060547 0.1131659969687461 ZTF_g
60029.89124999987 19.433595657348633 0.1897652298212051 ZTF_g
60050.1448262 12.803 0.054 WISE_W2
60050.1448262 12.954 0.028 WISE_W1
60050.27483824 12.977 0.032 WISE_W1
60050.27483824 12.669 0.056 WISE_W2
60050.404723 12.946 0.029 WISE_W1
60050.404723 12.673 0.049 WISE_W2
60050.53422568 12.931 0.032 WISE_W1
60050.53422568 12.65 0.084 WISE_W2
60050.59967735 12.974 0.03 WISE_W1
60050.59967735 12.92 0.072 WISE_W2
60050.66461971 12.614 0.053 WISE_W2
60050.66461971 12.984 0.031 WISE_W1
60050.72956207 12.741 0.066 WISE_W2
60050.72956207 12.945 0.032 WISE_W1
60050.79450443 12.986 0.042 WISE_W1
60050.79450443 12.791 0.055 WISE_W2
60050.85957411 12.984 0.032 WISE_W1
60050.85957411 12.587 0.049 WISE_W2
60050.92451652 12.694 0.065 WISE_W2
60050.92451652 12.922 0.034 WISE_W1
60050.98945944 12.726 0.052 WISE_W2
60050.98945944 12.95 0.033 WISE_W1
60051.05440181 12.995 0.03 WISE_W1
60051.05440181 12.734 0.052 WISE_W2
60051.11896216 12.941 0.03 WISE_W1
60051.11896216 12.659 0.054 WISE_W2
60051.18441389 12.692 0.053 WISE_W2
60051.18441389 13.009 0.033 WISE_W1
60051.2493562 12.683 0.057 WISE_W2
60051.2493562 13.015 0.032 WISE_W1
60051.31429855 12.977 0.029 WISE_W1
60051.31429855 12.717 0.051 WISE_W2
60051.37924096 12.644 0.061 WISE_W2
60051.37924096 13.059 0.042 WISE_W1
60051.44418332 12.907 0.037 WISE_W1
60051.44418332 12.536 0.047 WISE_W2
60051.44431068 13.023 0.035 WISE_W1
60051.44431068 12.751 0.069 WISE_W2
60051.50874365 12.964 0.029 WISE_W1
60051.50874365 12.638 0.059 WISE_W2
60051.57368601 12.948 0.028 WISE_W1
60051.57368601 12.695 0.052 WISE_W2
60051.63913772 12.95 0.029 WISE_W1
60051.63913772 12.586 0.05 WISE_W2
60051.70408003 12.7 0.061 WISE_W2
60051.70408003 12.942 0.032 WISE_W1
60051.76914976 12.963 0.029 WISE_W1
60051.76914976 12.688 0.053 WISE_W2
60051.83409212 12.671 0.053 WISE_W2
60051.83409212 12.99 0.029 WISE_W1
60051.89903443 12.764 0.063 WISE_W2
60051.89903443 12.928 0.028 WISE_W1
60052.0289192 12.664 0.052 WISE_W2
60052.0289192 12.972 0.032 WISE_W1
60052.02904656 12.634 0.053 WISE_W2
60052.02904656 12.89 0.029 WISE_W1
60052.15842192 12.817 0.065 WISE_W2
60052.15842192 12.949 0.029 WISE_W1
60060.900937499944 19.682600021362305 0.2204760015010833 ZTF_g
60076.7894444 19.487499237060547 0.1573050022125244 ZTF_g
60078.86835649982 19.533300399780273 0.1486500054597854 ZTF_g
60086.766018500086 19.35409927368164 0.1345870047807693 ZTF_g
60090.78364579985 19.54789924621582 0.1564580053091049 ZTF_g
60092.82362269983 19.736900329589844 0.2472719997167587 ZTF_g
60098.80443290016 19.15290069580078 0.1804060041904449 ZTF_r
60104.75835649995 19.547700881958008 0.174013003706932 ZTF_g
60109.78819439979 19.52549934387207 0.1202600002288818 ZTF_g
60112.75925929984 19.136199951171875 0.1549710035324096 ZTF_r
60115.76105319988 19.307600021362305 0.1107999980449676 ZTF_g
60115.802766200155 19.075199127197266 0.1349390000104904 ZTF_r
60117.77341439994 19.63570022583008 0.1725450009107589 ZTF_g
60119.73643520009 19.60810089111328 0.1323900073766708 ZTF_g
60121.712881899904 19.167400360107425 0.1183549985289573 ZTF_r
60123.76027779979 19.443199157714844 0.1421560049057006 ZTF_g
60124.77277779998 19.693099975585938 0.2077980041503906 ZTF_g
60126.70574070001 19.543025970458984 0.1819618046283722 ZTF_g
60164.684652800206 19.457185745239254 0.1545248329639434 ZTF_g
60250.022060200106 18.998899459838867 0.2221660017967224 ZTF_g
60259.72591409 13.003 0.029 WISE_W1
60259.72591409 12.743 0.062 WISE_W2
60259.85516207 12.683 0.05 WISE_W2
60259.85516207 13.012 0.029 WISE_W1
60259.98441005 12.977 0.029 WISE_W1
60259.98441005 12.75 0.056 WISE_W2
60260.24290605 13.12 0.032 WISE_W1
60260.24290605 12.773 0.057 WISE_W2
60260.30759363 13.006 0.029 WISE_W1
60260.30759363 12.823 0.074 WISE_W2
60260.37215399 12.988 0.03 WISE_W1
60260.37215399 12.721 0.059 WISE_W2
60260.43684161 12.635 0.052 WISE_W2
60260.43684161 13.028 0.031 WISE_W1
60260.56608964 12.776 0.062 WISE_W2
60260.56608964 13.059 0.029 WISE_W1
60260.63064995 12.668 0.053 WISE_W2
60260.63064995 12.98 0.031 WISE_W1
60260.69533762 12.699 0.052 WISE_W2
60260.69533762 13.005 0.03 WISE_W1
60260.75989797 13.022 0.034 WISE_W1
60260.75989797 12.759 0.062 WISE_W2
60260.8245856 12.758 0.061 WISE_W2
60260.8245856 13.032 0.029 WISE_W1
60260.88914596 13.013 0.038 WISE_W1
60260.88914596 12.672 0.057 WISE_W2
60260.95383363 13.015 0.03 WISE_W1
60260.95383363 12.622 0.07 WISE_W2
60261.01928535 12.907 0.037 WISE_W1
60261.01928535 12.732 0.065 WISE_W2
60261.08384569 12.723 0.063 WISE_W2
60261.08384569 13.09 0.034 WISE_W1
60261.21309368 12.988 0.037 WISE_W1
60261.21309368 12.745 0.058 WISE_W2
60261.213221 13.014 0.035 WISE_W1
60261.213221 12.738 0.054 WISE_W2
60261.27778135 12.597 0.055 WISE_W2
60261.27778135 12.97 0.029 WISE_W1
60261.34246897 12.674 0.054 WISE_W2
60261.34246897 13.031 0.03 WISE_W1
60261.60096556 12.542 0.06 WISE_W2
60261.60096556 12.974 0.029 WISE_W1
60264.01358800009 18.933500289916992 0.2115190029144287 ZTF_r
60287.93248840002 19.354400634765625 0.2448109984397888 ZTF_g
60287.948078699876 18.956600189208984 0.1669559925794601 ZTF_r
60291.95208329987 19.288000106811523 0.1259050071239471 ZTF_g
60292.03211810021 18.944499969482425 0.0937049984931945 ZTF_r
60311.98615740007 19.46179962158203 0.1661050021648407 ZTF_g
60315.89127309993 19.136699676513672 0.1361269950866699 ZTF_r
60315.97148150019 18.874799728393555 0.116238996386528 ZTF_r
60323.9467823999 19.474899291992188 0.1752749979496002 ZTF_g
60324.01567129977 18.872400283813477 0.1157760024070739 ZTF_r
60326.990289399866 19.457799911499023 0.2270369976758957 ZTF_g
60341.77902780008 19.600400924682617 0.2122150063514709 ZTF_g
60352.893344900105 19.22450065612793 0.1375380009412765 ZTF_r
60353.01072920021 19.298500061035156 0.1304280012845993 ZTF_g
60357.02027780004 19.32943344116211 0.149564504623413 ZTF_g
60363.78211810021 19.105899810791016 0.2219399958848953 ZTF_r
60391.7416782002 19.14879989624023 0.1584790050983429 ZTF_r
60391.826817099936 19.388999938964844 0.1685609966516494 ZTF_g
60396.851446799934 18.993499755859375 0.1096270009875297 ZTF_r
60398.89348379988 19.08329963684082 0.1455679982900619 ZTF_r
60404.78415510012 18.935199737548828 0.0939619988203048 ZTF_r
60404.82521989988 19.27330017089844 0.1456239968538284 ZTF_g
60408.826747700106 19.419700622558594 0.1544850021600723 ZTF_g
60408.95660880022 18.926300048828125 0.1561120003461837 ZTF_r
60413.9067592998 19.09410095214844 0.1232360005378723 ZTF_r
60414.3656539 13.035 0.031 WISE_W1
60414.3656539 12.967 0.076 WISE_W2
60414.49362851 13.058 0.039 WISE_W1
60414.49362851 12.83 0.061 WISE_W2
60414.49375587 13.017 0.034 WISE_W1
60414.49375587 12.845 0.061 WISE_W2
60414.62262187 12.914 0.077 WISE_W2
60414.62262187 13.008 0.035 WISE_W1
60414.68692751 12.79 0.055 WISE_W2
60414.68692751 13.092 0.031 WISE_W1
60414.75123319 12.693 0.056 WISE_W2
60414.75123319 13.11 0.041 WISE_W1
60414.81541147 13.054 0.03 WISE_W1
60414.81541147 12.884 0.073 WISE_W2
60414.87971715 13.081 0.033 WISE_W1
60414.87971715 12.773 0.058 WISE_W2
60414.94389547 13.009 0.033 WISE_W1
60414.94389547 12.8 0.086 WISE_W2
60415.00820116 12.904 0.072 WISE_W2
60415.00820116 13.024 0.032 WISE_W1
60415.07225212 12.736 0.069 WISE_W2
60415.07225212 12.947 0.046 WISE_W1
60415.13604845 12.81 0.065 WISE_W2
60415.13604845 13.071 0.03 WISE_W1
60415.20035404 12.813 0.061 WISE_W2
60415.20035404 13.043 0.034 WISE_W1
60415.26504167 13.122 0.034 WISE_W1
60415.26504167 12.993 0.082 WISE_W2
60415.32921994 12.89 0.06 WISE_W2
60415.32921994 13.144 0.037 WISE_W1
60415.3293473 13.055 0.033 WISE_W1
60415.3293473 12.913 0.065 WISE_W2
60415.39352563 13.244 0.033 WISE_W1
60415.39352563 13.061 0.072 WISE_W2
60415.45783127 12.727 0.064 WISE_W2
60415.45783127 13.099 0.034 WISE_W1
60415.52150023 12.868 0.076 WISE_W2
60415.52150023 13.07 0.03 WISE_W1
60415.58631523 12.773 0.068 WISE_W2
60415.58631523 13.065 0.031 WISE_W1
60415.65049351 13.026 0.029 WISE_W1
60415.65049351 12.948 0.082 WISE_W2
60415.71479919 13.079 0.031 WISE_W1
60415.71479919 12.795 0.059 WISE_W2
60415.77897751 13.043 0.034 WISE_W1
60415.77897751 12.834 0.059 WISE_W2
60415.84328315 13.082 0.034 WISE_W1
60415.84328315 12.86 0.063 WISE_W2
60415.90746147 12.782 0.068 WISE_W2
60415.90746147 13.024 0.029 WISE_W1
60415.97176772 13.154 0.031 WISE_W1
60415.97176772 12.986 0.067 WISE_W2
60416.10025168 13.138 0.036 WISE_W1
60416.10025168 12.871 0.066 WISE_W2
60416.22873564 13.15 0.034 WISE_W1
60416.22873564 12.853 0.063 WISE_W2
60416.35721961 13.251 0.038 WISE_W1
60416.35721961 13.051 0.073 WISE_W2
60417.84473379981 19.36429977416992 0.1363189965486526 ZTF_g
60418.09156242 13.045 0.039 WISE_W1
60418.09156242 12.879 0.064 WISE_W2
60418.15535874 13.157 0.045 WISE_W1
60418.15535874 12.815 0.072 WISE_W2
60418.21966433 12.892 0.068 WISE_W2
60418.21966433 13.322 0.043 WISE_W1
60418.28435201 13.454 0.036 WISE_W1
60418.28435201 13.017 0.08 WISE_W2
60418.34853024 13.06 0.03 WISE_W1
60418.34853024 12.705 0.073 WISE_W2
60418.41283593 12.705 0.076 WISE_W2
60418.41283593 13.071 0.03 WISE_W1
60418.4770142 12.927 0.075 WISE_W2
60418.4770142 13.152 0.032 WISE_W1
60418.54055583 13.033 0.034 WISE_W1
60418.54055583 12.808 0.059 WISE_W2
60418.54068316 13.147 0.033 WISE_W1
60418.54068316 12.815 0.064 WISE_W2
60418.60537079 13.055 0.033 WISE_W1
60418.60537079 12.856 0.059 WISE_W2
60418.66954911 13.03 0.036 WISE_W1
60418.66954911 12.537 0.082 WISE_W2
60418.73372743 13.082 0.034 WISE_W1
60418.73372743 12.891 0.06 WISE_W2
60418.73385475 13.068 0.032 WISE_W1
60418.73385475 12.916 0.062 WISE_W2
60418.79803307 12.882 0.087 WISE_W2
60418.79803307 13.065 0.031 WISE_W1
60418.86221139 12.908 0.073 WISE_W2
60418.86221139 13.048 0.031 WISE_W1
60418.92651703 13.12 0.031 WISE_W1
60418.92651703 12.786 0.056 WISE_W2
60419.05500098 12.772 0.061 WISE_W2
60419.05500098 13.086 0.031 WISE_W1
60419.18297559 13.095 0.035 WISE_W1
60419.18297559 12.747 0.069 WISE_W2
60419.31184206 12.906 0.066 WISE_W2
60419.31184206 13.218 0.032 WISE_W1
60419.78528939979 19.272300720214844 0.164680004119873 ZTF_g
60429.74957180023 19.468599319458008 0.1318259984254837 ZTF_g
60431.79855319997 19.363000869750977 0.1798779964447021 ZTF_g
60433.8463078998 19.516599655151367 0.1540189981460571 ZTF_g
60437.740891200025 19.185800552368164 0.1140220016241073 ZTF_r
60437.807708300184 19.275800704956055 0.1552120000123977 ZTF_g
60438.80547450017 19.388900756835938 0.152221992611885 ZTF_g
60439.77858800022 19.1033992767334 0.1131199970841407 ZTF_r
60439.80552079994 19.402099609375 0.1542620062828064 ZTF_g
60441.86542819999 19.324499130249023 0.1111449971795082 ZTF_g
60445.7808681 19.528499603271484 0.1678960025310516 ZTF_g
60447.76335649984 19.205299377441406 0.1478240042924881 ZTF_g
60455.70693290001 19.430500030517575 0.2236379981040954 ZTF_g
60459.74072920019 19.341800689697266 0.1821960061788559 ZTF_g
60459.86140049994 19.24920082092285 0.1161789968609809 ZTF_r
60461.742083299905 19.4158992767334 0.1348460018634796 ZTF_g
60463.80093749985 19.39929962158203 0.1276790052652359 ZTF_g
60471.78767360002 19.025800704956055 0.1016189977526664 ZTF_r
60473.70023149997 19.251100540161133 0.1613720059394836 ZTF_g
60475.70342590008 19.46489906311035 0.1673309952020645 ZTF_g
60477.80530089978 18.977163314819336 0.111330859363079 ZTF_r
60527.69651619997 18.17569923400879 0.0855259969830513 ZTF_g
60532.722094899975 17.87190055847168 0.0519619993865489 ZTF_g
60533.67510419991 17.695499420166016 0.054611999541521 ZTF_r
60533.72042819997 17.811628341674805 0.0638544708490371 ZTF_g
60627.99496529997 16.174400329589844 0.029721999540925 ZTF_g
60628.03162040003 15.849499702453612 0.0238300003111362 ZTF_r
60631.98734949995 16.13520050048828 0.0282659996300935 ZTF_g
60632.01174770016 15.865900039672852 0.0341020002961158 ZTF_r
60634.03180560004 16.20159912109375 0.0285080000758171 ZTF_g
60636.00869210018 16.17289924621582 0.0258389990776777 ZTF_g
60636.036006900016 15.850199699401855 0.0414769984781742 ZTF_r
60638.03530090023 15.89080047607422 0.0330090001225471 ZTF_r
60645.95393519988 16.128799438476562 0.1056329980492591 ZTF_r
60647.94913189998 16.19179916381836 0.0292670000344514 ZTF_g
60648.039189800154 15.974900245666504 0.0356209985911846 ZTF_r
60649.94594909996 16.196500778198242 0.0421830005943775 ZTF_g
60652.03700229991 16.240400314331055 0.0293460004031658 ZTF_g
60654.038946799934 15.961400032043455 0.0312009993940591 ZTF_r
60659.9912963002 16.273099899291992 0.0418009981513023 ZTF_g
60660.0092823999 15.936699867248535 0.0273839998990297 ZTF_r
60664.93342590006 16.246999740600586 0.0319459997117519 ZTF_g
60665.00049770018 15.990400314331056 0.0362580008804798 ZTF_r
60666.95388890011 16.29360008239746 0.0403699986636638 ZTF_g
60668.953298599925 16.00550079345703 0.038001999258995 ZTF_r
60676.86427079979 16.371000289916992 0.0328320004045963 ZTF_g
60676.86427079979 16.371000289916992 0.0328320004045963 ZTF_g
60679.02908559982 16.04050064086914 0.0327019989490509 ZTF_r
60680.85336809978 16.406700134277344 0.0594340004026889 ZTF_g
60680.86929399986 16.132600784301758 0.0427940003573894 ZTF_r
60687.843055599835 16.17449951171875 0.0380459986627101 ZTF_r
60687.94913189998 16.520299911499023 0.0429060012102127 ZTF_g
60689.88255790016 16.223400115966797 0.0628139972686767 ZTF_r
60691.82271989994 16.51420021057129 0.0339480005204677 ZTF_g
60691.88651619991 16.155099868774414 0.0407299995422363 ZTF_r
60693.944791700225 16.513099670410156 0.0354649983346462 ZTF_g
60693.992581000086 16.170000076293945 0.0277449991554021 ZTF_r
60695.91392360022 16.490299224853516 0.0308689996600151 ZTF_g
60698.92644680012 16.56410026550293 0.0483720004558563 ZTF_g
60706.02951390017 16.57309913635254 0.0321479998528957 ZTF_g
60715.952048600186 16.28350067138672 0.0856230035424232 ZTF_r
60716.04160880018 16.634199142456055 0.0904280021786689 ZTF_g
60723.83920140006 16.34819984436035 0.0698060020804405 ZTF_r
60723.93407410011 16.608299255371094 0.0449419990181922 ZTF_g
60725.78405090002 16.664400100708008 0.0391549989581108 ZTF_g
60727.78331020009 16.671499252319336 0.0382549986243248 ZTF_g
60727.99821759993 16.360700607299805 0.0380089990794658 ZTF_r
60729.84672449995 16.65959930419922 0.0435619987547397 ZTF_g
60731.95086809993 16.667800903320312 0.0380069985985755 ZTF_g
60733.80769680021 16.666500091552734 0.0421239994466304 ZTF_g
60733.89395829989 16.310100555419922 0.0506470017135143 ZTF_r
60743.87516199984 16.382999420166016 0.039181999862194 ZTF_r
60750.851412000135 16.761999130249023 0.0414460003376007 ZTF_g
60753.86809029989 16.74959945678711 0.0308740008622407 ZTF_g
60753.87736110017 16.407899856567383 0.0407259985804557 ZTF_r
60755.80089120008 16.452499389648438 0.0361940003931522 ZTF_r
60755.8424769002 16.758499145507812 0.0424510017037391 ZTF_g
60757.86714120023 16.82379913330078 0.043538998812437 ZTF_g
60759.79384260019 16.82939910888672 0.0400089994072914 ZTF_g
60761.867418999784 16.85099983215332 0.0355769991874694 ZTF_g
60761.9442592999 16.50950050354004 0.0893620029091835 ZTF_r
60773.7146528 16.458900451660156 0.0371039994060993 ZTF_r
60773.80100690015 16.84830093383789 0.0382199995219707 ZTF_g
60775.84776620008 16.810400009155273 0.0434649996459484 ZTF_g
60780.7578125 16.825199127197266 0.045134998857975 ZTF_g
60780.81600689981 16.401199340820312 0.0463609993457794 ZTF_r
60787.75694439979 16.80139923095703 0.0334049984812736 ZTF_g
60789.77814809978 16.816999435424805 0.0372669994831085 ZTF_g
60796.82516200002 16.78070068359375 0.0399259999394416 ZTF_g
60803.89446760016 16.709299087524414 0.0472889989614486 ZTF_g
60805.78453700011 16.72410011291504 0.0327970013022422 ZTF_g
60807.79741899995 16.31905746459961 0.0373289845883846 ZTF_r
