MJD mag magerr band
57197.0939 15.265 0.06 Swift_UVW1
57197.095 15.382 0.056 Swift_U
57197.0957 16.833 0.06 Swift_B
57197.0974 15.555 0.066 Swift_UVW2
57197.0993 16.925 0.08 Swift_V
57197.1005 15.24 0.062 Swift_UVM2
57199.7838 15.344 0.061 Swift_UVW1
57199.7854 15.5 0.061 Swift_U
57199.7866 16.888 0.061 Swift_B
57199.7898 15.606 0.067 Swift_UVW2
57199.7923 16.903 0.081 Swift_V
57199.7948 15.316 0.062 Swift_UVM2
57201.8162 15.403 0.061 Swift_UVW1
57201.8173 15.477 0.059 Swift_U
57201.8181 16.926 0.062 Swift_B
57201.8196 15.764 0.067 Swift_UVW2
57201.8215 16.945 0.085 Swift_V
57201.8228 15.464 0.063 Swift_UVM2
57205.6334 15.539 0.061 Swift_UVW1
57205.6349 15.591 0.063 Swift_U
57205.6356 17.029 0.066 Swift_B
57205.6374 15.816 0.067 Swift_UVW2
57205.6397 17.052 0.091 Swift_V
57205.6422 15.559 0.06 Swift_UVM2
57208.661 15.724 0.062 Swift_UVW1
57208.6618 15.767 0.064 Swift_U
57208.6623 17.129 0.067 Swift_B
57208.6638 16.006 0.068 Swift_UVW2
57208.665 17.173 0.096 Swift_V
57208.6673 15.736 0.061 Swift_UVM2
57211.6555 15.809 0.063 Swift_UVW1
57211.6564 15.841 0.065 Swift_U
57211.657 17.132 0.068 Swift_B
57211.6586 16.129 0.069 Swift_UVW2
57211.66 17.125 0.096 Swift_V
57211.6625 15.912 0.062 Swift_UVM2
57214.6686 15.924 0.066 Swift_UVW1
57214.67 15.902 0.065 Swift_U
57214.6709 17.178 0.067 Swift_B
57214.6755 17.243 0.096 Swift_V
57214.6771 15.978 0.07 Swift_UVM2
57214.7096 15.967 0.082 Swift_UVW1
57214.7106 15.936 0.087 Swift_U
57214.7111 17.146 0.099 Swift_B
57214.7125 16.345 0.087 Swift_UVW2
57214.7139 17.339 0.18 Swift_V
57214.7158 16.125 0.079 Swift_UVM2
57216.3607 15.961 0.063 Swift_U
57216.4941 15.928 0.063 Swift_U
57216.5786 16.433 0.079 Swift_UVW2
57216.7598 15.964 0.062 Swift_U
57217.2487 16.442 0.066 Swift_UVW2
57217.6434 16.485 0.09 Swift_UVW2
57219.7891 16.238 0.071 Swift_UVW1
57219.8033 16.653 0.096 Swift_UVW2
57220.5238 16.146 0.06 Swift_U
57220.5385 16.592 0.09 Swift_UVW2
57221.6795 16.282 0.075 Swift_UVW1
57221.6813 16.046 0.075 Swift_U
57221.6822 17.381 0.085 Swift_B
57221.6849 16.615 0.079 Swift_UVW2
57221.6876 17.436 0.14 Swift_V
57221.692 16.498 0.07 Swift_UVM2
57223.5083 16.411 0.067 Swift_UVW1
57223.5101 16.243 0.069 Swift_U
57223.511 17.364 0.071 Swift_B
57223.5133 16.813 0.074 Swift_UVW2
57223.5161 17.364 0.104 Swift_V
57223.5195 16.657 0.066 Swift_UVM2
57226.5148 16.677 0.064 Swift_UVW1
57226.5159 16.415 0.061 Swift_U
57226.5167 17.464 0.061 Swift_B
57226.5207 17.479 0.078 Swift_V
57226.5226 16.907 0.069 Swift_UVM2
57229.2644 16.741 0.072 Swift_UVW1
57229.2652 16.489 0.072 Swift_U
57229.2656 17.5 0.075 Swift_B
57229.2672 17.157 0.078 Swift_UVW2
57229.2682 17.721 0.126 Swift_V
57229.2707 16.99 0.069 Swift_UVM2
57232.8935 16.962 0.075 Swift_UVW1
57232.8946 16.552 0.073 Swift_U
57232.8951 17.546 0.075 Swift_B
57232.8963 17.47 0.082 Swift_UVW2
57232.8979 17.571 0.115 Swift_V
57232.8995 17.25 0.073 Swift_UVM2
57241.1186 17.226 0.07 Swift_UVW1
57241.1205 16.685 0.067 Swift_U
57241.1215 17.708 0.068 Swift_B
57241.1244 17.745 0.078 Swift_UVW2
57241.1273 17.714 0.099 Swift_V
57241.1316 17.618 0.07 Swift_UVM2
57244.8784 17.408 0.082 Swift_UVW1
57244.8801 16.801 0.075 Swift_U
57244.881 17.802 0.079 Swift_B
57244.8839 17.964 0.09 Swift_UVW2
57244.8864 17.717 0.12 Swift_V
57244.8908 17.7 0.079 Swift_UVM2
57248.4679 17.428 0.073 Swift_UVW1
57248.4693 16.853 0.069 Swift_U
57248.47 17.773 0.069 Swift_B
57248.4721 18.098 0.083 Swift_UVW2
57248.4741 17.548 0.092 Swift_V
57248.4772 17.822 0.072 Swift_UVM2
57250.7014 17.306 0.11 Swift_UVW1
57250.7027 16.852 0.102 Swift_U
57250.7034 17.575 0.101 Swift_B
57250.7054 18.003 0.125 Swift_UVW2
57250.7074 17.4 0.157 Swift_V
57250.7105 17.891 0.113 Swift_UVM2
57253.6325 17.462 0.202 Swift_V
57253.6341 17.749 0.141 Swift_UVM2
57253.6677 17.478 0.098 Swift_UVW1
57253.6969 16.73 0.095 Swift_U
57253.6973 17.823 0.107 Swift_B
57253.6979 18.141 0.14 Swift_UVW2
57255.6621 17.724 0.107 Swift_V
57255.6647 18.015 0.106 Swift_UVM2
57255.6895 17.501 0.077 Swift_UVW1
57255.6912 16.959 0.067 Swift_U
57255.6924 17.826 0.067 Swift_B
57255.695 18.221 0.086 Swift_UVW2
57259.3996 17.594 0.097 Swift_UVW1
57259.4007 17.021 0.088 Swift_U
57259.4013 17.948 0.093 Swift_B
57259.4036 18.412 0.115 Swift_UVW2
57259.405 17.916 0.158 Swift_V
57259.4084 18.048 0.097 Swift_UVM2
57262.7266 17.529 0.077 Swift_UVW1
57262.7274 17.123 0.074 Swift_U
57262.7278 17.957 0.075 Swift_B
57262.7291 18.348 0.09 Swift_UVW2
57262.7303 17.75 0.104 Swift_V
57262.7322 18.124 0.079 Swift_UVM2
57265.5583 17.492 0.083 Swift_UVW1
57265.56 17.158 0.082 Swift_U
57265.561 17.962 0.083 Swift_B
57265.5618 18.505 0.215 Swift_UVW2
57268.7831 17.477 0.086 Swift_UVW1
57268.7844 17.063 0.082 Swift_U
57268.785 18.016 0.087 Swift_B
57268.7862 18.17 0.098 Swift_UVW2
57268.7883 17.673 0.122 Swift_V
57268.7893 18.072 0.106 Swift_UVM2
57272.5685 17.657 0.118 Swift_V
57272.5701 17.807 0.112 Swift_UVM2
57272.6007 17.376 0.076 Swift_UVW1
57272.6022 16.993 0.07 Swift_U
57272.6034 17.917 0.071 Swift_B
57272.6061 18.205 0.09 Swift_UVW2
57272.873 17.354 0.09 Swift_UVW1
57272.8743 17.056 0.089 Swift_U
57272.8749 17.942 0.093 Swift_B
57272.8767 18.129 0.105 Swift_UVW2
57272.8787 17.77 0.144 Swift_V
57272.8813 17.899 0.106 Swift_UVM2
57277.3295 17.591 0.084 Swift_UVM2
57277.3518 17.159 0.07 Swift_UVW1
57277.354 17.028 0.066 Swift_U
57277.3553 17.818 0.065 Swift_B
57277.3583 17.825 0.076 Swift_UVW2
57277.362 17.69 0.085 Swift_V
57282.8742 17.494 0.086 Swift_UVM2
57282.8766 17.145 0.075 Swift_UVW1
57282.878 16.917 0.07 Swift_U
57282.8809 17.742 0.08 Swift_UVW2
57283.405 17.34 0.082 Swift_UVM2
57283.4068 17.111 0.074 Swift_UVW1
57283.4079 16.987 0.07 Swift_U
57283.4095 17.787 0.081 Swift_UVW2
57284.3687 17.081 0.069 Swift_UVW1
57284.3699 17.022 0.071 Swift_U
57284.3705 17.932 0.072 Swift_B
57284.3721 17.704 0.077 Swift_UVW2
57284.3738 17.823 0.105 Swift_V
57284.3762 17.281 0.066 Swift_UVM2
57284.7694 17.119 0.074 Swift_UVW1
57284.7704 16.96 0.069 Swift_U
57284.771 17.979 0.072 Swift_B
57284.7725 17.712 0.079 Swift_UVW2
57284.7742 17.907 0.105 Swift_V
57284.8418 17.326 0.086 Swift_UVM2
57290.8666 17.333 0.08 Swift_UVM2
57290.8692 17.156 0.073 Swift_UVW1
57290.8707 16.976 0.069 Swift_U
57290.8733 17.64 0.077 Swift_UVW2
57293.5577 17.018 0.076 Swift_UVM2
57293.5617 16.996 0.072 Swift_UVW1
57293.5641 17.016 0.07 Swift_U
57293.5673 17.496 0.077 Swift_UVW2
57296.6213 17.058 0.074 Swift_UVM2
57296.6237 16.882 0.069 Swift_UVW1
57296.6253 17.056 0.069 Swift_U
57296.6274 17.487 0.075 Swift_UVW2
57298.6395 17.015 0.068 Swift_UVW1
57298.6415 16.927 0.07 Swift_U
57298.6424 18.161 0.077 Swift_B
57298.6449 17.469 0.074 Swift_UVW2
57298.6479 17.836 0.105 Swift_V
57298.6517 17.096 0.065 Swift_UVM2
57299.5105 17.154 0.077 Swift_UVM2
57299.5126 16.929 0.07 Swift_UVW1
57299.5139 17.016 0.07 Swift_U
57299.5157 17.449 0.075 Swift_UVW2
57302.5696 17.051 0.073 Swift_UVM2
57302.571 16.971 0.069 Swift_UVW1
57302.5719 16.962 0.068 Swift_U
57302.5733 17.488 0.075 Swift_UVW2
57305.4853 16.836 0.068 Swift_UVW1
57305.4871 16.911 0.067 Swift_U
57305.4881 18.039 0.07 Swift_B
57305.4897 17.268 0.072 Swift_UVW2
57305.4931 17.893 0.099 Swift_V
57305.4944 17.015 0.072 Swift_UVM2
57307.4468 16.886 0.072 Swift_UVW1
57307.4488 16.947 0.077 Swift_U
57307.4497 18.11 0.087 Swift_B
57307.4522 17.223 0.077 Swift_UVW2
57307.4552 17.946 0.134 Swift_V
57307.4586 16.961 0.069 Swift_UVM2
57309.6747 16.851 0.093 Swift_U
57309.6756 18.241 0.119 Swift_B
57309.6783 17.222 0.09 Swift_UVW2
57309.681 17.647 0.158 Swift_V
57309.6852 16.896 0.077 Swift_UVM2
57311.3045 16.786 0.075 Swift_UVW1
57311.3061 16.932 0.084 Swift_U
57311.3069 18.104 0.097 Swift_B
57311.3086 17.134 0.08 Swift_UVW2
57311.311 17.753 0.138 Swift_V
57311.3134 16.775 0.069 Swift_UVM2
57313.2353 16.767 0.073 Swift_UVW1
57313.2363 16.897 0.08 Swift_U
57313.2369 18.053 0.093 Swift_B
57313.2387 17.169 0.078 Swift_UVW2
57313.2401 17.751 0.129 Swift_V
57313.243 16.884 0.068 Swift_UVM2
57316.2334 16.933 0.08 Swift_UVM2
57316.2359 16.925 0.076 Swift_UVW1
57316.2373 16.915 0.073 Swift_U
57316.241 17.192 0.076 Swift_UVW2
57317.7273 17.0 0.076 Swift_UVW1
57317.7656 16.982 0.076 Swift_U
57317.7667 17.999 0.081 Swift_B
57317.7689 17.292 0.08 Swift_UVW2
57317.7718 17.993 0.132 Swift_V
57317.7736 16.79 0.104 Swift_UVM2
57319.7568 17.068 0.083 Swift_UVM2
57319.7597 16.991 0.078 Swift_UVW1
57319.7615 17.022 0.075 Swift_U
57319.7639 17.364 0.079 Swift_UVW2
57322.7247 16.744 0.134 Swift_UVW1
57322.755 17.181 0.086 Swift_UVM2
57325.3339 17.174 0.083 Swift_UVM2
57325.3373 16.954 0.075 Swift_UVW1
57325.3394 16.922 0.072 Swift_U
57325.3416 17.427 0.078 Swift_UVW2
57328.5248 16.914 0.076 Swift_UVM2
57328.5266 16.726 0.07 Swift_UVW1
57328.5276 16.897 0.071 Swift_U
57328.5299 17.198 0.074 Swift_UVW2
57330.1826 16.879 0.069 Swift_UVW1
57330.184 16.97 0.07 Swift_U
57330.1848 18.153 0.079 Swift_B
57330.1864 17.181 0.072 Swift_UVW2
57330.1889 17.945 0.107 Swift_V
57330.1905 16.901 0.07 Swift_UVM2
57331.0517 16.948 0.08 Swift_UVM2
57331.0545 16.805 0.075 Swift_UVW1
57331.0561 16.859 0.073 Swift_U
57331.0591 17.135 0.076 Swift_UVW2
57334.5768 17.002 0.082 Swift_UVM2
57334.5795 16.757 0.075 Swift_UVW1
57334.5811 17.001 0.076 Swift_U
57334.5838 17.202 0.077 Swift_UVW2
57343.4301 17.039 0.08 Swift_UVM2
57343.4334 16.917 0.074 Swift_UVW1
57343.4354 17.037 0.073 Swift_U
57343.4378 17.278 0.078 Swift_UVW2
57346.1874 16.994 0.069 Swift_UVW1
57346.1892 16.987 0.067 Swift_U
57346.1904 18.189 0.073 Swift_B
57346.1937 17.26 0.072 Swift_UVW2
57346.1966 17.916 0.099 Swift_V
57346.1984 16.945 0.08 Swift_UVM2
57349.2151 16.858 0.076 Swift_UVW1
57349.2168 17.009 0.076 Swift_U
57349.2439 16.935 0.109 Swift_UVM2
57353.5619 16.917 0.089 Swift_UVM2
57353.5639 16.884 0.084 Swift_UVW1
57353.5651 17.02 0.098 Swift_U
57353.6315 17.167 0.119 Swift_UVW2
57356.2272 16.948 0.076 Swift_UVW1
57356.2291 17.013 0.075 Swift_U
57356.2317 17.131 0.075 Swift_UVW2
57356.2892 17.112 0.117 Swift_UVM2
57359.3127 17.048 0.082 Swift_UVM2
57359.3155 17.043 0.079 Swift_UVW1
57359.3172 16.955 0.075 Swift_U
57359.3198 17.194 0.077 Swift_UVW2
57362.8371 17.197 0.092 Swift_UVM2
57362.8383 16.921 0.081 Swift_UVW1
57362.8389 17.189 0.086 Swift_U
57362.8405 17.129 0.08 Swift_UVW2
57365.0929 17.16 0.084 Swift_UVM2
57365.097 17.137 0.081 Swift_UVW1
57365.099 17.212 0.081 Swift_U
57365.1007 17.219 0.082 Swift_UVW2
57366.3914 17.069 0.08 Swift_UVW1
57366.3926 17.083 0.189 Swift_UVW2
57366.4244 17.149 0.083 Swift_U
57366.4254 18.186 0.1 Swift_B
57368.9489 17.21 0.089 Swift_UVM2
57368.9513 16.982 0.08 Swift_UVW1
57368.9528 17.077 0.082 Swift_U
57368.9556 17.261 0.078 Swift_UVW2
57371.4114 17.11 0.077 Swift_UVW1
57371.4135 17.216 0.077 Swift_U
57371.4149 18.404 0.094 Swift_B
57371.4184 17.288 0.075 Swift_UVW2
57371.4218 18.115 0.136 Swift_V
57371.4246 17.206 0.083 Swift_UVM2
57374.3997 17.087 0.082 Swift_UVM2
57374.4027 17.125 0.08 Swift_UVW1
57374.4046 17.238 0.082 Swift_U
57374.4071 17.424 0.08 Swift_UVW2
57377.1896 17.195 0.083 Swift_UVM2
57377.193 17.24 0.084 Swift_UVW1
57377.1951 17.216 0.082 Swift_U
57377.1979 17.33 0.076 Swift_UVW2
57380.9156 17.129 0.082 Swift_UVM2
57380.9185 17.234 0.082 Swift_UVW1
57380.9202 17.217 0.083 Swift_U
57380.9236 17.423 0.08 Swift_UVW2
57383.2812 17.263 0.095 Swift_UVW1
57383.2824 17.184 0.096 Swift_U
57383.2832 18.537 0.155 Swift_B
57383.2854 17.37 0.086 Swift_UVW2
57383.2872 18.09 0.222 Swift_V
57383.2888 17.461 0.118 Swift_UVM2
57385.8698 17.046 0.151 Swift_UVW1
57385.8705 17.209 0.173 Swift_U
57385.8709 18.346 0.257 Swift_B
57385.872 17.348 0.132 Swift_UVW2
57385.8738 17.183 0.169 Swift_UVM2
57393.661 17.26 0.077 Swift_UVW1
57393.6618 17.39 0.081 Swift_U
57393.6624 18.533 0.105 Swift_B
57393.664 17.438 0.075 Swift_UVW2
57393.6652 18.128 0.134 Swift_V
57393.6663 17.284 0.083 Swift_UVM2
57396.7498 17.309 0.08 Swift_UVW1
57396.7521 17.401 0.084 Swift_U
57396.7536 18.481 0.106 Swift_B
57396.7571 17.591 0.078 Swift_UVW2
57396.761 18.106 0.132 Swift_V
57396.7633 17.382 0.086 Swift_UVM2
57399.2468 17.379 0.081 Swift_UVW1
57399.2483 17.362 0.082 Swift_U
57399.2493 18.684 0.119 Swift_B
57399.2511 17.506 0.077 Swift_UVW2
57399.2539 18.196 0.146 Swift_V
57399.2553 17.358 0.084 Swift_UVM2
57427.7432 17.628 0.087 Swift_UVW1
57427.7443 17.71 0.091 Swift_U
57427.745 18.826 0.124 Swift_B
57427.7466 18.033 0.086 Swift_UVW2
57427.7486 18.462 0.198 Swift_V
57427.75 17.787 0.09 Swift_UVM2
57429.6464 17.853 0.115 Swift_UVW1
57429.6473 17.966 0.129 Swift_U
57429.648 18.705 0.152 Swift_B
57429.6501 18.183 0.105 Swift_UVW2
57429.6514 18.3 0.226 Swift_V
57433.5041 17.846 0.106 Swift_UVW1
57433.5049 17.755 0.112 Swift_U
57433.5054 18.873 0.172 Swift_B
57433.5068 18.218 0.1 Swift_UVW2
57433.5081 18.461 0.274 Swift_V
57433.5093 17.813 0.102 Swift_UVM2
57437.3176 17.819 0.098 Swift_UVW1
57437.319 17.837 0.106 Swift_U
57437.3199 18.756 0.142 Swift_B
57437.3219 18.203 0.095 Swift_UVW2
57437.3243 18.461 0.251 Swift_V
57437.3585 18.039 0.16 Swift_UVM2
57447.407 17.827 0.094 Swift_UVW1
57447.408 18.066 0.112 Swift_U
57447.4086 19.027 0.157 Swift_B
57447.4097 18.163 0.086 Swift_UVW2
57447.4115 18.331 0.188 Swift_V
57447.4127 17.922 0.088 Swift_UVM2
57449.9293 17.995 0.15 Swift_UVW1
57449.9307 17.789 0.129 Swift_U
57449.9316 18.822 0.185 Swift_B
57449.9336 18.152 0.105 Swift_UVW2
57449.9359 18.733 0.342 Swift_V
57449.9377 18.005 0.118 Swift_UVM2
57450.1612 17.867 0.152 Swift_UVW1
57450.1626 17.62 0.148 Swift_U
57450.1636 18.903 0.25 Swift_B
57450.1659 18.148 0.131 Swift_UVW2
57450.1701 18.138 0.164 Swift_UVM2
57454.2142 17.915 0.099 Swift_UVW1
57454.2154 17.832 0.102 Swift_U
57454.2163 19.039 0.157 Swift_B
57454.2203 18.346 0.175 Swift_V
57454.2219 17.973 0.098 Swift_UVM2
57456.0756 17.897 0.093 Swift_UVW1
57456.0773 17.851 0.096 Swift_U
57456.0784 18.837 0.121 Swift_B
57456.0811 18.11 0.086 Swift_UVW2
57456.0838 18.181 0.146 Swift_V
57456.0858 18.023 0.103 Swift_UVM2
57457.6397 17.974 0.122 Swift_UVW1
57457.6408 17.817 0.117 Swift_U
57457.6416 18.951 0.164 Swift_B
57457.6442 18.199 0.108 Swift_UVW2
57465.5536 18.11 0.095 Swift_UVM2
57465.5555 18.132 0.094 Swift_UVW1
57465.5566 17.95 0.091 Swift_U
57465.5588 18.254 0.085 Swift_UVW2
57470.333 17.994 0.086 Swift_UVM2
57470.3361 17.947 0.083 Swift_UVW1
57470.3381 17.82 0.082 Swift_U
57470.3404 18.236 0.081 Swift_UVW2
57472.2232 17.967 0.165 Swift_U
57472.2239 19.027 0.221 Swift_B
57472.2258 18.27 0.149 Swift_UVW2
57472.2276 18.114 0.255 Swift_V
57472.2293 18.111 0.173 Swift_UVM2
57472.2567 17.861 0.145 Swift_UVW1
57475.6723 18.016 0.089 Swift_UVM2
57475.6755 17.95 0.084 Swift_UVW1
57475.6774 17.821 0.08 Swift_U
57475.6812 18.332 0.084 Swift_UVW2
57477.5471 18.236 0.132 Swift_UVW1
57477.5478 17.805 0.112 Swift_U
57477.5484 19.005 0.166 Swift_B
57477.5496 18.308 0.109 Swift_UVW2
57477.5509 18.546 0.251 Swift_V
57477.5521 18.13 0.12 Swift_UVM2
57480.2968 18.294 0.099 Swift_UVM2
57480.2987 18.175 0.094 Swift_UVW1
57480.2999 18.031 0.093 Swift_U
57480.3016 18.466 0.089 Swift_UVW2
57487.4764 18.407 0.165 Swift_UVM2
57487.478 18.058 0.14 Swift_UVW1
57487.4789 18.001 0.148 Swift_U
57487.4805 18.59 0.142 Swift_UVW2
57489.0314 18.274 0.144 Swift_UVM2
57489.0351 18.329 0.142 Swift_UVW1
57489.0374 18.093 0.133 Swift_U
57489.041 18.54 0.129 Swift_UVW2
57499.7809 18.359 0.126 Swift_UVM2
57499.7836 18.464 0.186 Swift_UVW1
57502.701 18.374 0.127 Swift_UVM2
57502.7037 18.288 0.124 Swift_UVW1
57502.7054 18.062 0.12 Swift_U
57502.7087 18.444 0.103 Swift_UVW2
57505.3913 18.424 0.12 Swift_UVM2
57505.3934 18.18 0.108 Swift_UVW1
57505.3947 18.013 0.105 Swift_U
57505.3968 18.559 0.102 Swift_UVW2
57508.9296 18.537 0.127 Swift_UVW2
57508.9488 18.35 0.108 Swift_UVM2
57508.9529 18.16 0.098 Swift_UVW1
57508.9553 18.008 0.095 Swift_U
57511.875 18.51 0.113 Swift_UVM2
57511.8793 18.323 0.103 Swift_UVW1
57511.8818 18.089 0.099 Swift_U
57511.8861 18.51 0.096 Swift_UVW2
