MJD mag magerr band
59461.415 19.923094751439063 0.16600213876603398 ATLAS_c
59471.415 19.53751706022645 0.1201813059493908 ATLAS_c
59511.415 18.48669795857638 0.11373623970418478 ATLAS_c
59521.415 18.43508661191467 0.09841640385178785 ATLAS_c
59681.415 18.611296376064274 0.22249185823176987 ATLAS_c
59701.415 18.611957478680395 0.2784975056579917 ATLAS_c
59731.415 18.83995734323004 0.24220042095621963 ATLAS_c
59741.415 18.92568922130127 0.1683684486337942 ATLAS_c
59761.415 18.749514292799088 0.2401443385066937 ATLAS_c
59771.415 18.907520949737705 0.12997638408203827 ATLAS_c
59781.415 18.897168142535595 0.11931034073360536 ATLAS_c
59791.415 19.013093386977705 0.1112208761739133 ATLAS_c
59801.415 19.02104935201561 0.12402162202187661 ATLAS_c
59811.415 19.049470898239047 0.14055213168567526 ATLAS_c
59821.415 19.015022263992527 0.09264295387149168 ATLAS_c
59841.415 19.119467774932133 0.692514438520579 ATLAS_c
59851.415 19.345273389903554 0.12094120330099756 ATLAS_c
59871.415 19.32008783129887 0.5743093253828384 ATLAS_c
59881.415 19.256100065906693 0.14897680800015323 ATLAS_c
59901.415 19.460425821098628 0.15428041785396296 ATLAS_c
60051.415 19.50279372449095 0.38069954340912737 ATLAS_c
60061.415 19.5851269435483 0.14841229075387474 ATLAS_c
60091.415 19.567865893435822 0.2233084160540848 ATLAS_c
60111.415 19.702273585157723 0.21124143540788864 ATLAS_c
60141.415 19.832223780735266 0.2277499548517934 ATLAS_c
60171.415 19.801360039032783 0.22067936901973795 ATLAS_c
60191.415 19.82825167027653 0.3712178723452695 ATLAS_c
60201.415 19.85956272095421 0.15294738971524424 ATLAS_c
60221.415 19.92233848243375 0.08368348703826634 ATLAS_c
60251.415 19.909077895613475 0.16629698732526954 ATLAS_c
59464.416 19.806941911417148 0.1085727767043263 ATLAS_o
59484.416 19.222864525434574 0.2276554403936757 ATLAS_o
59494.416 18.981160683379997 0.17672838061037766 ATLAS_o
59504.416 18.75097204507421 0.13764378625548446 ATLAS_o
59514.416 18.669098548952753 0.11341385088411826 ATLAS_o
59524.416 18.653471381738377 0.24159769943980436 ATLAS_o
59534.416 18.461229449534297 0.22528594342228558 ATLAS_o
59544.416 18.408241739607757 0.14384785651198406 ATLAS_o
59554.416 18.400925194991437 0.13330108300425358 ATLAS_o
59564.416 18.30200132674281 0.33087439800720375 ATLAS_o
59684.416 18.488739213232638 0.1396602366513715 ATLAS_o
59694.416 18.462385906947972 0.12486265193706103 ATLAS_o
59704.416 18.572729721072406 0.13077466447894537 ATLAS_o
59714.416 18.788294324818754 0.2643931092550904 ATLAS_o
59724.416 18.725359857558477 0.13840042084363802 ATLAS_o
59734.416 18.8392049478684 0.16136363231458972 ATLAS_o
59744.416 18.786541537573992 0.16881184865459353 ATLAS_o
59754.416 18.834190214734797 0.2344320226718306 ATLAS_o
59764.416 18.90868319913401 0.14966327106079014 ATLAS_o
59774.416 18.87976628157819 0.23789773282325122 ATLAS_o
59784.416 18.868123482979478 0.17409890940852257 ATLAS_o
59794.416 19.16914156564798 0.18047878192731837 ATLAS_o
59804.416 18.96523215301766 0.338371211528683 ATLAS_o
59814.416 18.99427764460571 0.14154482714827665 ATLAS_o
59824.416 18.970022247403836 0.1552693751181664 ATLAS_o
59834.416 19.056750069871768 0.1927190387019131 ATLAS_o
59844.416 19.135633120728194 0.1694928731459644 ATLAS_o
59854.416 19.09429884172365 0.14286127121597048 ATLAS_o
59864.416 19.049717039444275 0.1265261068277468 ATLAS_o
59874.416 19.21753870723615 0.18567951905662916 ATLAS_o
59884.416 19.22528707878812 0.29775955436451085 ATLAS_o
59894.416 19.061959952004294 0.25252004439652254 ATLAS_o
59904.416 19.123059331751087 0.17154401557099952 ATLAS_o
60064.416 19.377251682752593 0.09520865539215251 ATLAS_o
60114.416 19.74490564934876 0.1625170664907838 ATLAS_o
60134.416 19.60535975437186 0.3214956450943518 ATLAS_o
60154.416 19.327735313483185 0.14867379885329868 ATLAS_o
60164.416 19.636389072630443 0.04280898351692208 ATLAS_o
60174.416 19.514130724613096 0.056391583864426664 ATLAS_o
60204.416 19.82180163991922 0.18107679223886386 ATLAS_o
60214.416 19.456245451804968 0.06350170049230641 ATLAS_o
60224.416 19.871947942774522 0.1653324901087032 ATLAS_o
60234.416 19.708163832631282 0.12101771644386261 ATLAS_o
60254.416 19.817969061617816 0.18924362969099562 ATLAS_o
60274.416 19.35284792972856 0.2507919526975133 ATLAS_o
60161.563731933 20.0055 0.211253 PS_i
60161.5512873094 20.0046 0.202237 PS_i
60161.5264126319 19.9142 0.124345 PS_i
59834.4438729063 18.9993 0.125451 PS_i
59834.4335349808 19.0914 0.133314 PS_i
59834.4233158417 19.0406 0.0938666 PS_i
59834.4131513414 18.9358 0.28474 PS_i
59481.3401235637 19.6049 0.204973 PS_i
59481.3310582652 19.4559 0.16583 PS_i
59481.3219624188 19.5309 0.129355 PS_i
59481.3124734135 19.4312 0.100052 PS_i
59509.2983555124 18.8548 0.117479 PS_i
59509.2869325066 18.7857 0.120484 PS_i
59509.2755156537 18.7424 0.110201 PS_i
59509.2640828303 18.7996 0.0854806 PS_i
59484.78348380001 19.221744630182798 0.09419517691608092 PS_i
59505.62760420004 18.695956423175765 0.07404336846386528 PS_i
59509.77553239977 18.94182688485224 0.11173553791621238 PS_i
59521.67415509978 18.831574821801823 0.0715362599468019 PS_i
59524.69108799985 18.655043650685318 0.05492414898871267 PS_i
59527.68763889978 18.528631960944008 0.05949857920268542 PS_i
59538.61440970003 18.393552458044933 0.055092350972147486 PS_i
59542.629201400094 18.5583859468182 0.060078957777127684 PS_i
60284.2308294834 20.1248 0.137579 PS_w
60284.2252483988 20.1318 0.144251 PS_w
60284.2197177197 20.0771 0.123926 PS_w
60284.2141871546 20.0863 0.128804 PS_w
60254.2602451771 20.217 0.10027 PS_w
60254.2351566265 20.1528 0.0935816 PS_w
60254.2217531385 20.2178 0.112332 PS_w
60226.2649378487 20.0884 0.0532826 PS_w
60226.2531298524 20.1022 0.046166 PS_w
60226.2413137149 20.152 0.0355601 PS_w
60226.2294799825 20.134 0.0351663 PS_w
60220.271974503 19.9391 0.0745384 PS_w
60220.2611122126 20.0048 0.0858062 PS_w
60220.2502886816 19.9591 0.0885969 PS_w
60220.2394665601 19.9957 0.0980017 PS_w
60199.3146849208 20.0371 0.0672583 PS_w
60199.3025236251 20.0562 0.077226 PS_w
60199.2903838962 20.0467 0.0942546 PS_w
60199.2782522612 20.066 0.0906608 PS_w
60179.4047725648 19.8889 0.0956597 PS_w
60179.3919357389 19.9348 0.0922332 PS_w
60179.3790900791 19.9307 0.0899062 PS_w
60179.366292589 19.8851 0.0971677 PS_w
60174.3775887396 20.4574 0.200432 PS_w
60174.3655575746 20.0797 0.121452 PS_w
60174.353508424 20.0439 0.110747 PS_w
60174.3414931158 20.0663 0.0806922 PS_w
60150.4510832802 19.9534 0.0447146 PS_w
60150.4504432978 19.9853 0.0536425 PS_w
60150.43821463 19.9635 0.0708854 PS_w
60150.4262170897 19.9498 0.0909613 PS_w
60150.4142155954 19.9926 0.0978655 PS_w
60150.4021792129 19.9614 0.0807984 PS_w
60147.5340414005 20.0144 0.0411578 PS_w
60147.5230769738 19.9908 0.0562127 PS_w
60147.5120745371 19.9851 0.0600867 PS_w
60147.5011092331 19.9766 0.0847649 PS_w
60140.53739186 19.9611 0.0980343 PS_w
60140.5254422952 20.0497 0.0756281 PS_w
60140.512150037 19.9596 0.11235 PS_w
60140.5003044849 19.9469 0.0953901 PS_w
60137.5118209819 19.8151 0.0858253 PS_w
60137.4996527847 19.9033 0.0776893 PS_w
60137.4874729047 19.8763 0.0931222 PS_w
60137.4753211011 19.8304 0.0608715 PS_w
60122.5813700301 19.8197 0.0765084 PS_w
60122.5685040461 19.8522 0.0787958 PS_w
60122.5556614655 19.796 0.0802977 PS_w
60117.5707312474 19.8977 0.0974185 PS_w
60117.5602758751 19.8074 0.0785049 PS_w
60117.5498552454 19.827 0.047915 PS_w
60117.5394541202 19.8105 0.0430292 PS_w
60113.5974182082 19.9945 0.0632871 PS_w
60113.5857045971 20.0063 0.0600005 PS_w
60113.5739472662 19.9621 0.0561756 PS_w
60113.562247274 19.9128 0.0526214 PS_w
59880.2534457557 19.2752 0.0400057 PS_w
59880.2433503867 19.234 0.037171 PS_w
59880.2336557697 19.2642 0.047877 PS_w
59880.2235657507 19.2934 0.0514381 PS_w
59871.2673733188 19.2588 0.0287528 PS_w
59871.2566044313 19.2165 0.0280371 PS_w
59871.2460730262 19.2226 0.0302043 PS_w
59871.2356738648 19.257 0.0273432 PS_w
59849.3288087305 19.1355 0.030113 PS_w
59849.316956583 19.1205 0.031458 PS_w
59849.305137877 19.1455 0.039239 PS_w
59849.2933245223 19.1023 0.0516254 PS_w
59845.3288124729 19.1632 0.0265721 PS_w
59845.3162516286 19.1178 0.0235981 PS_w
59845.3038626037 19.1002 0.029363 PS_w
59845.2914257296 19.1322 0.0351642 PS_w
59841.3150996239 19.872 0.0411256 PS_w
59841.2831443539 19.1319 0.0321829 PS_w
59821.3864607104 18.9263 0.0362415 PS_w
59821.3742465405 18.9271 0.0384736 PS_w
59821.3621327817 18.929 0.0284676 PS_w
59821.3499900517 18.9179 0.0268123 PS_w
59817.4006419746 18.9687 0.0261047 PS_w
59817.3911285796 18.9625 0.0259948 PS_w
59817.3820334988 18.9391 0.0375262 PS_w
59812.4276082604 18.8394 0.0457051 PS_w
59812.4180228446 18.8311 0.0353447 PS_w
59812.4085275391 18.9025 0.0449838 PS_w
59812.398977128 18.8549 0.0447101 PS_w
59516.2514634104 18.5398 0.0287794 PS_w
59516.2413804848 18.5064 0.063797 PS_w
59516.2316400828 18.5516 0.0366033 PS_w
59516.2218560726 18.5716 0.0670252 PS_w
59495.3170312777 18.8429 0.0492053 PS_w
59484.3546888228 19.1507 0.0418784 PS_w
59484.3454769564 19.1398 0.0430008 PS_w
59484.3362335684 19.1306 0.0277479 PS_w
59484.3270055931 19.1278 0.0377613 PS_w
59469.2715693527 19.9318 0.0527507 PS_w
59469.2631205908 19.9361 0.0736265 PS_w
59469.2547020074 19.9702 0.0862897 PS_w
59469.2462796676 19.9633 0.0887953 PS_w
59465.3571387284 20.0345 0.0437783 PS_w
59465.346823276 20.1014 0.0473835 PS_w
59465.3365039545 20.1039 0.0392 PS_w
59465.3262656146 20.0949 0.0341972 PS_w
59460.4050962216 20.6462 0.126347 PS_w
59460.3961173375 20.4543 0.153605 PS_w
59460.3872212735 20.4962 0.145429 PS_w
59460.3782442133 20.506 0.110295 PS_w
59455.3607451403 20.8781 0.11061 PS_w
59455.3588132495 20.796 0.130583 PS_w
59455.3492565685 20.982 0.116858 PS_w
59455.3470740854 21.2135 0.146972 PS_w
59455.3375592026 20.9478 0.0948152 PS_w
59455.335615964 21.0464 0.140843 PS_w
59455.3261845582 20.8192 0.139101 PS_w
59455.3242503898 21.0743 0.168323 PS_w
59435.3981425735 22.5266 0.242186 PS_w
59029.5557773803 22.5387 0.192966 PS_w
59797.3967765626 18.9332 0.0289564 PS_w
59797.3852619502 18.9142 0.017997 PS_w
59797.3738013609 18.899 0.0287458 PS_w
59797.362384439 18.9249 0.0257387 PS_w
59785.4679033678 18.8188 0.0161946 PS_w
59785.4563636915 18.833 0.0155116 PS_w
59785.4448111454 18.8335 0.0148945 PS_w
59785.4332864755 18.8533 0.014425 PS_w
59766.5347774216 18.807 0.026421 PS_w
59766.5245278588 18.81 0.0362309 PS_w
59766.5142382765 18.8027 0.0358661 PS_w
59766.5039822426 18.8173 0.0339678 PS_w
59762.5212403905 18.6623 0.0256554 PS_w
59754.5886885696 18.7918 0.0202218 PS_w
59754.5784750933 18.7379 0.0265116 PS_w
59754.568226994 18.7452 0.0266157 PS_w
59754.5580058019 18.7212 0.0259835 PS_w
59738.5495591861 18.7151 0.0193524 PS_w
59738.5489230925 18.7326 0.026393 PS_w
59738.5400104206 18.7217 0.0216835 PS_w
59738.5393739636 18.7639 0.0253293 PS_w
59738.5304025374 18.767 0.0160304 PS_w
59738.5297725335 18.7902 0.0215205 PS_w
59738.5209174961 18.7511 0.0183372 PS_w
59738.5202762219 18.7682 0.0211789 PS_w
59731.5940024109 18.7603 0.0340536 PS_w
59731.5862538042 18.7623 0.0303942 PS_w
59731.5785552574 18.7692 0.0278078 PS_w
59490.2587495852 18.9317 0.0258926 PS_w
59490.2485254783 18.9603 0.0186195 PS_w
59490.2383074449 18.9558 0.0343324 PS_w
59490.2280934296 18.9513 0.031391 PS_w
60243.54356712087 19.5117 0.312047 UVOT_U
60243.54356712087 20.2202 0.129951 UVOT_UVM2
60248.44077970212 20.7943 0.279667 UVOT_UVM2
60249.14771940536 20.6232 0.203103 UVOT_UVM2
60554.67098109517 20.6486 0.224604 UVOT_UVM2
60561.51111519865 20.2726 0.127497 UVOT_UVM2
60243.54356712087 20.1638 0.261495 UVOT_UVM1
60561.51111519865 20.1917 0.21965 UVOT_UVM1
60243.54356712087 20.5052 0.182775 UVOT_UVW2
60248.44077970212 20.7386 0.292119 UVOT_UVW2
60249.14771940536 20.6931 0.310772 UVOT_UVW2
60554.67098109517 20.3174 0.203459 UVOT_UVW2
60561.51111519865 20.3722 0.141465 UVOT_UVW2
58053.88521485213 15.56513789609756 0.1877023398025364 WISE_W1
58252.987959679165 15.694960936867199 0.34933043096758665 WISE_W1
58416.73655406001 15.852731804049759 0.28210226868992 WISE_W1
58617.10910407714 15.758894597627824 0.32577543285683974 WISE_W1
58780.89903376693 15.765261101340243 0.16023411691091938 WISE_W1
58982.354633103336 15.724915879305511 0.21884251757828066 WISE_W1
59144.96535933266 15.791207444644096 0.35044577326599324 WISE_W1
59348.49388076909 15.654687720232468 0.309885636062752 WISE_W1
59512.17669292364 15.362110109316546 0.2512842715411512 WISE_W1
59712.58878931065 14.868027830175674 0.10899749575853858 WISE_W1
59876.37044589001 15.016739304929649 0.43983623057022303 WISE_W1
60079.41397356356 15.155335015802297 0.3523242071427611 WISE_W1
60242.71838464714 12.868264805935947 1.0835481893166676 WISE_W1
58053.88521485213 13.811480688453692 0.9516796664319355 WISE_W2
58252.987959679165 14.908503490250252 0.4174927810420466 WISE_W2
58416.73655406001 14.778558038363595 0.3755745228609392 WISE_W2
58617.10910407714 15.11242874176466 0.13125378301426405 WISE_W2
58780.89903376693 14.944998188723545 0.2098713891887124 WISE_W2
58982.354633103336 14.521681834808357 0.4135111512670755 WISE_W2
59144.96535933266 15.095162180355738 0.16966073627123857 WISE_W2
59348.49388076909 14.772019096298598 0.11167014919942637 WISE_W2
59512.17669292364 14.705200980389725 0.4199686349252614 WISE_W2
59712.58878931065 14.186003598478983 0.3111147412486625 WISE_W2
59876.37044589001 14.361544298169283 0.2537770544955351 WISE_W2
60079.41397356356 14.534792317022669 0.19714845876369258 WISE_W2
60242.71838464714 14.280726400950325 0.3246923004938674 WISE_W2
59459.81278940011 20.502451273463862 0.12594695042717774 ZTF_g
59461.73127309978 20.297228735415736 0.13755950134978612 ZTF_g
59463.7348495 20.02388699647044 0.09998149694287584 ZTF_g
59465.79953699978 19.978642637991786 0.10875447583153353 ZTF_g
59467.71096060006 19.75859537388742 0.09942554970649198 ZTF_g
59469.75120369997 19.76778176820322 0.0675910691050916 ZTF_g
59471.756562499795 19.737085694233436 0.14036883109032772 ZTF_g
59473.861817100085 19.456558983537967 0.09988598505352364 ZTF_g
59479.70197919989 19.037973734774397 0.12551355380614915 ZTF_g
59484.70847220021 19.001152242939355 0.03558839301515171 ZTF_g
59486.71771989995 19.051858432296715 0.05066576361858921 ZTF_g
59488.71109949984 19.00705832966173 0.046588015321797016 ZTF_g
59497.65056709992 18.86494419117635 0.05147870838091251 ZTF_g
59504.71112270001 18.480243033172435 0.07514360212738858 ZTF_g
59510.73236110015 18.420078241544218 0.06233380342602146 ZTF_g
59517.66787040001 18.316651771928225 0.024990660936412112 ZTF_g
59524.60759259993 18.3017513766378 0.022288791396734453 ZTF_g
59527.648333299905 18.254803946156727 0.028721732115418064 ZTF_g
59531.68920140015 18.231218122518953 0.07889428943956567 ZTF_g
59532.673796299845 18.261299269009527 0.05632172714374306 ZTF_g
59537.60305560008 17.946414192289794 0.1311242472697689 ZTF_g
59538.6823148001 18.09358611461341 0.05390088981101826 ZTF_g
59540.60707180016 18.198815863038178 0.03932276392568568 ZTF_g
59714.95921299979 18.820409420085944 0.11992074320625967 ZTF_g
59722.921990700066 18.8305842926304 0.07522464483349545 ZTF_g
59722.957025500014 18.816703001285003 0.05523482510522726 ZTF_g
59724.95972219994 18.827643643323718 0.047882598703855805 ZTF_g
59731.89850689983 18.92799142969504 0.06680703209017835 ZTF_g
59733.95747689996 18.970428239482917 0.03909782086380531 ZTF_g
59737.93725690013 19.022200100484014 0.043535734621656275 ZTF_g
59739.90309030004 18.956936754815693 0.045336651758129065 ZTF_g
59743.92249999987 18.996490400355317 0.11934769641502996 ZTF_g
59750.91438659979 18.96362380392326 0.06972267216356798 ZTF_g
59752.93921299977 18.846004782703666 0.047552046913777346 ZTF_g
59755.91755789984 18.91868530060635 0.04058554954807647 ZTF_g
59757.875949100126 18.949041597062394 0.04352665381518861 ZTF_g
59757.91849539988 18.85438915115989 0.03847573991241049 ZTF_g
59759.93386569992 18.907017183982948 0.03548967498704769 ZTF_g
59761.920856500044 18.732087485088766 0.036249789659605014 ZTF_g
59764.918263900094 18.924179957948656 0.033305891989133585 ZTF_g
59766.91540510021 19.056057903394056 0.04109714857461633 ZTF_g
59769.93928240007 19.054587561181975 0.039576937667526124 ZTF_g
59771.877476899885 18.92692145890835 0.07073969732785201 ZTF_g
59780.88483799994 18.930595827488972 0.060210081659295867 ZTF_g
59782.81540510012 18.963931218516578 0.0550720612539255 ZTF_g
59784.858067099936 18.921470361565234 0.03313173464595387 ZTF_g
59786.83565969998 19.07421016306161 0.06602147274224812 ZTF_g
59805.916550899856 19.034850018813685 0.13878812184990963 ZTF_g
59809.83559030015 18.99964606844562 0.06224261645284379 ZTF_g
59811.7725463002 19.10917616024836 0.05322438521108808 ZTF_g
59813.8190394002 19.068700234721877 0.05596456516584958 ZTF_g
59815.751898100134 19.0272407941647 0.04811320074173686 ZTF_g
59817.79427079996 19.027904202379148 0.043537594663833445 ZTF_g
59824.76325230021 19.04568182273642 0.05129359599395933 ZTF_g
59826.81707180012 19.03729883269049 0.047410643879285175 ZTF_g
59838.64978010021 19.20655587326945 0.07308421652651553 ZTF_g
59841.711064800154 19.15670396433036 0.048245024694139715 ZTF_g
59841.76243059989 19.139735184054917 0.04707373121247471 ZTF_g
59846.743159700185 19.214468340225704 0.05297123580908192 ZTF_g
59848.66277780011 19.32324348456775 0.054477987965372066 ZTF_g
59850.6714931 19.22687669737431 0.05295349376936187 ZTF_g
59852.64930560021 19.29127030296177 0.062220744989192056 ZTF_g
59854.7202198999 19.140592568850643 0.042347813793830014 ZTF_g
59856.7334838002 19.287558346567824 0.11799786095078524 ZTF_g
59866.71137729986 19.22678953485949 0.08458578183698329 ZTF_g
59869.62737269979 19.302735426154353 0.06809105709457342 ZTF_g
59871.714838000014 19.231659573865592 0.0766507350343808 ZTF_g
59873.69133100007 19.367532522570286 0.07384545720280578 ZTF_g
59877.72951389989 19.314131867189467 0.08304667043382707 ZTF_g
59879.75009260001 19.334378830508214 0.09012083463895415 ZTF_g
59881.627499999944 19.322097627395486 0.06854795758516374 ZTF_g
59883.64942129981 19.412651496693933 0.09240878475664616 ZTF_g
59894.66987269977 19.27275303214068 0.13780494793668296 ZTF_g
59897.631713000126 19.530555102434906 0.09990597993818895 ZTF_g
59903.677743100096 19.352063702108374 0.12681732696515802 ZTF_g
59907.607233799994 19.405685069957322 0.09237875137238305 ZTF_g
59909.64876159979 19.465029967499643 0.1069400014827444 ZTF_g
60082.928379599936 19.70939666744837 0.11653121417893963 ZTF_g
60086.92466440005 19.855029171145684 0.09125797631924293 ZTF_g
59465.69365740009 20.08155173065796 0.1312890831456528 ZTF_r
59469.69332179986 20.011149094267914 0.12388378893854224 ZTF_r
59469.7725463002 19.866196274595264 0.10167065847156209 ZTF_r
59469.7730208002 19.825326463082874 0.08635246564049659 ZTF_r
59469.77349539986 19.872866535035882 0.08936570381001907 ZTF_r
59469.773958299775 19.804833822978537 0.08128889624678592 ZTF_r
59469.774432899896 19.87568871579005 0.08959522424652633 ZTF_r
59469.7749073999 19.84355178859851 0.08744809683022936 ZTF_r
59469.775381899904 19.879890071790225 0.07883464323662182 ZTF_r
59469.77584489994 19.83559863466394 0.07834624424604897 ZTF_r
59469.77631939994 19.85705639836042 0.08515453778674065 ZTF_r
59469.77679400006 19.85739757359009 0.08582226634810652 ZTF_r
59469.77725689998 19.88055122220803 0.08879947714008729 ZTF_r
59469.7777315001 19.775769691106863 0.0724851468554153 ZTF_r
59469.778194400016 19.95698935783169 0.09931811753699549 ZTF_r
59469.77866900014 19.878149878713156 0.07995417909004843 ZTF_r
59469.77914350014 19.905834790418915 0.0871885998827473 ZTF_r
59469.779606500175 19.944448950945862 0.09497882051013562 ZTF_r
59469.78008100018 19.912611802122235 0.08272099874281125 ZTF_r
59469.780555599835 19.836733714946167 0.07899414878597355 ZTF_r
59469.78103009984 19.88634766859668 0.08642038299763577 ZTF_r
59469.78150459984 19.860731919788954 0.07732130099914691 ZTF_r
59469.78196759987 19.964937824110034 0.08801345298843266 ZTF_r
59469.78244209988 19.78318718887339 0.07595211256374945 ZTF_r
59469.7829167 19.662331372831986 0.07151165740470411 ZTF_r
59469.78337959992 19.817255551514883 0.0798642223994932 ZTF_r
59469.78385420004 19.72630370057159 0.07955612318610683 ZTF_r
59469.78432870004 19.879575996257614 0.08341865294812578 ZTF_r
59469.78480320005 19.866745355895148 0.0806339782368557 ZTF_r
59469.78526620008 19.86786102129335 0.08902131720148354 ZTF_r
59469.785740700085 19.974005711404573 0.09361298168067123 ZTF_r
59469.786215300206 19.875060747154713 0.08943184987522734 ZTF_r
59469.78667820012 19.943776365843608 0.10039153529741895 ZTF_r
59469.78715279978 19.771532989416635 0.07851074001280978 ZTF_r
59469.78762729978 19.755490057042223 0.0805453354936514 ZTF_r
59469.788090299815 19.90737376049176 0.08721339802509576 ZTF_r
59469.78856479982 19.84246256804755 0.0902280336080139 ZTF_r
59469.78903939994 19.84076568181245 0.08774977228449998 ZTF_r
59469.78950229986 19.982365974932033 0.10114073209400942 ZTF_r
59469.78997689998 19.84768444715492 0.08668719714248851 ZTF_r
59469.79045139998 19.84349316708847 0.08881595361348182 ZTF_r
59469.790925899986 19.939275913105355 0.09627845854191541 ZTF_r
59469.79140050011 19.908204332172954 0.09669649683414683 ZTF_r
59469.79186340002 19.863626094298688 0.08838507400804652 ZTF_r
59469.792338000145 19.966485421623425 0.09593645412773277 ZTF_r
59469.79280090006 19.90980617058691 0.09396128218358157 ZTF_r
59469.79327550018 19.866265329276096 0.08598201055113819 ZTF_r
59469.793750000186 19.9778878803506 0.09929221353100814 ZTF_r
59469.79421300022 19.997364312709333 0.09326902171273588 ZTF_r
59469.79515049979 20.002308308237023 0.09330039744154384 ZTF_r
59469.795624999795 19.917843379588614 0.0923688751405205 ZTF_r
59469.7960994998 19.875541071473798 0.09689337350130423 ZTF_r
59469.79657409992 19.965776932715816 0.09931430952298648 ZTF_r
59469.79703699984 19.705428018993913 0.076987726112133 ZTF_r
59469.79751159996 19.99966034533773 0.10303174983133623 ZTF_r
59469.79798609996 19.935062172009708 0.09421649386929687 ZTF_r
59469.798449099995 19.876225162229765 0.09041100048333561 ZTF_r
59469.7989236 19.97557908803934 0.1017952346996367 ZTF_r
59469.7993981 19.616651215844435 0.07004387349613772 ZTF_r
59469.79986110004 19.89041894600339 0.09461208998782311 ZTF_r
59469.80033560004 19.850813837432124 0.09193804911622827 ZTF_r
59469.800798600074 19.660198467163042 0.07742077062012953 ZTF_r
59469.80127310008 19.770349452227514 0.07616467892970569 ZTF_r
59469.8017477002 19.852309884282768 0.08786826848030671 ZTF_r
59469.80222220021 19.867013567757397 0.09275725288024717 ZTF_r
59469.80269679986 19.967310324643634 0.09862687816295868 ZTF_r
59469.80317129986 19.854096521381397 0.08960222739392343 ZTF_r
59469.8036342999 19.773710789006024 0.08531886743466721 ZTF_r
59469.8041087999 19.84860906427118 0.08963412562052575 ZTF_r
59469.804571799934 19.82447485742945 0.08215247028121198 ZTF_r
59469.80504629994 20.089181719211727 0.10949295274294535 ZTF_r
59469.80552079994 19.738511166526827 0.08279078516657634 ZTF_r
59469.805995400064 19.845348843105835 0.08408334405239692 ZTF_r
59469.80645829998 19.890046502846268 0.09645319394221374 ZTF_r
59469.8069329001 19.92056528794615 0.09546696232854046 ZTF_r
59469.807407400105 19.775023289678515 0.08207385584830362 ZTF_r
59469.80787040014 20.077112792169096 0.10229992316700987 ZTF_r
59469.80834490014 19.981088894414707 0.09688860278496492 ZTF_r
59469.80881940015 19.94887666277642 0.09831561693329327 ZTF_r
59469.8092939998 19.920866943908266 0.09651677784019164 ZTF_r
59469.80976849981 19.886696120273044 0.09119934872680524 ZTF_r
59469.81023149984 19.854538159705584 0.09324800298317726 ZTF_r
59469.81070599984 19.908380604472192 0.08894620248272211 ZTF_r
59469.811180599965 19.79742499116019 0.09471521822192308 ZTF_r
59469.81164349988 19.991358935296493 0.09756395574718901 ZTF_r
59469.8121181 19.920207295182653 0.09534475071890114 ZTF_r
59469.81259260001 20.11143079460037 0.11207281330192309 ZTF_r
59469.81306710001 19.725269774899132 0.083948725295107 ZTF_r
59469.81353010005 19.774978027376783 0.0968931605196488 ZTF_r
59469.81400460005 19.761142879826945 0.08678721197911976 ZTF_r
59469.81446760008 19.8201312214277 0.08700404868405442 ZTF_r
59469.814942100085 19.874508940736504 0.09291273996668536 ZTF_r
59469.81541670021 19.834713583151803 0.0884240714411888 ZTF_r
59469.81589120021 19.942968830375037 0.10078154972120679 ZTF_r
59469.81635419978 19.818011323233605 0.08591473596615984 ZTF_r
59469.81682869978 19.771329586522555 0.08726812624546376 ZTF_r
59469.81730319979 19.88510746284045 0.09302472628102265 ZTF_r
59469.81777779991 19.93512209328547 0.1026978892483914 ZTF_r
59469.818240699824 19.90482515532468 0.10326090146296352 ZTF_r
59469.818715299945 19.865410972228258 0.09854311029724983 ZTF_r
59469.81918979995 19.911937191470685 0.09480725151056646 ZTF_r
59469.81966440007 19.67196798881827 0.07514543967370457 ZTF_r
59469.820138900075 19.763056338608287 0.08860859494961026 ZTF_r
59469.82060190011 19.940609321276707 0.1019805428859133 ZTF_r
59469.82107640011 19.974792360579677 0.10189903624769592 ZTF_r
59469.82155090012 19.966009317059775 0.11308039819233073 ZTF_r
59469.82202549977 19.91542807267566 0.0999606067035721 ZTF_r
59469.822488400154 19.882188579356132 0.09340576897240993 ZTF_r
59469.82296299981 19.836968085278976 0.08655273170049327 ZTF_r
59469.823437499814 19.941163191842065 0.09677804129089829 ZTF_r
59469.82390049985 19.682079011202937 0.07908871893808112 ZTF_r
59469.82437499985 19.82118052362209 0.08963837388229123 ZTF_r
59469.824849499855 19.931192050468333 0.10150183514464217 ZTF_r
59469.82532409998 19.83480138358278 0.08122206687709088 ZTF_r
59469.82578699989 19.76011898638369 0.09538989606384618 ZTF_r
59469.826261600014 19.847003196967204 0.08205719494314678 ZTF_r
59469.82672449993 19.846140872398642 0.08974538361119677 ZTF_r
59469.82719910005 19.94784865862225 0.09864662659373735 ZTF_r
59469.827673600055 20.144990581071287 0.12194221435408359 ZTF_r
59473.75288189994 19.608257805410123 0.11864797710678054 ZTF_r
59478.77056710003 19.191223929753896 0.13198208837616576 ZTF_r
59486.75499999989 19.17799703363136 0.05831642807176429 ZTF_r
59488.69010420004 19.056978869767377 0.052648452709011195 ZTF_r
59504.78020829987 18.679572329815695 0.09377446725024896 ZTF_r
59505.756736100186 18.66340804270145 0.09570437487821337 ZTF_r
59505.75719910022 18.692460058087292 0.09034798833241808 ZTF_r
59517.606932899915 18.49080280911614 0.028614486617790647 ZTF_r
59520.69410880003 18.475340709360495 0.03756168873238863 ZTF_r
59522.64829860022 18.538400967088165 0.03415230977989836 ZTF_r
59523.61862270022 18.521022435739027 0.03395069566507658 ZTF_r
59523.61909720022 18.515200674692068 0.03059937371155108 ZTF_r
59524.671724500135 18.395754894826077 0.026845393591738542 ZTF_r
59526.606377299875 18.526747676235306 0.03360678901061398 ZTF_r
59527.70725690015 18.435367095778123 0.03823461804845962 ZTF_r
59531.62668980006 18.419776991409062 0.07082297437739982 ZTF_r
59532.60819440009 18.378078818645516 0.042067465604313625 ZTF_r
59532.64622690016 18.464966771716107 0.05264478142449036 ZTF_r
59538.65674770018 18.299652654604806 0.039892957163223386 ZTF_r
59540.678460599855 18.270132288833196 0.07423028403980503 ZTF_r
59543.61945600016 18.22672152559104 0.05122139390030611 ZTF_r
59714.922951399814 18.87238406162674 0.12628466211534928 ZTF_r
59718.920497700106 18.659251931041766 0.09776517147366448 ZTF_r
59718.95690969983 18.648780887659864 0.07641939814856613 ZTF_r
59724.92181710014 18.738425592667042 0.043839224005436606 ZTF_r
59727.91489579994 18.75442598546467 0.05875406445743714 ZTF_r
59731.93973380001 18.74631094528697 0.045158143624476565 ZTF_r
59733.923773100134 18.761064277347746 0.041251219565488384 ZTF_r
59739.94027779997 18.68674661828423 0.029461783847091638 ZTF_r
59741.87936339993 18.72241915167922 0.06907955288838252 ZTF_r
59752.9146412001 18.700956359975674 0.04005983416737813 ZTF_r
59755.93956020009 18.776165561469718 0.03859766850899504 ZTF_r
59759.899386600126 18.76222883907079 0.0345479321854576 ZTF_r
59764.87665509991 18.875914179066246 0.0366700260374202 ZTF_r
59766.85939810006 18.795593182924158 0.03445174160877684 ZTF_r
59773.83540510014 18.808745259780046 0.10937116816652903 ZTF_r
59773.88135420019 18.86734511714817 0.10876636897784131 ZTF_r
59778.9103472 18.708039879537992 0.06342983908750455 ZTF_r
59782.87699070014 18.916994371469237 0.0671009665133937 ZTF_r
59786.87381940009 18.86880856445365 0.0350285244807651 ZTF_r
59788.881562499795 18.7898272259538 0.040243417927106506 ZTF_r
59790.88046299992 18.993300349818718 0.05986267745417351 ZTF_r
59794.83797449991 18.81096411558076 0.038233411770802306 ZTF_r
59797.8577430998 18.85118882558905 0.03210873018861449 ZTF_r
59805.833194400184 18.81667283563158 0.10748751250466171 ZTF_r
59807.81583329989 18.939081553822238 0.06327639474506874 ZTF_r
59809.8054630002 18.974640526488486 0.05827766038146187 ZTF_r
59811.81479169987 18.8710012769702 0.04247467275854078 ZTF_r
59813.77034719987 18.927160576037473 0.042639605463808294 ZTF_r
59815.80209490005 18.910547963601836 0.04251561247829905 ZTF_r
59819.75278940005 18.9196956621776 0.03830759299392561 ZTF_r
59821.76363429986 18.806647055832954 0.03284777753047052 ZTF_r
59824.77512730006 18.901567489958765 0.05040057026816136 ZTF_r
59826.77524309978 18.96192910599496 0.054420506864099494 ZTF_r
59843.7531365999 19.042217866363785 0.04412038393871853 ZTF_r
59846.66471059993 19.052749055008874 0.04784954972003064 ZTF_r
59848.69452549983 18.992339956229724 0.0474961347929721 ZTF_r
59850.71129629994 19.031195519304976 0.044386411430597406 ZTF_r
59852.6771296002 19.115829226000944 0.04678940630120465 ZTF_r
59859.750949100126 18.896195800496898 0.10457336680850204 ZTF_r
59866.67563659977 19.15207102801029 0.06170909340927544 ZTF_r
59871.68435190013 19.162434175219552 0.06684558304428734 ZTF_r
59873.6493286998 19.158514210821735 0.059257145499506336 ZTF_r
59877.652060199995 19.16246973092104 0.05966582661321951 ZTF_r
59879.62778940005 19.192409157240302 0.06315243209895449 ZTF_r
59881.75979170017 19.123566919537147 0.08392508388407549 ZTF_r
59889.6917940001 19.099093860846665 0.1337070738641124 ZTF_r
59894.60506939981 19.203686734792218 0.07242327267452708 ZTF_r
59896.62564809993 19.20756809809025 0.06841870335530764 ZTF_r
59897.71792820003 19.18041896488829 0.11480391269696 ZTF_r
59899.60653939983 19.186188569481487 0.08432780484169378 ZTF_r
59903.62763890019 19.221771453380597 0.09202324548891028 ZTF_r
59905.628576400224 19.243423553712216 0.10738177267202786 ZTF_r
59909.645868100226 19.495684029019728 0.11003487569940873 ZTF_r
59922.60649310006 19.25190989089318 0.11740286834631597 ZTF_r
60082.957615700085 19.699591126468924 0.11545907410758893 ZTF_r
