MJD mag magerr band
56945.52115155 14.729 0.091 WISE_W1
56945.52115155 14.113 0.301 WISE_W2
56950.65031887 14.203 0.175 WISE_W2
56950.65031887 14.587 0.074 WISE_W1
56950.78185896 14.686 0.076 WISE_W1
56950.78185896 14.191 0.193 WISE_W2
56950.91339896 13.62 0.141 WISE_W2
56950.91339896 14.508 0.167 WISE_W1
56950.97910535 14.729 0.083 WISE_W1
56950.97910535 13.901 0.138 WISE_W2
56951.04481169 14.265 0.183 WISE_W2
56951.04481169 14.374 0.097 WISE_W1
56951.04493905 13.993 0.168 WISE_W2
56951.04493905 14.517 0.076 WISE_W1
56951.11064539 14.655 0.08 WISE_W1
56951.11064539 14.694 0.34 WISE_W2
56951.17635174 14.028 0.162 WISE_W2
56951.17635174 14.6 0.079 WISE_W1
56951.24218539 14.449 0.079 WISE_W1
56951.24218539 14.081 0.218 WISE_W2
56951.37359812 14.627 0.083 WISE_W1
56951.37372549 14.588 0.075 WISE_W1
56951.37372549 14.321 0.212 WISE_W2
56951.50513817 14.544 0.077 WISE_W1
56951.50513817 14.03 0.155 WISE_W2
56951.63667822 14.245 0.177 WISE_W2
56951.63667822 14.914 0.093 WISE_W1
57118.10097416 14.279 0.179 WISE_W2
57118.10097416 14.77 0.102 WISE_W1
57118.23225966 14.863 0.097 WISE_W1
57118.23225966 13.849 0.152 WISE_W2
57118.36354522 14.784 0.095 WISE_W1
57118.36354522 14.265 0.17 WISE_W2
57118.42925163 15.203 0.524 WISE_W2
57118.42925163 14.651 0.082 WISE_W1
57118.49483074 14.748 0.088 WISE_W1
57118.49483074 14.064 0.186 WISE_W2
57118.56053715 14.351 0.441 WISE_W2
57118.56053715 14.588 0.078 WISE_W1
57118.62611624 13.986 0.199 WISE_W2
57118.62611624 14.547 0.074 WISE_W1
57118.6918227 14.629 0.313 WISE_W2
57118.6918227 14.79 0.134 WISE_W1
57118.82310825 14.584 0.078 WISE_W1
57118.82310825 13.932 0.189 WISE_W2
57118.95439381 14.655 0.082 WISE_W1
57118.95439381 13.993 0.155 WISE_W2
57119.08567936 14.729 0.102 WISE_W1
57119.08567936 13.947 0.161 WISE_W2
57312.53609144 14.069 0.156 WISE_W2
57312.53609144 14.563 0.077 WISE_W1
57312.66724969 14.006 0.258 WISE_W2
57312.66724969 13.923 0.167 WISE_W2
57312.66724969 14.699 0.078 WISE_W1
57312.79840799 14.04 0.173 WISE_W2
57312.79840799 14.679 0.081 WISE_W1
57312.9295663 14.78 0.099 WISE_W1
57312.9295663 13.918 0.171 WISE_W2
57312.92969366 14.641 0.079 WISE_W1
57312.92969366 14.731 0.395 WISE_W2
57312.92969366 16.58 0.392 WISE_W1
57312.92969366 14.063 0.146 WISE_W2
57312.92969366 14.747 0.542 WISE_W2
57312.99527273 13.907 0.137 WISE_W2
57312.99527273 14.671 0.079 WISE_W1
57313.06085191 14.94 0.112 WISE_W1
57313.06085191 14.216 0.266 WISE_W2
57313.12643109 14.423 0.208 WISE_W2
57313.12643109 14.731 0.082 WISE_W1
57313.25758934 14.937 0.106 WISE_W1
57313.25758934 14.186 0.192 WISE_W2
57313.38874764 13.982 0.178 WISE_W2
57313.38874764 14.811 0.112 WISE_W1
57313.51990589 14.708 0.083 WISE_W1
57313.51990589 13.872 0.195 WISE_W2
57477.13377802 14.017 0.183 WISE_W2
57477.13377802 14.535 0.076 WISE_W1
57477.26493645 14.077 0.157 WISE_W2
57477.26493645 14.905 0.089 WISE_W1
57477.3959675 14.091 0.181 WISE_W2
57477.3959675 14.525 0.07 WISE_W1
57477.46154674 14.604 0.072 WISE_W1
57477.46154674 13.973 0.187 WISE_W2
57477.5269986 14.091 0.161 WISE_W2
57477.5269986 14.764 0.097 WISE_W1
57477.59257784 14.098 0.162 WISE_W2
57477.59257784 14.721 0.088 WISE_W1
57477.65815703 14.589 0.08 WISE_W1
57477.65815703 14.321 0.18 WISE_W2
57477.72360894 14.537 0.085 WISE_W1
57477.72360894 14.005 0.134 WISE_W2
57477.85464005 14.586 0.109 WISE_W1
57477.85464005 14.378 0.207 WISE_W2
57477.85476736 14.205 0.158 WISE_W2
57477.85476736 14.597 0.081 WISE_W1
57477.85476736 16.293 0.307 WISE_W1
57477.98579841 14.557 0.07 WISE_W1
57477.98579841 14.515 0.261 WISE_W2
57478.11682956 14.813 0.095 WISE_W1
57478.11682956 14.068 0.15 WISE_W2
57676.66271917 14.118 0.214 WISE_W2
57676.66271917 15.153 0.252 WISE_W1
57676.7936231 13.907 0.15 WISE_W2
57676.7936231 14.964 0.099 WISE_W1
57676.92465443 14.747 0.084 WISE_W1
57677.05568568 14.324 0.225 WISE_W2
57677.05568568 14.776 0.086 WISE_W1
57677.12126501 14.69 0.09 WISE_W1
57677.12126501 13.86 0.133 WISE_W2
57677.18671692 14.569 0.281 WISE_W2
57677.18671692 15.035 0.115 WISE_W1
57677.25216894 14.203 0.201 WISE_W2
57677.25216894 14.708 0.105 WISE_W1
57677.31774826 13.92 0.148 WISE_W2
57677.31774826 14.823 0.114 WISE_W1
57677.38320023 15.14 0.141 WISE_W1
57677.38320023 14.131 0.264 WISE_W2
57677.51423156 14.781 0.112 WISE_W1
57677.51423156 14.244 0.25 WISE_W2
57677.64526277 14.012 0.18 WISE_W2
57677.64526277 14.895 0.101 WISE_W1
57769.5109796021 19.8864 0.0899187 PS_i
57837.68733367 13.943 0.127 WISE_W2
57837.68733367 14.764 0.082 WISE_W1
57837.81836501 14.592 0.08 WISE_W1
57837.81836501 13.909 0.134 WISE_W2
57837.94926909 14.686 0.078 WISE_W1
57837.94926909 14.19 0.2 WISE_W2
57838.01472115 14.057 0.156 WISE_W2
57838.01472115 15.033 0.112 WISE_W1
57838.08030053 14.453 0.215 WISE_W2
57838.08030053 14.934 0.102 WISE_W1
57838.14575259 14.873 0.096 WISE_W1
57838.14575259 14.167 0.153 WISE_W2
57838.21120461 14.717 0.083 WISE_W1
57838.21120461 14.361 0.186 WISE_W2
57838.27665662 14.011 0.153 WISE_W2
57838.27665662 14.868 0.089 WISE_W1
57838.40768801 14.719 0.081 WISE_W1
57838.40768801 14.143 0.175 WISE_W2
57838.53859208 14.837 0.092 WISE_W1
57838.53859208 14.211 0.18 WISE_W2
57838.66962347 14.704 0.274 WISE_W2
57838.66962347 14.838 0.089 WISE_W1
58043.75499492 14.805 0.089 WISE_W1
58043.75499492 14.126 0.187 WISE_W2
58043.88589832 14.277 0.255 WISE_W2
58043.88589832 14.885 0.105 WISE_W1
58044.01680238 15.17 0.212 WISE_W1
58044.01680238 14.114 0.172 WISE_W2
58044.08225413 14.405 0.242 WISE_W2
58044.08225413 14.856 0.105 WISE_W1
58044.08238145 14.415 0.267 WISE_W2
58044.08238145 14.702 0.137 WISE_W1
58044.14783315 14.841 0.091 WISE_W1
58044.14783315 14.092 0.178 WISE_W2
58044.21328485 14.624 0.3 WISE_W2
58044.21328485 14.815 0.09 WISE_W1
58044.27873655 14.83 0.091 WISE_W1
58044.27873655 14.709 0.36 WISE_W2
58044.3441883 14.76 0.087 WISE_W1
58044.3441883 14.372 0.214 WISE_W2
58044.47509175 14.884 0.324 WISE_W2
58044.47509175 14.946 0.122 WISE_W1
58044.60599515 14.672 0.098 WISE_W1
58044.60599515 14.26 0.187 WISE_W2
58044.73702587 14.655 0.387 WISE_W2
58044.73702587 14.987 0.1 WISE_W1
58198.26907672 14.91 0.093 WISE_W1
58198.26907672 14.008 0.144 WISE_W2
58198.39998061 14.894 0.166 WISE_W1
58198.39998061 14.623 0.27 WISE_W2
58198.53088444 14.895 0.112 WISE_W1
58198.53088444 14.021 0.146 WISE_W2
58198.59633632 14.794 0.083 WISE_W1
58198.59633632 14.131 0.154 WISE_W2
58198.66178828 14.909 0.096 WISE_W1
58198.66178828 14.169 0.216 WISE_W2
58198.7272402 14.118 0.207 WISE_W2
58198.7272402 15.003 0.11 WISE_W1
58198.79269216 14.839 0.088 WISE_W1
58198.79269216 14.362 0.208 WISE_W2
58198.85814413 14.574 0.085 WISE_W1
58198.85814413 14.386 0.253 WISE_W2
58198.98904796 14.116 0.174 WISE_W2
58198.98904796 14.649 0.086 WISE_W1
58199.11944253 14.318 0.235 WISE_W2
58199.11944253 14.848 0.108 WISE_W1
58199.25085573 14.95 0.098 WISE_W1
58199.25085573 15.002 0.417 WISE_W2
58407.89819146 14.28 0.213 WISE_W2
58407.89819146 14.726 0.086 WISE_W1
58408.02909488 14.863 0.095 WISE_W1
58408.02909488 14.55 0.245 WISE_W2
58408.15948885 14.289 0.226 WISE_W2
58408.15948885 14.894 0.094 WISE_W1
58408.29077422 14.59 0.369 WISE_W2
58408.29077422 14.741 0.091 WISE_W1
58408.35622591 14.837 0.093 WISE_W1
58408.35622591 14.689 0.287 WISE_W2
58408.42167756 14.81 0.109 WISE_W1
58408.42167756 13.688 0.182 WISE_W2
58408.48661993 14.377 0.232 WISE_W2
58408.48661993 14.947 0.099 WISE_W1
58408.55258094 14.536 0.237 WISE_W2
58408.55258094 14.955 0.097 WISE_W1
58408.61803262 14.206 0.191 WISE_W2
58408.61803262 15.094 0.112 WISE_W1
58408.748936 15.076 0.109 WISE_W1
58408.748936 14.291 0.281 WISE_W2
58408.87971206 14.397 0.305 WISE_W2
58408.87971206 14.663 0.314 WISE_W2
58408.87971206 14.971 0.107 WISE_W1
58469.5740435946 22.2383 0.340532 PS_w
58469.5746855535 22.2854 0.30414 PS_w
58469.5863351729 22.2569 0.30168 PS_w
58469.5869806939 22.3792 0.339879 PS_w
58469.5986708668 21.8753 0.18378 PS_w
58469.6116051603 22.669 0.497171 PS_w
58485.5278859432 22.1703 0.25996 PS_w
58485.5389199046 22.2477 0.363758 PS_w
58485.5402142429 22.4358 0.344542 PS_w
58485.5499538076 22.2431 0.238993 PS_w
58485.5512406092 22.2821 0.295002 PS_w
58485.5609375927 22.3683 0.309481 PS_w
58565.22973058 13.997 0.14 WISE_W2
58565.22973058 14.712 0.077 WISE_W1
58565.36063406 14.147 0.153 WISE_W2
58565.36063406 14.727 0.085 WISE_W1
58565.49141017 14.13 0.208 WISE_W2
58565.49141017 14.813 0.108 WISE_W1
58565.62231366 14.092 0.158 WISE_W2
58565.62231366 14.719 0.09 WISE_W1
58565.68763806 14.263 0.244 WISE_W2
58565.68763806 14.809 0.108 WISE_W1
58565.75309039 14.723 0.088 WISE_W1
58565.75309039 13.687 0.179 WISE_W2
58565.81854211 14.849 0.126 WISE_W1
58565.81854211 13.682 0.159 WISE_W2
58565.94931828 14.567 0.079 WISE_W1
58565.94931828 13.953 0.173 WISE_W2
58565.94944559 14.862 0.085 WISE_W1
58565.94944559 13.986 0.144 WISE_W2
58566.08022175 14.887 0.095 WISE_W1
58566.08022175 14.189 0.183 WISE_W2
58566.21099792 14.893 0.094 WISE_W1
58566.21099792 14.378 0.232 WISE_W2
58566.21112523 13.974 0.135 WISE_W2
58566.21112523 14.958 0.185 WISE_W1
58772.16874535 14.419 0.279 WISE_W2
58772.16874535 15.115 0.125 WISE_W1
58772.29964859 14.952 0.109 WISE_W1
58772.29964859 14.45 0.229 WISE_W2
58772.43042519 13.578 0.182 WISE_W2
58772.43042519 14.897 0.099 WISE_W1
58772.56120111 14.655 0.32 WISE_W2
58772.56120111 14.997 0.107 WISE_W1
58772.56132843 14.802 0.088 WISE_W1
58772.56132843 14.112 0.238 WISE_W2
58772.62665273 14.239 0.201 WISE_W2
58772.62665273 15.013 0.109 WISE_W1
58772.69210431 14.953 0.109 WISE_W1
58772.69210431 13.945 0.197 WISE_W2
58772.75755598 14.302 0.214 WISE_W2
58772.75755598 14.981 0.116 WISE_W1
58772.82288029 14.296 0.209 WISE_W2
58772.82288029 14.771 0.139 WISE_W1
58772.88833196 14.751 0.088 WISE_W1
58772.88833196 14.564 0.44 WISE_W2
58773.01910788 14.618 0.1 WISE_W1
58773.01910788 14.436 0.276 WISE_W2
58773.01923524 14.787 0.518 WISE_W2
58773.01923524 14.714 0.084 WISE_W1
58773.15001123 14.765 0.098 WISE_W1
58773.15001123 14.101 0.246 WISE_W2
58929.4493786 14.174 0.166 WISE_W2
58929.4493786 14.964 0.097 WISE_W1
58929.57964532 14.74 0.114 WISE_W1
58929.57964532 14.718 0.279 WISE_W2
58929.57977264 15.038 0.102 WISE_W1
58929.57977264 14.364 0.21 WISE_W2
58929.71093072 14.77 0.259 WISE_W2
58929.71093072 14.964 0.131 WISE_W1
58929.71105803 14.125 0.155 WISE_W2
58929.71105803 14.792 0.087 WISE_W1
58929.77638242 14.581 0.071 WISE_W1
58929.77638242 13.908 0.124 WISE_W2
58929.84183411 14.748 0.083 WISE_W1
58929.84183411 14.086 0.161 WISE_W2
58929.9071585 14.834 0.384 WISE_W2
58929.9071585 14.824 0.1 WISE_W1
58929.9726102 14.182 0.177 WISE_W2
58929.9726102 14.87 0.089 WISE_W1
58930.03793458 14.401 0.21 WISE_W2
58930.03793458 14.723 0.082 WISE_W1
58930.03806194 14.602 0.069 WISE_W1
58930.03806194 14.155 0.157 WISE_W2
58930.16883803 15.035 0.147 WISE_W1
58930.29961411 15.012 0.101 WISE_W1
58930.29961411 14.23 0.189 WISE_W2
58930.4303902 14.289 0.192 WISE_W2
58930.4303902 14.87 0.088 WISE_W1
59119.6221594764 22.413 0.289541 PS_w
59119.6260327882 22.415 0.365043 PS_w
59119.6299011094 22.5175 0.29351 PS_w
59139.19804323 13.873 0.15 WISE_W2
59139.19804323 14.935 0.097 WISE_W1
59139.32881912 14.549 0.278 WISE_W2
59139.32881912 14.801 0.094 WISE_W1
59139.45921302 14.057 0.182 WISE_W2
59139.45921302 14.959 0.102 WISE_W1
59139.59049828 14.789 0.092 WISE_W1
59139.65582251 14.803 0.094 WISE_W1
59139.65582251 14.485 0.265 WISE_W2
59139.72127417 14.921 0.094 WISE_W1
59139.72127417 14.068 0.17 WISE_W2
59139.78659845 14.809 0.09 WISE_W1
59139.78659845 14.437 0.224 WISE_W2
59139.8520501 14.807 0.084 WISE_W1
59139.8520501 14.115 0.179 WISE_W2
59139.91737434 14.367 0.194 WISE_W2
59139.91737434 14.716 0.111 WISE_W1
59140.04815028 14.851 0.098 WISE_W1
59140.04815028 14.66 0.327 WISE_W2
59140.04827764 14.597 0.096 WISE_W1
59140.04827764 14.104 0.163 WISE_W2
59140.17905353 14.737 0.088 WISE_W1
59140.17905353 13.892 0.143 WISE_W2
59293.66922318 14.155 0.185 WISE_W2
59293.66922318 14.734 0.085 WISE_W1
59293.79987192 13.367 0.136 WISE_W2
59293.79987192 14.869 0.092 WISE_W1
59293.93064808 14.139 0.176 WISE_W2
59293.93064808 14.71 0.106 WISE_W1
59294.06142424 14.85 0.091 WISE_W1
59294.06142424 14.512 0.217 WISE_W2
59294.12674862 14.335 0.215 WISE_W2
59294.12674862 14.763 0.083 WISE_W1
59294.19207302 14.192 0.178 WISE_W2
59294.19207302 14.811 0.085 WISE_W1
59294.25752473 15.013 0.106 WISE_W1
59294.32284913 14.092 0.153 WISE_W2
59294.32284913 14.829 0.087 WISE_W1
59294.3883008 14.876 0.089 WISE_W1
59294.3883008 14.454 0.224 WISE_W2
59294.51844028 14.136 0.221 WISE_W2
59294.51844028 14.763 0.108 WISE_W1
59294.64972565 14.375 0.27 WISE_W2
59294.64972565 15.032 0.109 WISE_W1
59297.26397477 14.295 0.208 WISE_W1
59297.39475082 14.509 0.095 WISE_W1
59297.39475082 14.024 0.528 WISE_W2
59297.52552693 13.696 0.266 WISE_W2
59297.52552693 14.66 0.093 WISE_W1
59503.43289431 15.194 0.145 WISE_W1
59503.43289431 14.196 0.172 WISE_W2
59503.56367024 14.394 0.26 WISE_W2
59503.56367024 15.006 0.118 WISE_W1
59503.69431873 14.814 0.345 WISE_W2
59503.69431873 14.704 0.093 WISE_W1
59503.75964301 14.052 0.195 WISE_W2
59503.75964301 14.735 0.091 WISE_W1
59503.82509466 14.222 0.28 WISE_W2
59503.82509466 14.873 0.1 WISE_W1
59503.89041895 14.196 0.177 WISE_W2
59503.89041895 14.924 0.096 WISE_W1
59503.95574323 14.741 0.088 WISE_W1
59503.95574323 14.311 0.212 WISE_W2
59504.02106752 14.745 0.084 WISE_W1
59504.02106752 14.206 0.223 WISE_W2
59504.15184341 14.777 0.093 WISE_W1
59504.15184341 14.311 0.209 WISE_W2
59504.28249203 13.934 0.229 WISE_W2
59504.28249203 14.553 0.119 WISE_W1
59504.4131406 14.687 0.121 WISE_W1
59504.4131406 14.272 0.212 WISE_W2
59660.78158551 14.806 0.096 WISE_W1
59660.78158551 13.988 0.141 WISE_W2
59660.91223434 13.979 0.18 WISE_W2
59660.91223434 14.415 0.09 WISE_W1
59661.04275586 14.138 0.151 WISE_W2
59661.04275586 14.851 0.096 WISE_W1
59661.10808028 14.228 0.169 WISE_W2
59661.10808028 14.975 0.105 WISE_W1
59661.17340465 14.761 0.094 WISE_W1
59661.17340465 14.228 0.196 WISE_W2
59661.23872903 14.27 0.264 WISE_W2
59661.23872903 14.929 0.116 WISE_W1
59661.30392612 14.058 0.131 WISE_W2
59661.30392612 14.853 0.098 WISE_W1
59661.30405348 14.906 0.111 WISE_W1
59661.30405348 14.392 0.195 WISE_W2
59661.36925054 14.576 0.121 WISE_W1
59661.36925054 14.168 0.235 WISE_W2
59661.49989943 14.722 0.124 WISE_W1
59661.49989943 14.988 0.349 WISE_W2
59661.63042081 14.658 0.087 WISE_W1
59661.63042081 14.13 0.165 WISE_W2
59661.76106959 14.549 0.253 WISE_W2
59661.76106959 14.74 0.088 WISE_W1
59867.55726192 13.961 0.202 WISE_W2
59867.55726192 14.847 0.097 WISE_W1
59867.68765588 14.267 0.266 WISE_W2
59867.68765588 14.893 0.107 WISE_W1
59867.8180499 14.516 0.403 WISE_W2
59867.8180499 14.597 0.086 WISE_W1
59867.94844385 14.848 0.096 WISE_W1
59867.94844385 14.568 0.364 WISE_W2
59868.01351354 14.641 0.087 WISE_W1
59868.01351354 14.156 0.256 WISE_W2
59868.01364086 15.006 0.12 WISE_W1
59868.01364086 14.52 0.379 WISE_W2
59868.07871056 14.982 0.141 WISE_W1
59868.07871056 13.868 0.229 WISE_W2
59868.14390751 14.156 0.288 WISE_W2
59868.14390751 14.795 0.096 WISE_W1
59868.20910451 14.03 0.282 WISE_W2
59868.20910451 14.834 0.101 WISE_W1
59868.27430152 14.235 0.311 WISE_W2
59868.27430152 15.033 0.144 WISE_W1
59868.40469553 14.744 0.128 WISE_W1
59868.40469553 14.057 0.313 WISE_W2
59868.53508949 15.012 0.139 WISE_W1
59870.68671823 14.485 0.416 WISE_W2
59870.68671823 14.769 0.109 WISE_W1
59870.81711223 13.705 0.238 WISE_W2
59870.81711223 14.872 0.129 WISE_W1
59870.88230925 14.773 0.126 WISE_W1
59870.88230925 13.899 0.252 WISE_W2
59870.94737889 14.77 0.481 WISE_W2
59870.94737889 14.745 0.091 WISE_W1
59870.94750625 14.709 0.436 WISE_W2
59870.94750625 14.961 0.116 WISE_W1
59871.01270325 14.16 0.27 WISE_W2
59871.01270325 14.683 0.1 WISE_W1
59871.07777285 14.832 0.103 WISE_W1
59871.07777285 14.016 0.209 WISE_W2
59871.14246054 13.427 0.225 WISE_W2
59871.14246054 14.788 0.106 WISE_W1
59871.14258786 14.755 0.097 WISE_W1
59871.14258786 14.085 0.241 WISE_W2
59871.27336387 13.807 0.228 WISE_W2
59871.27336387 14.683 0.092 WISE_W1
59871.40375787 14.568 0.122 WISE_W1
59871.40375787 14.434 0.265 WISE_W2
59871.53364248 14.79 0.091 WISE_W1
59928.5729647578 21.2264 0.0783667 PS_w
59928.585928195 21.4241 0.0987961 PS_w
59928.598907791 21.2654 0.0872783 PS_w
59928.6119526423 21.2962 0.0933196 PS_w
60024.91712446 14.319 0.189 WISE_W2
60024.91712446 14.65 0.081 WISE_W1
60024.91725177 14.187 0.177 WISE_W2
60024.91725177 14.813 0.088 WISE_W1
60025.04726409 14.678 0.09 WISE_W1
60025.04726409 13.64 0.131 WISE_W2
60025.17727635 14.811 0.085 WISE_W1
60025.17727635 13.911 0.203 WISE_W2
60025.24221883 14.694 0.079 WISE_W1
60025.24221883 14.118 0.18 WISE_W2
60025.30728861 14.093 0.159 WISE_W2
60025.30728861 14.594 0.086 WISE_W1
60025.37223109 14.783 0.087 WISE_W1
60025.37223109 14.344 0.238 WISE_W2
60025.43730088 14.636 0.075 WISE_W1
60025.43730088 13.991 0.184 WISE_W2
60025.50173404 14.692 0.105 WISE_W1
60025.50173404 14.202 0.2 WISE_W2
60025.50186137 14.681 0.078 WISE_W1
60025.50186137 13.872 0.13 WISE_W2
60025.63225552 14.191 0.165 WISE_W2
60025.63225552 14.545 0.08 WISE_W1
60025.76226779 14.374 0.198 WISE_W2
60025.76226779 14.732 0.083 WISE_W1
60025.76239515 14.206 0.204 WISE_W2
60025.76239515 14.653 0.079 WISE_W1
60025.89228006 14.581 0.075 WISE_W1
60025.89228006 13.98 0.16 WISE_W2
60025.89240742 14.142 0.192 WISE_W2
60025.89240742 14.833 0.106 WISE_W1
60208.6131187476 21.4038 0.44457 PS_w
60208.6182850312 21.3552 0.3823 PS_w
60229.5745720356 19.4704 0.441322 PS_w
60229.5978392473 21.1777 0.459865 PS_w
60233.5665111771 21.0263 0.0742261 PS_w
60233.590771282 21.1166 0.0812672 PS_w
60233.6029417296 21.0172 0.0683686 PS_w
60234.7739101 14.627 0.103 WISE_W1
60234.7739101 13.929 0.148 WISE_W2
60234.90328543 14.633 0.079 WISE_W1
60234.90328543 13.729 0.144 WISE_W2
60235.03266065 14.301 0.222 WISE_W2
60235.03266065 14.616 0.082 WISE_W1
60235.09683888 14.188 0.171 WISE_W2
60235.09683888 14.628 0.085 WISE_W1
60235.16203588 14.159 0.171 WISE_W2
60235.16203588 14.681 0.086 WISE_W1
60235.22672351 13.884 0.151 WISE_W2
60235.22672351 14.716 0.084 WISE_W1
60235.29141115 14.145 0.195 WISE_W2
60235.29141115 14.469 0.499 WISE_W2
60235.29141115 14.742 0.102 WISE_W1
60235.35609878 14.078 0.174 WISE_W2
60235.35609878 14.654 0.079 WISE_W1
60235.48509206 13.898 0.131 WISE_W2
60235.48509206 14.681 0.093 WISE_W1
60235.61497664 14.55 0.074 WISE_W1
60235.61497664 14.179 0.185 WISE_W2
60235.74435191 14.575 0.073 WISE_W1
60235.74435191 14.159 0.176 WISE_W2
60238.5828974145 17.3881 0.0204766 PS_w
60238.5932296038 17.5229 0.0250297 PS_w
60238.6035784599 17.599 0.0258488 PS_w
60238.6138828424 17.7442 0.0269475 PS_w
60243.5958936837 21.1549 0.162111 PS_w
60243.6057507974 20.995 0.165384 PS_w
60243.6156075359 20.9375 0.163776 PS_w
60243.6255042726 20.9497 0.14837 PS_w
60253.584556 20.783 0.844 ATLAS_o
60253.595839 20.083 0.527 ATLAS_o
60257.5408 20.701 0.496 ATLAS_c
60257.54872 20.675 0.581 ATLAS_c
60257.550529 20.83 0.609 ATLAS_c
60257.556136 20.058 0.307 ATLAS_c
60259.5298992429 20.9326 0.167967 PS_w
60259.546167 20.864 0.518 ATLAS_c
60259.551629 20.875 0.673 ATLAS_c
60259.55389 20.741 0.559 ATLAS_c
60259.5569979432 20.8828 0.12125 PS_w
60259.55969 20.837 0.638 ATLAS_c
60259.5706008338 20.8091 0.107161 PS_w
60260.975266200025 20.928699493408203 0.3701269924640655 ZTF_g
60261.536661 20.747 0.891 ATLAS_c
60261.538471 20.596 0.647 ATLAS_c
60261.541646 20.668 0.738 ATLAS_c
60261.543001 20.357 0.79 ATLAS_c
60261.547051 20.299 0.432 ATLAS_c
60262.96996530006 20.64620018005371 0.2923780083656311 ZTF_r
60263.554894 20.701 0.551 ATLAS_c
60263.559494 19.79 0.289 ATLAS_c
60265.549945 20.126 0.364 ATLAS_c
60265.551753 20.041 0.374 ATLAS_c
60265.556888 20.738 0.643 ATLAS_c
60267.532653 19.869 0.393 ATLAS_c
60267.53451 19.247 0.198 ATLAS_c
60269.612045 21.053 0.705 ATLAS_c
60269.617251 20.952 0.745 ATLAS_c
60269.629794 19.913 0.268 ATLAS_c
60273.637847 20.782 0.66 ATLAS_o
60273.641603 19.774 0.227 ATLAS_o
60273.645819 20.171 0.516 ATLAS_o
60281.497512 20.274 0.651 ATLAS_o
60281.500743 19.958 0.484 ATLAS_o
60281.506728 19.627 0.356 ATLAS_o
60281.507633 19.605 0.271 ATLAS_o
60281.509944 20.035 0.438 ATLAS_o
60281.511752 19.853 0.367 ATLAS_o
60281.518297 20.408 0.728 ATLAS_o
60283.515101 19.745 0.32 ATLAS_o
60283.516908 19.559 0.292 ATLAS_o
60283.520073 19.851 0.317 ATLAS_o
60283.541413 19.656 0.262 ATLAS_o
60284.326215 20.249 0.249 ATLAS_o
60284.330404 20.426 0.349 ATLAS_o
60284.340154 19.911 0.219 ATLAS_o
60284.521897 20.529 0.486 ATLAS_o
60284.523284 19.775 0.214 ATLAS_o
60284.529141 20.343 0.404 ATLAS_o
60284.55259 19.452 0.187 ATLAS_o
60285.4387524734 20.0445 0.0718049 PS_w
60285.4496933926 20.0503 0.0714094 PS_w
60285.459904 20.443 0.403 ATLAS_c
60285.4606379828 20.0464 0.0682918 PS_w
60285.461711 19.561 0.171 ATLAS_c
60285.4715882493 20.0665 0.0853412 PS_w
60285.479258 20.425 0.544 ATLAS_o
60285.482186 19.602 0.273 ATLAS_o
60285.48809 20.998 0.844 ATLAS_o
60285.496081 19.817 0.239 ATLAS_c
60285.499197 19.571 0.252 ATLAS_o
60285.508265 20.259 0.447 ATLAS_c
60287.501565 19.939 0.298 ATLAS_c
60287.504351 20.383 0.448 ATLAS_c
60287.515084 19.399 0.182 ATLAS_c
60287.526099 19.879 0.245 ATLAS_o
60287.534321 20.774 0.562 ATLAS_c
60287.536907 19.615 0.233 ATLAS_o
60287.79966440005 20.138900756835938 0.2392069995403289 ZTF_g
60287.87429400021 20.163799285888672 0.255061000585556 ZTF_r
60288.582195 19.904 0.272 ATLAS_o
60288.585074 19.883 0.302 ATLAS_o
60288.590777 20.452 0.581 ATLAS_o
60288.621385 19.987 0.361 ATLAS_o
60288.92009259993 19.97369956970215 0.1911659985780716 ZTF_r
60288.962465300225 20.174100875854492 0.2485789954662323 ZTF_g
60289.531592 20.535 0.925 ATLAS_c
60289.81605320005 19.68160057067871 0.3081859946250915 ZTF_r
60289.863275500014 20.236499786376953 0.2221869975328445 ZTF_g
60290.483923 20.073 0.342 ATLAS_c
60290.485731 19.623 0.242 ATLAS_c
60290.488895 20.968 0.791 ATLAS_c
60290.511991 20.217 0.394 ATLAS_c
60290.97592590004 20.108200073242188 0.1781319975852966 ZTF_g
60291.572339 20.205 0.309 ATLAS_o
60291.575907 20.11 0.293 ATLAS_o
60291.611249 20.223 0.353 ATLAS_o
60291.616705 19.935 0.254 ATLAS_o
60292.493647 19.961 0.325 ATLAS_o
60292.497209 19.403 0.196 ATLAS_o
60292.502002 20.235 0.399 ATLAS_o
60292.507087 19.85 0.324 ATLAS_o
60292.880613400135 19.812400817871097 0.103981003165245 ZTF_r
60292.962754600216 20.267200469970703 0.1233050003647804 ZTF_g
60292.983298600186 20.144500732421875 0.1106249988079071 ZTF_g
60293.00383100007 20.211700439453125 0.1343030035495758 ZTF_g
60293.02644680021 20.05089950561523 0.1411210000514984 ZTF_g
60293.043310199864 20.329700469970703 0.1341080069541931 ZTF_g
60293.476365 19.954 0.292 ATLAS_c
60293.478174 19.541 0.196 ATLAS_c
60293.481156 19.854 0.263 ATLAS_c
60293.487563 19.91 0.304 ATLAS_c
60293.85038190009 19.917299270629883 0.1903640031814575 ZTF_g
60293.86091439985 20.087900161743164 0.1516290009021759 ZTF_g
60293.9136806 19.918800354003903 0.1515129953622818 ZTF_r
60293.94251159998 19.692699432373047 0.1315509974956512 ZTF_r
60293.96502309991 19.98509979248047 0.1034609973430633 ZTF_g
60293.97920140019 20.158899307250977 0.1196440011262893 ZTF_g
60293.98394680023 20.118999481201172 0.1319400072097778 ZTF_g
60293.99861110002 20.154399871826172 0.1197429969906807 ZTF_g
60294.4396281695 19.8921 0.0331586 PS_w
60294.4513280103 19.8819 0.0467138 PS_w
60294.4630829318 19.879 0.0571235 PS_w
60294.468063 19.671 0.235 ATLAS_c
60294.470323 20.123 0.31 ATLAS_c
60294.475867 20.175 0.374 ATLAS_c
60294.481269 19.669 0.207 ATLAS_c
60294.872256900184 19.9606990814209 0.1533789932727813 ZTF_g
60294.92179400008 20.042800903320312 0.2516190111637115 ZTF_g
60294.92535880022 20.15760040283203 0.21110600233078 ZTF_g
60294.99560189992 19.918399810791016 0.2185049951076507 ZTF_g
60294.99675930012 20.009300231933594 0.2350270003080368 ZTF_g
60295.00728010014 19.77389907836914 0.2401500046253204 ZTF_r
60295.532833 20.24 0.386 ATLAS_o
60295.558049 19.697 0.222 ATLAS_o
60295.61176 20.169 0.429 ATLAS_o
60295.81711809989 19.82010078430176 0.2127809971570968 ZTF_r
60295.817592599895 19.71470069885254 0.1907140016555786 ZTF_r
60302.419296 19.109 0.29 ATLAS_o
60302.422012 19.084 0.254 ATLAS_o
60302.425629 19.751 0.353 ATLAS_o
60302.431055 19.522 0.344 ATLAS_o
60310.486004 20.513 0.524 ATLAS_o
60310.489136 19.261 0.187 ATLAS_o
60310.521869 19.359 0.228 ATLAS_o
60310.52698 19.916 0.309 ATLAS_o
60311.487457 19.177 0.182 ATLAS_o
60311.491154 19.43 0.251 ATLAS_o
60311.496695 20.081 0.376 ATLAS_o
60311.5072072259 19.6944 0.0769062 PS_w
60311.5189227512 19.717 0.087194 PS_w
60311.522966 20.277 0.448 ATLAS_o
60311.5305244146 19.7126 0.0884355 PS_w
60311.5421294075 19.6907 0.0603205 PS_w
60311.94785880018 19.89240074157715 0.2078350037336349 ZTF_g
60312.428078 19.36 0.178 ATLAS_o
60312.430165 19.914 0.316 ATLAS_o
60312.433397 19.49 0.219 ATLAS_o
60312.438477 19.708 0.253 ATLAS_o
60313.425969 19.704 0.375 ATLAS_o
60313.428953 20.158 0.803 ATLAS_o
60313.436641 20.171 0.793 ATLAS_o
60314.518692 19.448 0.203 ATLAS_o
60314.523375 19.611 0.281 ATLAS_o
60314.53058 19.3 0.182 ATLAS_o
60314.540699 19.5 0.232 ATLAS_o
60315.463512 20.001 0.306 ATLAS_o
60315.496901 19.539 0.2 ATLAS_o
60315.500215 19.826 0.233 ATLAS_o
60315.507365 19.602 0.211 ATLAS_o
60315.77012730017 19.6914005279541 0.1332489997148513 ZTF_r
60315.8043056 19.73310089111328 0.1389259994029998 ZTF_r
60315.91320599988 19.913000106811523 0.2085440009832382 ZTF_g
60315.92134260014 19.94890022277832 0.2043740004301071 ZTF_g
60316.431259 19.996 0.296 ATLAS_o
60316.434488 19.577 0.217 ATLAS_o
60316.455645 19.544 0.208 ATLAS_o
60316.483118 19.923 0.318 ATLAS_o
60317.456795 19.164 0.593 ATLAS_o
60317.460083 19.642 0.234 ATLAS_o
60317.46752 19.428 0.245 ATLAS_o
60317.520987 19.432 0.184 ATLAS_o
60319.55439 19.547 0.208 ATLAS_o
60319.557829 19.802 0.243 ATLAS_o
60319.643981 19.269 0.212 ATLAS_o
60319.6523 -17.761 0.473 ATLAS_o
60320.446654 19.157 0.184 ATLAS_o
60320.479717 19.584 0.263 ATLAS_o
60320.482576 19.708 0.27 ATLAS_o
60320.508499 19.398 0.209 ATLAS_o
60322.75809030002 19.51110076904297 0.2135580033063888 ZTF_r
60322.81656249985 19.74650001525879 0.2009689956903457 ZTF_g
60323.442062 19.932 0.279 ATLAS_o
60323.471041 20.122 0.337 ATLAS_o
60323.474274 19.592 0.187 ATLAS_o
60323.49582 19.64 0.205 ATLAS_o
60323.77495370014 19.972000122070312 0.261572003364563 ZTF_r
60323.922870399896 20.06209945678711 0.2581509947776794 ZTF_g
60324.492959 19.736 0.285 ATLAS_o
60324.496193 19.727 0.273 ATLAS_o
60324.501385 20.446 0.478 ATLAS_o
60324.511347 19.717 0.243 ATLAS_o
60324.73730320018 19.67530059814453 0.1405079960823059 ZTF_r
60324.916238400154 19.884199142456055 0.1421830058097839 ZTF_g
60325.529167 19.305 0.368 ATLAS_o
60325.538353 19.379 0.301 ATLAS_o
60325.75868060021 19.822999954223633 0.1656879931688308 ZTF_g
60325.86216440005 19.78610038757324 0.1716870069503784 ZTF_r
60326.72076389985 19.5447998046875 0.1294919997453689 ZTF_r
60326.951817099936 19.647199630737305 0.1969249993562698 ZTF_g
60327.382781 19.886 0.309 ATLAS_o
60327.384628 19.151 0.171 ATLAS_o
60327.387397 19.61 0.266 ATLAS_o
60327.411423 19.889 0.322 ATLAS_o
60327.8365162001 19.94029998779297 0.1471550017595291 ZTF_g
60327.89589119982 19.70639991760254 0.1878779977560043 ZTF_r
60328.399639 19.687 0.274 ATLAS_o
60328.405111 19.913 0.289 ATLAS_o
60328.40696 19.531 0.21 ATLAS_o
60328.430846 20.114 0.436 ATLAS_o
60329.372972 19.807 0.355 ATLAS_o
60329.376788 19.502 0.237 ATLAS_o
60329.382765 19.433 0.254 ATLAS_o
60329.38809 19.839 0.396 ATLAS_o
60330.364338 19.168 0.29 ATLAS_o
60330.36628 19.606 0.348 ATLAS_o
60330.368541 19.237 0.565 ATLAS_o
60330.369445 19.769 0.468 ATLAS_o
60330.370802 19.509 0.329 ATLAS_o
60330.396364 19.835 0.583 ATLAS_o
60337.448196 19.496 0.332 ATLAS_o
60337.451826 19.136 0.198 ATLAS_o
60337.45725 19.344 0.259 ATLAS_o
60337.469065 19.921 0.414 ATLAS_o
60338.434349 -19.727 0.407 ATLAS_o
60338.438688 19.467 0.29 ATLAS_o
60338.444702 20.716 0.915 ATLAS_o
60338.454805 19.627 0.339 ATLAS_o
60338.77918979991 19.148099899291992 0.2116069942712783 ZTF_r
60339.420831 19.489 0.25 ATLAS_o
60339.449963 19.318 0.243 ATLAS_o
60339.453193 19.278 0.198 ATLAS_o
60339.458848 19.339 0.2 ATLAS_o
60340.41911 19.136 0.173 ATLAS_o
60340.422342 19.379 0.206 ATLAS_o
60340.428274 19.241 0.189 ATLAS_o
60340.438905 19.565 0.203 ATLAS_o
60340.85180559987 19.222700119018555 0.1166829988360405 ZTF_r
60340.85228009987 19.41830062866211 0.1925140023231506 ZTF_r
60340.88490739977 19.67799949645996 0.2682879865169525 ZTF_g
60340.8853703998 19.67280006408691 0.2171899974346161 ZTF_g
60341.2943228935 19.327 0.0281543 PS_w
60341.3065898763 19.3066 0.0458808 PS_w
60341.3188472107 19.3263 0.0507443 PS_w
60341.405816 19.454 0.18 ATLAS_o
60341.408722 19.068 0.156 ATLAS_o
60341.415172 19.594 0.245 ATLAS_o
60341.42573 19.219 0.157 ATLAS_o
60343.403518 19.317 0.18 ATLAS_o
60343.407668 19.406 0.179 ATLAS_o
60343.414138 19.19 0.142 ATLAS_o
60343.423955 19.186 0.169 ATLAS_o
60344.398042 19.241 0.148 ATLAS_o
60344.401736 19.482 0.178 ATLAS_o
60344.407463 19.529 0.188 ATLAS_o
60344.417633 19.347 0.137 ATLAS_o
60345.385394 19.474 0.219 ATLAS_c
60345.388557 19.677 0.247 ATLAS_c
60345.394431 19.33 0.16 ATLAS_c
60345.405262 19.367 0.188 ATLAS_c
60346.389261 19.187 0.16 ATLAS_c
60346.394708 19.597 0.229 ATLAS_c
60346.397874 19.327 0.194 ATLAS_c
60346.409289 19.536 0.235 ATLAS_c
60349.2817917536 19.1702 0.0216896 PS_w
60349.2934170887 19.2324 0.0209168 PS_w
60349.3051867167 19.2094 0.0297073 PS_w
60349.3168223099 19.2242 0.0158813 PS_w
60349.387536 19.098 0.149 ATLAS_c
60349.398106 19.258 0.137 ATLAS_c
60349.401271 19.327 0.168 ATLAS_c
60349.408683 19.317 0.154 ATLAS_c
60350.390617 19.139 0.174 ATLAS_c
60350.394245 19.259 0.189 ATLAS_c
60350.399294 19.483 0.18 ATLAS_c
60350.399746 19.013 0.149 ATLAS_c
60350.40291 19.474 0.197 ATLAS_c
60350.408564 19.114 0.144 ATLAS_c
60350.40992 19.502 0.183 ATLAS_c
60350.419265 19.504 0.18 ATLAS_c
60352.753622699995 19.434900283813477 0.1237440034747123 ZTF_g
60352.77854169998 19.432199478149418 0.1254239976406097 ZTF_g
60352.83939810004 19.1466007232666 0.1238420009613037 ZTF_r
60353.2369685988 19.1853 0.0265806 PS_w
60353.2492643125 19.188 0.0243863 PS_w
60353.2615606385 19.2099 0.0268535 PS_w
60353.2738450035 19.166 0.0221346 PS_w
60353.3837070931 19.2102 0.0379731 PS_w
60353.399483 19.264 0.16 ATLAS_c
60353.402646 19.416 0.195 ATLAS_c
60353.408286 19.402 0.173 ATLAS_c
60353.443986 19.228 0.15 ATLAS_c
60354.372709 18.885 0.128 ATLAS_c
60354.376051 19.185 0.163 ATLAS_c
60354.381482 19.417 0.191 ATLAS_c
60354.415783 19.548 0.193 ATLAS_c
60354.74990739999 19.253999710083008 0.1233090013265609 ZTF_g
60354.757118099835 19.19770050048828 0.1128539964556694 ZTF_r
60354.86778939981 19.263999938964844 0.1380749940872192 ZTF_r
60357.532079 19.328 0.23 ATLAS_c
60357.535258 20.034 0.377 ATLAS_c
60357.541595 19.497 0.207 ATLAS_c
60357.553212 19.522 0.233 ATLAS_c
60357.79968750011 19.13909912109375 0.092067003250122 ZTF_r
60357.81576390006 19.21470069885254 0.1079199984669685 ZTF_r
60357.86598380003 19.275100708007812 0.1454720050096511 ZTF_g
60357.900080999825 19.36260032653809 0.1205110028386116 ZTF_g
60358.33338 19.614 0.422 ATLAS_o
60358.336544 19.624 0.312 ATLAS_o
60358.382898 18.989 0.176 ATLAS_o
60358.385846 19.082 0.176 ATLAS_o
60358.391029 19.65 0.286 ATLAS_o
60358.410586 19.582 0.298 ATLAS_o
60365.37969 17.95 0.915 ATLAS_o
60365.383304 18.807 0.553 ATLAS_o
60365.388764 18.87 0.211 ATLAS_o
60365.399437 18.857 0.319 ATLAS_o
60366.369667 19.227 0.241 ATLAS_o
60366.372892 19.616 0.343 ATLAS_o
60366.379365 18.911 0.203 ATLAS_o
60366.389389 18.751 0.179 ATLAS_o
60368.366888 19.46 0.207 ATLAS_o
60368.377062 19.288 0.196 ATLAS_o
60368.380297 19.574 0.297 ATLAS_o
60368.385611 19.167 0.172 ATLAS_o
60368.772685199976 19.019899368286133 0.0969050005078315 ZTF_r
60368.90876160003 19.277700424194336 0.3063780069351196 ZTF_g
60369.80245369999 19.05430030822754 0.1059769988059997 ZTF_r
60369.85222220002 19.322799682617188 0.1917600035667419 ZTF_g
60370.350236 18.994 0.188 ATLAS_o
60370.355417 18.823 0.126 ATLAS_o
60370.358656 18.662 0.262 ATLAS_o
60370.369119 19.143 0.208 ATLAS_o
60371.362667 19.222 0.155 ATLAS_o
60371.366089 18.993 0.125 ATLAS_o
60371.37126 19.257 0.159 ATLAS_o
60371.382889 19.079 0.13 ATLAS_o
60374.734247699846 19.224599838256836 0.0931779965758323 ZTF_g
60374.76903939992 19.060300827026367 0.1270570009946823 ZTF_r
60375.475129 18.718 0.134 ATLAS_o
60375.478377 19.156 0.176 ATLAS_o
60375.483586 18.9 0.146 ATLAS_o
60375.495526 19.377 0.256 ATLAS_o
60378.713379600085 19.006500244140625 0.1308079957962036 ZTF_r
60383.357613 19.28 0.513 ATLAS_o
60384.307374 18.739 0.1 ATLAS_o
60384.310608 18.808 0.111 ATLAS_o
60384.316154 18.957 0.115 ATLAS_o
60384.32653 19.079 0.13 ATLAS_o
60386.314356 19.013 0.184 ATLAS_o
60386.319775 19.228 0.209 ATLAS_o
60386.334435 18.628 0.119 ATLAS_o
60390.850486100186 18.664100646972656 0.1394809931516647 ZTF_r
60391.334949 18.742 0.23 ATLAS_o
60391.338293 18.862 0.242 ATLAS_o
60391.343991 19.865 0.654 ATLAS_o
60391.354415 19.084 0.319 ATLAS_o
60391.69445599988 19.007299423217773 0.1308369934558868 ZTF_g
60391.73456020001 18.85059928894043 0.2605159878730774 ZTF_r
60391.9851111 13.92 0.147 WISE_W2
60391.9851111 14.347 0.063 WISE_W1
60392.11321316 14.238 0.092 WISE_W1
60392.11321316 13.674 0.127 WISE_W2
60392.2423338 13.811 0.125 WISE_W2
60392.2423338 14.32 0.068 WISE_W1
60392.33322 18.739 0.218 ATLAS_o
60392.336459 18.883 0.217 ATLAS_o
60392.341647 18.607 0.215 ATLAS_o
60392.360689 19.084 0.365 ATLAS_o
60392.37107255 14.325 0.089 WISE_W1
60392.37107255 13.941 0.139 WISE_W2
60392.43486889 13.882 0.17 WISE_W2
60392.43486889 14.34 0.067 WISE_W1
60392.49917456 13.485 0.119 WISE_W2
60392.49917456 14.364 0.069 WISE_W1
60392.56348027 13.792 0.144 WISE_W2
60392.56348027 14.366 0.098 WISE_W1
60392.62829534 14.438 0.07 WISE_W1
60392.62829534 13.694 0.125 WISE_W2
60392.69221896 14.178 0.082 WISE_W1
60392.69221896 13.681 0.146 WISE_W2
60392.82083038 14.353 0.071 WISE_W1
60392.82083038 13.796 0.15 WISE_W2
60392.94944181 13.658 0.135 WISE_W2
60392.94944181 14.288 0.065 WISE_W1
60393.307545 18.861 0.401 ATLAS_o
60393.31071 18.857 0.479 ATLAS_o
60393.317061 18.615 0.342 ATLAS_o
60394.324641 19.14 0.335 ATLAS_o
60394.328271 18.699 0.188 ATLAS_o
60394.334404 19.218 0.305 ATLAS_o
60394.344449 18.662 0.218 ATLAS_o
60396.371114 18.837 0.192 ATLAS_o
60396.374353 18.998 0.215 ATLAS_o
60396.381554 18.693 0.145 ATLAS_o
60396.392653 18.526 0.117 ATLAS_o
60397.301498 19.219 0.207 ATLAS_o
60397.304723 18.754 0.146 ATLAS_o
60397.311562 18.926 0.169 ATLAS_o
60397.32249 18.811 0.175 ATLAS_o
60397.64083330007 19.040300369262695 0.0909850001335144 ZTF_g
60397.641354199965 18.959699630737305 0.0971890017390251 ZTF_g
60397.739340300206 18.72529983520508 0.0753159970045089 ZTF_r
60397.739340300206 18.72529983520508 0.0753159970045089 ZTF_r
60397.7578125 18.79700088500977 0.0991770029067993 ZTF_r
60398.301541 18.778 0.132 ATLAS_o
60398.30471 18.599 0.117 ATLAS_o
60398.31061 18.738 0.13 ATLAS_o
60398.320778 18.883 0.141 ATLAS_o
60399.308679 18.858 0.122 ATLAS_o
60399.311913 18.988 0.126 ATLAS_o
60399.322058 18.967 0.111 ATLAS_o
60399.327216 18.669 0.095 ATLAS_o
60399.65498840017 19.06800079345703 0.1153419986367225 ZTF_g
60400.310833 18.895 0.116 ATLAS_o
60400.314068 18.789 0.119 ATLAS_o
60400.314993 18.817 0.111 ATLAS_o
60400.318234 18.798 0.113 ATLAS_o
60400.321017 19.038 0.13 ATLAS_o
60400.323785 18.675 0.09 ATLAS_o
60400.331283 18.619 0.101 ATLAS_o
60400.333591 18.824 0.127 ATLAS_o
60401.299474 18.862 0.131 ATLAS_c
60401.302636 18.796 0.127 ATLAS_c
60401.304897 18.762 0.12 ATLAS_c
60401.31013 19.262 0.188 ATLAS_c
60401.310581 19.416 0.19 ATLAS_c
60401.314222 19.368 0.193 ATLAS_c
60401.322071 18.731 0.125 ATLAS_c
60401.324805 18.842 0.122 ATLAS_c
60403.80434030015 19.030500411987305 0.13680100440979 ZTF_g
60404.244086 18.879 0.08 ATLAS_o
60404.25837 18.859 0.069 ATLAS_o
60404.273711 18.697 0.063 ATLAS_o
60404.65512729995 18.822599411010746 0.0849120020866394 ZTF_r
60404.67421300011 19.019699096679688 0.1063269972801208 ZTF_g
60407.70221060002 18.98710060119629 0.0938789993524551 ZTF_g
60408.2524240138 18.8521 0.0242298 PS_w
60408.2652094915 18.873 0.0279859 PS_w
60408.278544717 18.8361 0.0331127 PS_w
60408.2912989454 18.7795 0.0324091 PS_w
60408.663310199976 18.979900360107425 0.2448859959840774 ZTF_g
60408.7425694 18.782899856567383 0.0970619991421699 ZTF_r
60410.281465 18.661 0.085 ATLAS_o
60410.295256 18.783 0.083 ATLAS_o
60410.309052 18.979 0.101 ATLAS_o
60417.262753 18.457 0.169 ATLAS_o
60417.265626 18.77 0.816 ATLAS_o
60417.271066 19.575 0.452 ATLAS_o
60417.280875 18.697 0.241 ATLAS_o
60418.270247 18.407 0.14 ATLAS_o
60418.275371 18.751 0.179 ATLAS_o
60418.279038 18.377 0.151 ATLAS_o
60418.290018 18.661 0.185 ATLAS_o
60419.65768520022 19.033100128173828 0.1272979974746704 ZTF_g
60419.72072920017 18.73710060119629 0.1085150018334388 ZTF_r
60421.256281 18.86 0.241 ATLAS_o
60421.259984 19.311 0.362 ATLAS_o
60421.265433 18.632 0.184 ATLAS_o
60421.279121 19.348 0.313 ATLAS_o
60421.716608799994 18.782899856567383 0.1324670016765594 ZTF_r
60421.7170833 18.697200775146484 0.127811998128891 ZTF_r
60421.76622689981 18.87170028686523 0.2130970060825348 ZTF_g
60422.266143 18.821 0.277 ATLAS_o
60422.26933 18.853 0.223 ATLAS_o
60422.274771 18.635 0.209 ATLAS_o
60422.284949 18.499 0.208 ATLAS_o
60425.339782 19.213 0.611 ATLAS_o
60425.342946 19.58 0.759 ATLAS_o
60425.348437 18.228 0.277 ATLAS_o
60425.358844 19.241 0.705 ATLAS_o
60426.305184 18.733 0.185 ATLAS_o
60426.308802 18.73 0.203 ATLAS_o
60426.31423 18.797 0.217 ATLAS_o
60426.324637 18.244 0.146 ATLAS_o
60429.327102 18.993 0.498 ATLAS_o
60429.347925 18.106 0.313 ATLAS_o
60429.350726 17.591 0.257 ATLAS_o
60429.35916 18.434 0.276 ATLAS_o
60429.68103010021 18.968299865722656 0.0927560031414032 ZTF_g
60429.69861110021 18.643699645996097 0.1137370020151138 ZTF_r
60429.699560199864 18.6289005279541 0.06682900339365 ZTF_r
60429.74226849992 18.853200912475582 0.1262460052967071 ZTF_g
60430.25993 18.381 0.84 ATLAS_o
60430.263587 17.956 0.577 ATLAS_o
60431.284387 18.485 0.105 ATLAS_o
60431.287621 18.712 0.123 ATLAS_o
60431.294127 18.486 0.097 ATLAS_o
60431.30702 18.757 0.11 ATLAS_o
60432.250039 18.681 0.132 ATLAS_o
60432.253272 18.539 0.105 ATLAS_o
60432.259307 18.607 0.119 ATLAS_o
60432.269129 18.852 0.157 ATLAS_o
60433.252691 18.808 0.169 ATLAS_o
60433.255855 18.521 0.105 ATLAS_o
60433.261341 19.247 0.217 ATLAS_o
60433.271339 18.621 0.12 ATLAS_o
60433.68402779987 18.683900833129883 0.0617320016026496 ZTF_r
60433.684502299875 18.760957717895508 0.1168604120612144 ZTF_r
60434.294793 18.733 0.178 ATLAS_o
60434.300506 18.377 0.17 ATLAS_o
60434.311446 18.669 0.178 ATLAS_o
60437.254568 18.729 0.153 ATLAS_o
60437.257734 18.667 0.118 ATLAS_o
60437.2637 18.639 0.133 ATLAS_o
60437.273701 18.867 0.168 ATLAS_o
60438.251684 18.635 0.138 ATLAS_o
60438.257111 18.577 0.11 ATLAS_o
60438.268903 18.696 0.115 ATLAS_o
60446.245436 18.804 0.241 ATLAS_o
60446.2486 18.491 0.202 ATLAS_o
60446.255836 18.369 0.236 ATLAS_o
60447.28569 18.744 0.179 ATLAS_o
60447.288917 18.577 0.169 ATLAS_o
60447.294466 18.706 0.195 ATLAS_o
60447.305356 18.336 0.149 ATLAS_o
60451.248554 18.666 0.185 ATLAS_o
60451.25133 18.61 0.169 ATLAS_o
60451.256568 18.781 0.217 ATLAS_o
60451.268731 18.981 0.229 ATLAS_o
60452.242711 19.334 0.52 ATLAS_o
60452.245494 18.538 0.174 ATLAS_o
60452.251969 19.186 0.379 ATLAS_o
60452.273592 18.773 0.242 ATLAS_o
60453.246598 17.097 0.397 ATLAS_o
60453.249762 17.067 0.41 ATLAS_o
60540.00598380016 18.634599685668945 0.1411669999361038 ZTF_r
60540.00834489986 18.49959945678711 0.1624550074338913 ZTF_r
60541.00178240007 18.552400588989254 0.252903014421463 ZTF_r
60541.00366900023 18.47960090637207 0.168845996260643 ZTF_r
60541.00414349977 18.575300216674805 0.1548469960689544 ZTF_r
60544.00581019977 18.612199783325195 0.1766660064458847 ZTF_r
60544.00627310015 18.55389976501465 0.146259993314743 ZTF_r
60544.00674769981 18.72410011291504 0.230673000216484 ZTF_r
60544.99689809978 18.510900497436523 0.1115349978208541 ZTF_r
60545.00084490003 18.533300399780273 0.1279499977827072 ZTF_r
60545.00437500002 18.611099243164062 0.1376519948244094 ZTF_r
60545.99734950019 18.549400329589844 0.1431840062141418 ZTF_r
60546.00071759987 18.64240074157715 0.1494269967079162 ZTF_r
60546.00408559991 18.605499267578125 0.1653759926557541 ZTF_r
60547.99887729995 18.61400032043457 0.1270100027322769 ZTF_r
60548.00177079998 18.59469985961914 0.1133560016751289 ZTF_r
60548.00471059978 18.63050079345703 0.1173759996891021 ZTF_r
60548.99834490009 18.57349967956543 0.1304250061511993 ZTF_r
60549.0007755002 18.578100204467773 0.1274379938840866 ZTF_r
60549.00413190015 18.65089988708496 0.1176630035042762 ZTF_r
60549.998472199775 18.44389915466309 0.0938600003719329 ZTF_r
60550.00142360013 18.524999618530273 0.0774570032954216 ZTF_r
60550.005995399784 18.61079978942871 0.10589499771595 ZTF_r
60550.00841439981 18.65970039367676 0.1217200011014938 ZTF_r
60550.008888899814 18.51409912109375 0.1054209992289543 ZTF_r
60550.00935189985 18.519399642944336 0.1325729936361313 ZTF_r
60550.99791669985 18.54439926147461 0.1220329999923706 ZTF_r
60551.00032409979 18.56889915466309 0.1033930033445358 ZTF_r
60551.001354199834 18.551300048828125 0.11404599994421 ZTF_r
60551.00377310021 18.58810043334961 0.1140730008482933 ZTF_r
60551.00480319979 18.608699798583984 0.1102479994297027 ZTF_r
60551.00732639991 18.565399169921875 0.1501230001449585 ZTF_r
60551.99861110002 18.536399841308594 0.0995450019836425 ZTF_r
60552.00314809987 18.56369972229004 0.0866890028119087 ZTF_r
60552.007083300035 18.53230094909668 0.0853319987654686 ZTF_r
60552.99940969981 18.65530014038086 0.0975399985909462 ZTF_r
60553.007291700225 18.61280059814453 0.0885429978370666 ZTF_r
60556.00165509991 18.569599151611328 0.1022109985351562 ZTF_r
60556.00450230017 18.512300491333008 0.1059890016913414 ZTF_r
60556.00450230017 18.512300491333008 0.1059890016913414 ZTF_r
60556.009756899904 18.58810043334961 0.0896300002932548 ZTF_r
60557.000104200095 18.605899810791016 0.0967099964618682 ZTF_r
60557.00202549994 18.611900329589844 0.0829569995403289 ZTF_r
60557.0063426001 18.62829971313477 0.0947650000452995 ZTF_r
60558.00180559978 18.613800048828125 0.1006420031189918 ZTF_r
60558.00472219987 18.633699417114254 0.11820899695158 ZTF_r
60558.0082291998 18.622400283813477 0.099371001124382 ZTF_r
60558.0082291998 18.622400283813477 0.099371001124382 ZTF_r
60559.002499999944 18.564199447631836 0.0976020023226738 ZTF_r
60559.005891200155 18.671300888061523 0.1113760024309158 ZTF_r
60559.009340300225 18.53030014038086 0.0981710031628608 ZTF_r
60566.97189809987 18.59670066833496 0.0999009981751442 ZTF_r
60566.994664399885 18.768800735473633 0.104152999818325 ZTF_g
60571.94700230006 18.61000061035156 0.1761170029640197 ZTF_r
60571.974120399915 18.929399490356445 0.1761060059070587 ZTF_g
60571.987986099906 18.822999954223633 0.1720329970121383 ZTF_g
60574.97172449995 18.627599716186523 0.1299359947443008 ZTF_r
60574.99689809978 18.87299919128418 0.1408810019493103 ZTF_g
60593.94505790016 18.57200050354004 0.0693290010094642 ZTF_r
60593.955624999944 18.700000762939453 0.0921590030193328 ZTF_r
60594.013055600226 18.915800094604492 0.1101280003786087 ZTF_g
60594.01540509984 18.886199951171875 0.1374740004539489 ZTF_g
60595.9451156999 18.969900131225582 0.0909520015120506 ZTF_g
60595.978761599865 18.82349967956543 0.1195380017161369 ZTF_g
60595.99806710007 18.665599822998047 0.0779900029301643 ZTF_r
60596.0066550998 18.614599227905273 0.0641840025782585 ZTF_r
60597.923819399904 18.929100036621097 0.1140009984374046 ZTF_g
60597.962881899904 18.871000289916992 0.0967639982700347 ZTF_g
60598.018067100085 18.60449981689453 0.0682089999318122 ZTF_r
60599.92770829983 18.59600067138672 0.1185050010681152 ZTF_r
60599.95086809993 18.668399810791016 0.1232779994606971 ZTF_r
60599.99386569997 18.8705997467041 0.14546999335289 ZTF_g
60602.94208330009 18.867300033569336 0.1887719929218292 ZTF_g
60602.98774310015 18.74810028076172 0.1623840034008026 ZTF_r
60603.005393499974 18.64389991760254 0.1841479986906051 ZTF_r
60604.86909720022 18.779300689697266 0.1613519936800003 ZTF_g
60608.96810190007 18.790599822998047 0.0904430001974105 ZTF_g
60609.004745400045 18.543399810791016 0.0730220004916191 ZTF_r
60609.91230319999 18.85140037536621 0.0888170003890991 ZTF_g
60609.98440970015 18.60950088500977 0.0965360030531883 ZTF_r
60610.927118100226 18.84460067749023 0.1110460013151168 ZTF_g
60610.96379629988 18.545000076293945 0.157490000128746 ZTF_r
60611.943136599846 18.652999877929688 0.0885469987988472 ZTF_r
60614.96351849986 18.56629943847656 0.0640840008854866 ZTF_r
60615.92717589997 18.918800354003903 0.0792149975895881 ZTF_g
60615.974699100014 18.633100509643555 0.0945219993591308 ZTF_r
60618.8427893999 18.679800033569336 0.0998760014772415 ZTF_r
60619.97770830011 18.680200576782227 0.1028399989008903 ZTF_r
60619.99619209999 18.8125 0.0910779982805252 ZTF_g
60621.93151619984 18.915199279785156 0.1746899932622909 ZTF_g
60621.95601850003 18.887699127197266 0.1276459991931915 ZTF_g
60621.99107640004 18.451099395751953 0.1113089993596077 ZTF_r
60621.99107640004 18.451099395751953 0.1113089993596077 ZTF_r
60622.02032409981 18.63050079345703 0.1162400022149086 ZTF_r
60623.95416670013 18.915700912475582 0.074423000216484 ZTF_g
60624.00505790021 18.536300659179688 0.0777029991149902 ZTF_r
60624.0055670999 18.65760040283203 0.1081190034747123 ZTF_r
60624.97204860021 18.920000076293945 0.0799779966473579 ZTF_g
60625.02541670017 18.7273006439209 0.0814829990267753 ZTF_r
60628.00590279978 18.795499801635746 0.0879490002989769 ZTF_r
60628.05151619995 18.61280059814453 0.0763650014996528 ZTF_r
60628.88215279998 18.60919952392578 0.0842320024967193 ZTF_r
60628.88262729999 18.59910011291504 0.0843119993805885 ZTF_r
60628.90224540001 19.050199508666992 0.1995130032300949 ZTF_g
60628.930428199936 18.896499633789062 0.1143840029835701 ZTF_g
60631.8700116002 18.532899856567383 0.1147510036826133 ZTF_r
60631.90674770018 18.872699737548828 0.2053849995136261 ZTF_g
60631.94521989999 18.88249969482422 0.1348810046911239 ZTF_g
60636.935648099985 18.92250061035156 0.0913899987936019 ZTF_g
60636.98408559989 18.701200485229492 0.0834399983286857 ZTF_r
60637.778194400016 18.915700912475582 0.112184002995491 ZTF_g
60637.882129599806 18.573400497436523 0.0790710002183914 ZTF_r
60639.88163190009 18.91069984436035 0.2981939911842346 ZTF_g
60639.90039349999 18.669099807739254 0.1900800019502639 ZTF_r
60640.86184029979 18.626049041748047 0.0752270892262458 ZTF_r
60640.86184029979 18.625999450683594 0.0752269998192787 ZTF_r
60643.90134260012 18.740800857543945 0.1452610045671463 ZTF_r
60644.86844909983 19.015399932861328 0.1059380024671554 ZTF_g
60644.91500000004 18.6205997467041 0.0702439993619918 ZTF_r
60645.94200230017 18.87120056152344 0.311832994222641 ZTF_r
60646.91008100007 18.909099578857425 0.0852089971303939 ZTF_g
60647.921701400075 18.69969940185547 0.1246140003204345 ZTF_r
60648.87122689979 18.906200408935547 0.0824889987707138 ZTF_g
60648.90501159988 18.67609977722168 0.0549720004200935 ZTF_r
60649.87883100007 18.66830062866211 0.0833510011434555 ZTF_r
60649.95854170015 18.8843994140625 0.0786700025200843 ZTF_g
60650.879756900016 18.93589973449707 0.1008670032024383 ZTF_g
60650.95785879996 18.614900588989254 0.0564099997282028 ZTF_r
60652.006863399874 18.98780059814453 0.0897879973053932 ZTF_g
60652.84953700006 18.881000518798828 0.0835120007395744 ZTF_g
60652.96774310013 18.651500701904297 0.0648910030722618 ZTF_r
60653.75814810023 18.72209930419922 0.138150006532669 ZTF_r
60653.80827549985 18.94059944152832 0.1175940036773681 ZTF_g
60654.4623984244 18.6891 0.0368968 PS_w
60654.47401773 18.687 0.0437813 PS_w
60654.4857396997 18.6583 0.0231814 PS_w
60654.4978967756 18.6576 0.0334154 PS_w
60655.738067099825 18.92140007019043 0.1860429942607879 ZTF_g
60655.8657176001 18.78870010375977 0.0963139981031417 ZTF_r
60663.843923599925 18.59779930114746 0.1101069971919059 ZTF_r
60663.8573264 18.673900604248047 0.089477002620697 ZTF_r
60663.91862270003 18.91939926147461 0.116627998650074 ZTF_g
60663.920520800166 18.829999923706055 0.1039370000362396 ZTF_g
60665.879791699816 18.888599395751953 0.1005930006504058 ZTF_g
60665.881215299945 18.928300857543945 0.1156999990344047 ZTF_g
60665.92842590017 18.573699951171875 0.0554030016064643 ZTF_r
60667.3879379854 18.716 0.0220065 PS_w
60667.414609979 18.7051 0.023663 PS_w
60667.4280012365 18.6872 0.027427 PS_w
60667.91841439996 18.68269920349121 0.1647160053253173 ZTF_r
60667.98035879992 18.72439956665039 0.1170519962906837 ZTF_r
60671.87821759982 18.677400588989254 0.0882050022482872 ZTF_r
60671.880115699954 18.607099533081055 0.0764999985694885 ZTF_r
60671.964502300136 19.104999542236328 0.1491920053958892 ZTF_g
60674.72824069997 18.815099716186523 0.1214129999279975 ZTF_g
60677.3771891445 18.6324 0.033183 PS_w
60677.3892396921 18.6558 0.0348365 PS_w
60677.4012958305 18.6408 0.0192703 PS_w
60677.413397829 18.6485 0.0309991 PS_w
60677.85306710005 18.94260025024414 0.1066199988126754 ZTF_g
60677.85934029985 18.580799102783203 0.0594899989664554 ZTF_r
60678.71420140006 18.91679954528809 0.1178580000996589 ZTF_g
60680.826203700155 18.942699432373047 0.099941998720169 ZTF_g
60683.81598380022 18.65800094604492 0.1719859987497329 ZTF_r
60683.91702549998 18.813400268554688 0.1414439976215362 ZTF_g
60686.71295139985 18.7460994720459 0.1552689969539642 ZTF_g
60686.85901620006 18.576099395751953 0.1015850007534027 ZTF_r
60686.8614236 18.574800491333008 0.0855309963226318 ZTF_r
60690.912685200106 18.61260032653809 0.1978220045566558 ZTF_r
60691.78425930021 18.78529930114746 0.1637039929628372 ZTF_g
60691.88274310017 18.617300033569336 0.1168619990348815 ZTF_r
60692.733379600104 18.983699798583984 0.1419110000133514 ZTF_g
60692.79806709988 18.534000396728516 0.085716001689434 ZTF_r
60693.75767360022 18.835100173950195 0.1088500022888183 ZTF_g
60693.860104199965 18.625099182128903 0.0837529972195625 ZTF_r
60694.802546299994 18.65169906616211 0.077114000916481 ZTF_r
60695.754965300206 18.84079933166504 0.0752869993448257 ZTF_g
60697.76872690022 18.56279945373535 0.2282859981060028 ZTF_r
60698.722326400224 18.842500686645508 0.1102029979228973 ZTF_g
60698.722326400224 18.842500686645508 0.1102029979228973 ZTF_g
60698.74491900019 18.620800018310547 0.0977730005979538 ZTF_r
60698.74491900019 18.620800018310547 0.0977730005979538 ZTF_r
60699.73668979993 18.722900390625 0.1661600023508072 ZTF_r
60699.863286999986 18.84779930114746 0.0909430012106895 ZTF_g
60705.797847200185 18.64830017089844 0.0818800032138824 ZTF_r
60710.790879600216 18.637800216674805 0.063130997121334 ZTF_r
60714.91056710016 18.533100128173828 0.1438270062208175 ZTF_r
60714.94003470009 18.82659912109375 0.1897380053997039 ZTF_g
60722.75957180001 18.6653995513916 0.1058500036597251 ZTF_g
60723.80085649993 18.523399353027344 0.2016440033912658 ZTF_r
60724.2493703937 18.5902 0.0128842 PS_w
60724.2596792686 18.559 0.0133188 PS_w
60724.2699629483 18.5777 0.0155402 PS_w
60724.280273268 18.569 0.0168225 PS_w
60724.8050694 18.517499923706055 0.0942199975252151 ZTF_r
60725.72715280019 18.71839904785156 0.0959189981222152 ZTF_g
60725.86481480021 18.51110076904297 0.0906350016593933 ZTF_r
60726.86089120014 18.734399795532227 0.088357999920845 ZTF_g
60726.93071760005 18.581600189208984 0.1169480010867118 ZTF_r
60727.728205999825 18.51469993591309 0.0581829994916915 ZTF_r
60727.84915510006 18.772600173950195 0.1186930015683174 ZTF_g
60728.7144559999 18.52199935913086 0.0780529975891113 ZTF_r
60728.73530089995 18.78499984741211 0.0791919976472854 ZTF_g
60728.75668979995 18.792800903320312 0.0713749974966049 ZTF_g
60730.671354200225 18.50480079650879 0.0590800009667873 ZTF_r
60730.69796299981 18.612300872802734 0.0691080018877983 ZTF_r
60730.7784258998 18.77829933166504 0.0917960032820701 ZTF_g
60730.81151620019 18.76889991760254 0.0857589989900589 ZTF_g
60732.69116900023 18.78420066833496 0.085438996553421 ZTF_g
60732.7019675998 18.77949905395508 0.0693479999899864 ZTF_g
60732.71273150016 18.51959991455078 0.0672509968280792 ZTF_r
60732.73358799983 18.63330078125 0.0966399982571601 ZTF_r
60734.769201400224 18.483999252319336 0.0897860005497932 ZTF_r
60734.79134259978 18.72559928894043 0.096949003636837 ZTF_g
60734.82222220022 18.595399856567383 0.1091710031032562 ZTF_r
60739.65152780013 18.836000442504883 0.1528220027685165 ZTF_g
60739.69252309995 18.424400329589844 0.1279740035533905 ZTF_r
60739.7202198999 18.68440055847168 0.0986619964241981 ZTF_r
60751.755358799826 18.604400634765625 0.0771289989352226 ZTF_r
60753.65056709992 18.50309944152832 0.0641760006546974 ZTF_r
60753.71883099992 18.878400802612305 0.1003659963607788 ZTF_g
60754.74912039982 18.697799682617188 0.2156260013580322 ZTF_r
60755.64214120014 18.821199417114254 0.1146980002522468 ZTF_g
60755.75863429997 18.604400634765625 0.0899830013513565 ZTF_r
60756.73725689994 18.8617000579834 0.0770810022950172 ZTF_g
60756.770092600025 18.67849922180176 0.0956379994750022 ZTF_r
60757.70593750011 18.799400329589844 0.0789059996604919 ZTF_g
60757.73761569988 18.572500228881836 0.0650010034441948 ZTF_r
60758.749050899874 18.905799865722656 0.0853729993104934 ZTF_g
60759.71543980017 18.5664005279541 0.0615549981594085 ZTF_r
60759.737094900105 18.79599952697754 0.0839499980211258 ZTF_g
60760.753043999895 18.911300659179688 0.0798659995198249 ZTF_g
60761.67643520003 18.79780006408691 0.0675840005278587 ZTF_g
60761.69379629986 18.6018009185791 0.0610590018332004 ZTF_r
60772.74689809978 18.78236198425293 0.1702603697776794 ZTF_g
