MJD mag magerr band
56956.29559066 13.827 0.122 WISE_W2
56956.29559066 13.945 0.047 WISE_W1
56956.42713075 14.143 0.054 WISE_W1
56956.42713075 13.908 0.127 WISE_W2
56956.5586708 14.082 0.051 WISE_W1
56956.5586708 13.794 0.124 WISE_W2
56956.69008353 13.924 0.152 WISE_W2
56956.69008353 14.086 0.05 WISE_W1
56956.69021089 13.692 0.103 WISE_W2
56956.69021089 14.066 0.059 WISE_W1
56956.75591728 13.724 0.109 WISE_W2
56956.75591728 14.053 0.055 WISE_W1
56956.82162358 14.015 0.056 WISE_W1
56956.82162358 13.752 0.107 WISE_W2
56956.88745728 13.618 0.12 WISE_W2
56956.88745728 14.079 0.049 WISE_W1
56956.95316367 13.188 0.127 WISE_W2
56956.95316367 14.043 0.067 WISE_W1
56957.01887006 13.721 0.123 WISE_W2
56957.01887006 14.107 0.055 WISE_W1
56957.01899737 13.831 0.12 WISE_W2
56957.01899737 14.135 0.071 WISE_W1
56957.08470376 13.797 0.137 WISE_W2
56957.08470376 14.106 0.048 WISE_W1
56957.1504101 13.856 0.149 WISE_W2
56957.1504101 14.215 0.055 WISE_W1
56957.21624376 13.654 0.103 WISE_W2
56957.21624376 14.133 0.058 WISE_W1
56957.28195015 14.001 0.05 WISE_W1
56957.28195015 13.703 0.11 WISE_W2
56957.34765645 14.186 0.056 WISE_W1
56957.34765645 13.775 0.116 WISE_W2
56957.41349015 13.625 0.113 WISE_W2
56957.41349015 14.105 0.053 WISE_W1
56957.54490289 13.809 0.131 WISE_W2
56957.54490289 14.056 0.051 WISE_W1
56957.6107366 14.101 0.051 WISE_W1
56957.6107366 13.823 0.147 WISE_W2
56957.67644299 14.006 0.208 WISE_W2
56957.67644299 14.351 0.077 WISE_W1
56957.80798308 13.953 0.052 WISE_W1
56957.80798308 13.752 0.151 WISE_W2
56957.93952317 13.464 0.106 WISE_W2
56957.93952317 14.108 0.054 WISE_W1
57123.88772892 13.937 0.157 WISE_W2
57123.88772892 14.032 0.083 WISE_W1
57124.01901451 13.986 0.054 WISE_W1
57124.01901451 13.786 0.117 WISE_W2
57124.01914183 13.904 0.152 WISE_W2
57124.01914183 14.16 0.056 WISE_W1
57124.15042741 13.844 0.19 WISE_W2
57124.15042741 14.154 0.058 WISE_W1
57124.21600653 14.069 0.051 WISE_W1
57124.21600653 13.738 0.113 WISE_W2
57124.281713 14.117 0.058 WISE_W1
57124.281713 13.805 0.117 WISE_W2
57124.34729215 13.853 0.135 WISE_W2
57124.34729215 14.024 0.056 WISE_W1
57124.41299863 14.025 0.051 WISE_W1
57124.41299863 13.86 0.147 WISE_W2
57124.54428418 14.116 0.053 WISE_W1
57124.54428418 13.547 0.106 WISE_W2
57124.60986329 13.887 0.086 WISE_W1
57124.60986329 13.775 0.128 WISE_W2
57124.67556966 13.784 0.108 WISE_W2
57124.67556966 14.091 0.052 WISE_W1
57124.74114877 14.085 0.054 WISE_W1
57124.74114877 13.707 0.101 WISE_W2
57124.74127615 14.116 0.054 WISE_W1
57124.74127615 13.702 0.123 WISE_W2
57124.80685525 14.043 0.049 WISE_W1
57124.80685525 13.847 0.145 WISE_W2
57124.87256172 13.968 0.06 WISE_W1
57124.87256172 13.704 0.145 WISE_W2
57124.93814084 13.909 0.129 WISE_W2
57124.93814084 14.061 0.052 WISE_W1
57125.00384731 14.099 0.054 WISE_W1
57125.00384731 13.48 0.094 WISE_W2
57125.06942647 14.082 0.053 WISE_W1
57125.06942647 13.617 0.112 WISE_W2
57125.13513291 13.803 0.109 WISE_W2
57125.13513291 14.073 0.055 WISE_W1
57125.26641845 13.647 0.143 WISE_W2
57125.26641845 14.095 0.053 WISE_W1
57125.39770403 14.018 0.05 WISE_W1
57125.39770403 13.715 0.113 WISE_W2
57125.52898966 13.796 0.15 WISE_W2
57125.52898966 14.034 0.051 WISE_W1
57318.29826972 13.785 0.122 WISE_W2
57318.29826972 13.975 0.048 WISE_W1
57318.42942802 13.828 0.124 WISE_W2
57318.42942802 13.959 0.046 WISE_W1
57318.56058627 13.708 0.113 WISE_W2
57318.56058627 13.994 0.048 WISE_W1
57318.6261654 13.836 0.15 WISE_W2
57318.6261654 13.96 0.046 WISE_W1
57318.69174448 14.084 0.056 WISE_W1
57318.69174448 13.844 0.124 WISE_W2
57318.75732361 14.079 0.052 WISE_W1
57318.75732361 13.818 0.116 WISE_W2
57318.82290279 14.112 0.063 WISE_W1
57318.82290279 13.584 0.102 WISE_W2
57318.88848191 14.079 0.051 WISE_W1
57318.88848191 13.481 0.1 WISE_W2
57318.95406109 13.714 0.097 WISE_W2
57318.95406109 14.056 0.053 WISE_W1
57319.01964021 13.989 0.049 WISE_W1
57319.01964021 13.803 0.105 WISE_W2
57319.01976758 13.976 0.048 WISE_W1
57319.01976758 13.714 0.101 WISE_W2
57319.0853467 13.675 0.1 WISE_W2
57319.0853467 13.997 0.054 WISE_W1
57319.15092583 14.075 0.051 WISE_W1
57319.15092583 13.739 0.112 WISE_W2
57319.21650491 13.899 0.047 WISE_W1
57319.21650491 13.657 0.115 WISE_W2
57319.28208404 13.78 0.123 WISE_W2
57319.28208404 14.09 0.064 WISE_W1
57319.34766316 13.729 0.116 WISE_W2
57319.34766316 14.097 0.058 WISE_W1
57319.41324234 14.103 0.056 WISE_W1
57319.41324234 13.551 0.129 WISE_W2
57319.54440059 13.618 0.135 WISE_W2
57319.54440059 14.063 0.05 WISE_W1
57319.6755589 13.957 0.045 WISE_W1
57319.6755589 13.624 0.114 WISE_W2
57319.80671711 14.092 0.05 WISE_W1
57319.80671711 13.608 0.124 WISE_W2
57482.77932769 14.151 0.058 WISE_W1
57482.77932769 13.775 0.112 WISE_W2
57482.91048617 13.451 0.087 WISE_W2
57482.91048617 14.132 0.054 WISE_W1
57483.04152311 14.21 0.065 WISE_W1
57483.04152311 13.75 0.107 WISE_W2
57483.1725544 13.6 0.095 WISE_W2
57483.1725544 14.159 0.059 WISE_W1
57483.23813362 13.254 0.101 WISE_W2
57483.23813362 13.981 0.048 WISE_W1
57483.30371294 14.097 0.069 WISE_W1
57483.30371294 13.844 0.104 WISE_W2
57483.36916495 13.808 0.212 WISE_W2
57483.36916495 14.13 0.051 WISE_W1
57483.43474427 14.057 0.053 WISE_W1
57483.43474427 13.596 0.151 WISE_W2
57483.5657755 13.882 0.126 WISE_W2
57483.5657755 14.126 0.052 WISE_W1
57483.63135478 13.797 0.109 WISE_W2
57483.63135478 14.097 0.051 WISE_W1
57483.69680674 14.134 0.052 WISE_W1
57483.69680674 13.641 0.107 WISE_W2
57483.76238601 14.077 0.176 WISE_W2
57483.76238601 14.05 0.059 WISE_W1
57483.82796534 13.801 0.103 WISE_W2
57483.82796534 14.146 0.053 WISE_W1
57483.89341729 13.623 0.088 WISE_W2
57483.89341729 14.15 0.051 WISE_W1
57483.95899661 14.107 0.05 WISE_W1
57483.95899661 13.691 0.106 WISE_W2
57484.02457593 14.02 0.054 WISE_W1
57484.02457593 13.728 0.149 WISE_W2
57484.09002789 13.705 0.103 WISE_W2
57484.09002789 14.026 0.047 WISE_W1
57484.15560721 13.545 0.094 WISE_W2
57484.15560721 14.074 0.052 WISE_W1
57484.2866385 14.008 0.047 WISE_W1
57484.2866385 13.715 0.108 WISE_W2
57484.41766972 13.817 0.118 WISE_W2
57484.41766972 14.069 0.052 WISE_W1
57493.06790407 14.086 0.049 WISE_W1
57493.06790407 13.668 0.106 WISE_W2
57682.28662056 14.165 0.075 WISE_W1
57682.28662056 13.577 0.095 WISE_W2
57682.41752449 13.758 0.114 WISE_W2
57682.41752449 14.066 0.055 WISE_W1
57682.41765182 13.529 0.146 WISE_W2
57682.41765182 14.057 0.052 WISE_W1
57682.54855571 14.1 0.059 WISE_W1
57682.54855571 13.444 0.121 WISE_W2
57682.67958692 14.072 0.051 WISE_W1
57682.67958692 13.821 0.17 WISE_W2
57682.74516623 14.09 0.072 WISE_W1
57682.74516623 13.837 0.12 WISE_W2
57682.81061823 13.589 0.208 WISE_W2
57682.81061823 14.098 0.067 WISE_W1
57682.87607017 14.29 0.229 WISE_W2
57682.87607017 14.05 0.049 WISE_W1
57682.94164949 14.156 0.056 WISE_W1
57682.94164949 14.036 0.175 WISE_W2
57683.00710148 13.732 0.173 WISE_W2
57683.00710148 14.091 0.052 WISE_W1
57683.07268069 14.141 0.053 WISE_W1
57683.07268069 13.764 0.132 WISE_W2
57683.20358464 14.11 0.08 WISE_W1
57683.20358464 13.545 0.105 WISE_W2
57683.20371196 14.095 0.056 WISE_W1
57683.20371196 13.63 0.102 WISE_W2
57683.26916395 13.656 0.123 WISE_W2
57683.26916395 14.057 0.051 WISE_W1
57683.3346159 13.946 0.163 WISE_W2
57683.3346159 14.19 0.068 WISE_W1
57683.40019525 13.763 0.202 WISE_W2
57683.40019525 14.097 0.054 WISE_W1
57683.46564721 14.07 0.058 WISE_W1
57683.46564721 13.814 0.167 WISE_W2
57683.53122652 13.923 0.152 WISE_W2
57683.53122652 14.024 0.049 WISE_W1
57685.16879875 14.166 0.054 WISE_W1
57685.16879875 14.182 0.151 WISE_W2
57685.29982997 14.012 0.051 WISE_W1
57685.29982997 13.647 0.11 WISE_W2
57685.56189243 14.153 0.053 WISE_W1
57685.56189243 13.675 0.142 WISE_W2
57685.62734438 13.7 0.107 WISE_W2
57685.62734438 14.013 0.049 WISE_W1
57685.69279628 14.127 0.053 WISE_W1
57685.69279628 13.876 0.118 WISE_W2
57685.69292369 14.172 0.06 WISE_W1
57685.69292369 13.681 0.118 WISE_W2
57685.75837559 14.138 0.052 WISE_W1
57685.75837559 13.586 0.1 WISE_W2
57685.82382753 13.891 0.118 WISE_W2
57685.82382753 14.394 0.064 WISE_W1
57685.88940685 13.903 0.139 WISE_W2
57685.88940685 14.219 0.059 WISE_W1
57685.9548588 14.146 0.06 WISE_W1
57685.9548588 13.623 0.137 WISE_W2
57686.02043811 13.735 0.101 WISE_W2
57686.02043811 14.141 0.053 WISE_W1
57686.08589006 14.137 0.219 WISE_W2
57686.08589006 14.187 0.075 WISE_W1
57686.151342 13.689 0.133 WISE_W2
57686.151342 14.103 0.054 WISE_W1
57686.21692127 13.899 0.182 WISE_W2
57686.21692127 14.052 0.051 WISE_W1
57686.28237322 13.741 0.133 WISE_W2
57686.28237322 14.104 0.056 WISE_W1
57686.34795252 13.614 0.139 WISE_W2
57686.34795252 14.059 0.052 WISE_W1
57686.41340448 13.844 0.122 WISE_W2
57686.41340448 14.06 0.05 WISE_W1
57686.47885642 13.784 0.122 WISE_W2
57686.47885642 14.182 0.073 WISE_W1
57686.47898378 13.793 0.109 WISE_W2
57686.47898378 14.049 0.054 WISE_W1
57686.54443568 13.513 0.099 WISE_W2
57686.54443568 14.179 0.057 WISE_W1
57686.67546685 13.997 0.067 WISE_W1
57686.67546685 13.865 0.12 WISE_W2
57686.80649811 13.674 0.112 WISE_W2
57686.80649811 14.143 0.055 WISE_W1
57843.32843854 13.896 0.116 WISE_W2
57843.32843854 14.168 0.058 WISE_W1
57843.45934266 14.054 0.152 WISE_W2
57843.45934266 14.003 0.054 WISE_W1
57843.59037414 13.719 0.124 WISE_W2
57843.59037414 14.077 0.053 WISE_W1
57843.72127821 13.779 0.166 WISE_W2
57843.72127821 14.172 0.072 WISE_W1
57843.78673027 14.056 0.053 WISE_W1
57843.78673027 13.994 0.15 WISE_W2
57843.85230969 14.09 0.057 WISE_W1
57843.85230969 13.661 0.11 WISE_W2
57843.91776175 13.786 0.113 WISE_W2
57843.91776175 14.139 0.052 WISE_W1
57843.98321385 14.087 0.05 WISE_W1
57843.98321385 13.986 0.165 WISE_W2
57844.04866591 13.937 0.157 WISE_W2
57844.04866591 14.289 0.073 WISE_W1
57844.11411792 14.187 0.07 WISE_W1
57844.11411792 13.713 0.105 WISE_W2
57844.11424534 13.75 0.127 WISE_W2
57844.11424534 14.067 0.056 WISE_W1
57844.17969734 13.852 0.136 WISE_W2
57844.17969734 14.167 0.056 WISE_W1
57844.24514935 13.659 0.134 WISE_W2
57844.24514935 14.029 0.049 WISE_W1
57844.31060141 13.614 0.112 WISE_W2
57844.31060141 14.117 0.057 WISE_W1
57844.37605347 13.86 0.121 WISE_W2
57844.37605347 14.116 0.053 WISE_W1
57844.44163289 14.071 0.18 WISE_W2
57844.44163289 14.122 0.056 WISE_W1
57844.572537 14.057 0.212 WISE_W2
57844.572537 14.065 0.052 WISE_W1
57844.63798897 14.015 0.05 WISE_W1
57844.63798897 13.731 0.107 WISE_W2
57844.70356839 13.725 0.111 WISE_W2
57844.70356839 14.042 0.053 WISE_W1
57844.83447251 14.023 0.053 WISE_W1
57844.83447251 13.648 0.111 WISE_W2
57844.96537662 14.045 0.053 WISE_W1
57844.96537662 13.859 0.123 WISE_W2
57844.96550399 13.708 0.098 WISE_W2
57844.96550399 14.098 0.054 WISE_W1
57848.30495909 14.313 0.294 WISE_W2
57848.30495909 14.097 0.052 WISE_W1
57848.37041105 13.793 0.123 WISE_W2
57848.37041105 14.097 0.052 WISE_W1
58049.6372466 14.017 0.049 WISE_W1
58049.6372466 13.792 0.175 WISE_W2
58049.76815 13.741 0.137 WISE_W2
58049.76815 14.003 0.048 WISE_W1
58049.83360175 14.147 0.057 WISE_W1
58049.83360175 13.713 0.133 WISE_W2
58049.83372911 13.954 0.048 WISE_W1
58049.83372911 13.653 0.114 WISE_W2
58049.89918081 13.652 0.119 WISE_W2
58049.89918081 14.229 0.055 WISE_W1
58049.96463256 14.144 0.058 WISE_W1
58049.96463256 13.687 0.102 WISE_W2
58050.03008431 14.87 0.472 WISE_W2
58050.03008431 14.054 0.049 WISE_W1
58050.09553596 13.734 0.11 WISE_W2
58050.09553596 14.071 0.049 WISE_W1
58050.22643941 14.075 0.051 WISE_W1
58050.22643941 13.623 0.12 WISE_W2
58050.29189116 14.178 0.056 WISE_W1
58050.29189116 13.458 0.133 WISE_W2
58050.3573429 14.217 0.067 WISE_W1
58050.3573429 13.827 0.114 WISE_W2
58050.42279461 13.819 0.127 WISE_W2
58050.42279461 14.203 0.073 WISE_W1
58050.55382537 14.057 0.052 WISE_W1
58050.55382537 13.615 0.111 WISE_W2
58050.61927712 13.879 0.26 WISE_W2
58050.61927712 14.173 0.06 WISE_W1
58050.68472877 14.106 0.053 WISE_W1
58050.68472877 13.797 0.113 WISE_W2
58050.75018052 13.99 0.059 WISE_W1
58050.75018052 13.941 0.15 WISE_W2
58050.88108397 13.937 0.145 WISE_W2
58050.88108397 14.079 0.054 WISE_W1
58051.01198799 13.998 0.062 WISE_W1
58051.01198799 13.568 0.098 WISE_W2
58051.14289143 13.812 0.131 WISE_W2
58051.14289143 14.236 0.093 WISE_W1
58051.1430188 14.11 0.191 WISE_W2
58051.1430188 14.123 0.054 WISE_W1
58206.78622433 14.091 0.054 WISE_W1
58206.78622433 13.817 0.144 WISE_W2
58206.917128 13.766 0.105 WISE_W2
58206.917128 14.115 0.065 WISE_W1
58207.04790441 14.218 0.073 WISE_W1
58207.04790441 13.586 0.107 WISE_W2
58207.04803177 13.893 0.119 WISE_W2
58207.04803177 14.116 0.053 WISE_W1
58207.17880808 14.164 0.067 WISE_W1
58207.17880808 13.653 0.111 WISE_W2
58207.2442599 14.056 0.075 WISE_W1
58207.2442599 13.837 0.125 WISE_W2
58207.30971175 13.547 0.134 WISE_W2
58207.30971175 14.07 0.06 WISE_W1
58207.37516361 13.997 0.051 WISE_W1
58207.37516361 13.58 0.113 WISE_W2
58207.44061547 14.061 0.048 WISE_W1
58207.44061547 13.822 0.148 WISE_W2
58207.50606727 13.854 0.141 WISE_W2
58207.50606727 14.047 0.054 WISE_W1
58207.57151913 14.031 0.049 WISE_W1
58207.57151913 13.654 0.117 WISE_W2
58207.636971 13.748 0.155 WISE_W2
58207.636971 14.031 0.058 WISE_W1
58207.70242286 13.965 0.188 WISE_W2
58207.70242286 14.072 0.049 WISE_W1
58207.76787471 13.924 0.047 WISE_W1
58207.76787471 13.943 0.165 WISE_W2
58207.83332653 14.069 0.05 WISE_W1
58207.83332653 13.502 0.124 WISE_W2
58207.89877839 14.003 0.065 WISE_W1
58207.89877839 13.842 0.141 WISE_W2
58207.96423024 13.758 0.11 WISE_W2
58207.96423024 14.016 0.05 WISE_W1
58208.02967854 14.084 0.052 WISE_W1
58208.02967854 13.716 0.108 WISE_W2
58208.09513042 13.851 0.122 WISE_W2
58208.09513042 14.088 0.067 WISE_W1
58208.29135841 13.845 0.125 WISE_W2
58208.29135841 14.048 0.055 WISE_W1
58208.42226205 14.067 0.053 WISE_W1
58208.42226205 13.702 0.096 WISE_W2
58413.64660707 14.037 0.05 WISE_W1
58413.64660707 13.864 0.143 WISE_W2
58413.77751039 13.807 0.144 WISE_W2
58413.77751039 14.151 0.057 WISE_W1
58413.90828646 14.106 0.051 WISE_W1
58413.90828646 13.664 0.143 WISE_W2
58414.03918979 13.494 0.095 WISE_W2
58414.03918979 14.021 0.051 WISE_W1
58414.2355448 14.076 0.057 WISE_W1
58414.2355448 13.722 0.112 WISE_W2
58414.30099649 13.915 0.128 WISE_W2
58414.30099649 14.091 0.055 WISE_W1
58414.36632082 13.749 0.128 WISE_W2
58414.36632082 14.09 0.054 WISE_W1
58414.36644818 13.92 0.122 WISE_W2
58414.36644818 14.096 0.076 WISE_W1
58414.43177256 13.582 0.099 WISE_W2
58414.43177256 14.133 0.066 WISE_W1
58414.56267588 14.162 0.056 WISE_W1
58414.56267588 13.813 0.146 WISE_W2
58414.62812757 14.114 0.057 WISE_W1
58414.62812757 13.578 0.114 WISE_W2
58414.69357926 13.832 0.131 WISE_W2
58414.69357926 14.098 0.051 WISE_W1
58414.7590309 13.548 0.157 WISE_W2
58414.7590309 14.075 0.056 WISE_W1
58414.82448259 14.203 0.061 WISE_W1
58414.82448259 13.764 0.12 WISE_W2
58414.88993428 13.814 0.114 WISE_W2
58414.88993428 14.103 0.053 WISE_W1
58414.95525865 13.769 0.126 WISE_W2
58414.95525865 14.144 0.084 WISE_W1
58414.95538596 14.009 0.07 WISE_W1
58414.95538596 13.506 0.108 WISE_W2
58415.02071029 13.996 0.164 WISE_W2
58415.02071029 14.154 0.067 WISE_W1
58415.15161367 14.138 0.059 WISE_W1
58415.15161367 13.637 0.125 WISE_W2
58415.28251694 14.132 0.052 WISE_W1
58415.28251694 13.815 0.121 WISE_W2
58422.54650851 14.071 0.054 WISE_W1
58422.54650851 13.905 0.12 WISE_W2
58570.99687005 14.055 0.051 WISE_W1
58570.99687005 13.581 0.122 WISE_W2
58571.12726412 14.089 0.055 WISE_W1
58571.12726412 13.263 0.091 WISE_W2
58571.25854959 13.905 0.182 WISE_W2
58571.25854959 13.984 0.063 WISE_W1
58571.32400127 13.664 0.12 WISE_W2
58571.32400127 14.077 0.05 WISE_W1
58571.38945303 13.687 0.107 WISE_W2
58571.38945303 14.197 0.056 WISE_W1
58571.45439539 14.062 0.062 WISE_W1
58571.45439539 13.621 0.1 WISE_W2
58571.52022916 13.646 0.115 WISE_W2
58571.52022916 14.006 0.048 WISE_W1
58571.58568087 14.055 0.052 WISE_W1
58571.58568087 13.799 0.136 WISE_W2
58571.65113258 13.786 0.154 WISE_W2
58571.65113258 14.088 0.053 WISE_W1
58571.71658435 13.631 0.114 WISE_W2
58571.71658435 14.108 0.06 WISE_W1
58571.78190875 13.999 0.213 WISE_W2
58571.78190875 14.119 0.051 WISE_W1
58571.84736051 13.869 0.163 WISE_W2
58571.84736051 13.996 0.065 WISE_W1
58571.91281219 14.094 0.053 WISE_W1
58571.91281219 13.801 0.118 WISE_W2
58571.97826395 14.086 0.05 WISE_W1
58571.97826395 13.56 0.094 WISE_W2
58572.04358834 13.636 0.094 WISE_W2
58572.04358834 14.124 0.062 WISE_W1
58572.10904012 14.225 0.201 WISE_W2
58572.10904012 14.038 0.049 WISE_W1
58572.17398252 14.156 0.053 WISE_W1
58572.17398252 14.018 0.149 WISE_W2
58572.23943419 13.788 0.123 WISE_W2
58572.23943419 14.039 0.049 WISE_W1
58572.37071962 13.99 0.047 WISE_W1
58572.37071962 13.766 0.125 WISE_W2
58572.63239917 14.041 0.049 WISE_W1
58572.63239917 13.535 0.117 WISE_W2
58780.79447948 14.023 0.05 WISE_W1
58780.79447948 13.684 0.105 WISE_W2
58780.92538332 14.176 0.055 WISE_W1
58780.92538332 13.648 0.104 WISE_W2
58781.05615927 13.861 0.157 WISE_W2
58781.05615927 14.11 0.05 WISE_W1
58781.12161093 14.146 0.054 WISE_W1
58781.12161093 13.68 0.107 WISE_W2
58781.25238679 14.079 0.057 WISE_W1
58781.25238679 13.743 0.131 WISE_W2
58781.3178384 13.949 0.057 WISE_W1
58781.3178384 13.666 0.166 WISE_W2
58781.38329006 13.891 0.151 WISE_W2
58781.38329006 14.135 0.055 WISE_W1
58781.44823232 14.111 0.051 WISE_W1
58781.44823232 13.938 0.16 WISE_W2
58781.51406597 14.223 0.057 WISE_W1
58781.51406597 13.681 0.104 WISE_W2
58781.57951758 13.934 0.075 WISE_W1
58781.57951758 13.773 0.138 WISE_W2
58781.64496919 13.489 0.116 WISE_W2
58781.64496919 14.12 0.051 WISE_W1
58781.71029348 13.784 0.137 WISE_W2
58781.71029348 14.119 0.062 WISE_W1
58781.77574515 14.074 0.057 WISE_W1
58781.77574515 13.786 0.115 WISE_W2
58781.84119681 13.648 0.114 WISE_W2
58781.84119681 14.013 0.056 WISE_W1
58781.90664841 13.759 0.13 WISE_W2
58781.90664841 14.148 0.054 WISE_W1
58781.97197271 14.055 0.052 WISE_W1
58781.97197271 13.857 0.129 WISE_W2
58782.03742437 14.101 0.057 WISE_W1
58782.03742437 13.516 0.143 WISE_W2
58782.29910355 14.141 0.052 WISE_W1
58782.29910355 13.685 0.127 WISE_W2
58782.42987946 13.825 0.141 WISE_W2
58782.42987946 14.18 0.071 WISE_W1
58935.2142234 13.835 0.046 WISE_W1
58935.2142234 13.502 0.095 WISE_W2
58935.34499949 13.454 0.096 WISE_W2
58935.34499949 13.848 0.052 WISE_W1
58935.47526622 13.856 0.049 WISE_W1
58935.47526622 13.712 0.18 WISE_W2
58935.60655161 13.532 0.096 WISE_W2
58935.60655161 13.862 0.048 WISE_W1
58935.67200331 13.499 0.092 WISE_W2
58935.67200331 13.928 0.05 WISE_W1
58935.7373277 13.826 0.05 WISE_W1
58935.7373277 13.427 0.087 WISE_W2
58935.8027794 13.896 0.049 WISE_W1
58935.8027794 13.762 0.207 WISE_W2
58935.86810373 13.429 0.081 WISE_W2
58935.86810373 13.898 0.058 WISE_W1
58935.93355547 13.475 0.125 WISE_W2
58935.93355547 13.832 0.055 WISE_W1
58935.99900718 13.247 0.088 WISE_W2
58935.99900718 13.811 0.062 WISE_W1
58936.06433156 13.459 0.105 WISE_W2
58936.06433156 13.802 0.042 WISE_W1
58936.12978326 13.885 0.046 WISE_W1
58936.12978326 13.587 0.101 WISE_W2
58936.19472565 13.862 0.046 WISE_W1
58936.19472565 13.653 0.108 WISE_W2
58936.26055934 13.864 0.046 WISE_W1
58936.26055934 13.656 0.104 WISE_W2
58936.32601104 13.658 0.118 WISE_W2
58936.32601104 13.873 0.053 WISE_W1
58936.39133538 13.798 0.042 WISE_W1
58936.39133538 13.385 0.085 WISE_W2
58936.45678708 13.816 0.046 WISE_W1
58936.45678708 13.452 0.125 WISE_W2
58936.58705385 13.948 0.047 WISE_W1
58936.58705385 13.55 0.12 WISE_W2
58936.7183392 13.819 0.043 WISE_W1
58936.7183392 13.328 0.088 WISE_W2
58936.84911532 13.411 0.089 WISE_W2
58936.84911532 13.79 0.043 WISE_W1
58942.14599611 13.411 0.085 WISE_W2
58942.14599611 13.774 0.042 WISE_W1
58942.21132046 13.781 0.045 WISE_W1
58942.21132046 13.338 0.079 WISE_W2
58942.21144778 13.798 0.053 WISE_W1
58942.21144778 13.593 0.103 WISE_W2
58944.92468750011 19.539400100708008 0.27871501445770264 ZTF_g
58955.73871529987 19.113399505615234 0.12841199338436127 ZTF_r
58955.742870400194 19.042600631713867 0.07852499932050705 ZTF_r
58955.80961810006 19.332300186157227 0.1520480066537857 ZTF_g
58963.71571760019 19.084800720214844 0.07996200025081635 ZTF_g
58963.71812500013 19.16819953918457 0.10750800371170044 ZTF_g
58963.74182870006 19.096900939941406 0.07527600228786469 ZTF_g
58963.76218750002 19.12929916381836 0.1128309965133667 ZTF_g
58966.70608799998 18.832399368286133 0.15363100171089172 ZTF_r
58966.75957180001 18.809600830078125 0.10488200187683105 ZTF_g
58966.76103009982 18.89889907836914 0.1389250010251999 ZTF_g
58969.68424770003 18.68549919128418 0.12860000133514404 ZTF_r
58972.67775460007 18.5841007232666 0.06992500275373459 ZTF_r
58972.67967589991 18.543699264526367 0.06858000159263611 ZTF_r
58972.723796300124 18.872699737548828 0.08055499941110611 ZTF_g
58972.73690970009 18.908100128173828 0.10170499980449677 ZTF_g
58975.67596059991 18.510000228881836 0.07782600075006485 ZTF_r
58975.6793056 18.52280044555664 0.0734890028834343 ZTF_r
58975.73781249998 18.734899520874023 0.09015700221061707 ZTF_g
58975.739722200204 18.865800857543945 0.12195000052452087 ZTF_g
58978.7040161998 18.65690040588379 0.10276299715042114 ZTF_g
58978.70645829989 18.733600616455078 0.08612599968910217 ZTF_g
58978.75954859983 18.518999099731445 0.08797100186347961 ZTF_r
58978.76386569999 18.407699584960938 0.053752999752759933 ZTF_r
58981.68341440009 18.796499252319336 0.07012700289487839 ZTF_g
58981.7056481 18.826499938964844 0.08412099629640579 ZTF_g
58981.75994209992 18.573699951171875 0.09228599816560745 ZTF_r
58981.76240740018 18.48539924621582 0.08056499809026718 ZTF_r
58986.69910879992 19.0049991607666 0.10266699641942978 ZTF_g
58986.77787039988 18.598899841308594 0.061539001762866974 ZTF_r
58987.738298600074 18.930200576782227 0.07529400289058685 ZTF_g
58987.804456000216 18.600500106811523 0.07243900001049042 ZTF_r
58992.76116900006 18.802900314331055 0.08923400193452835 ZTF_r
58992.821898099966 19.12809944152832 0.13169600069522858 ZTF_g
58993.740335599985 19.20829963684082 0.09804999828338623 ZTF_g
58993.781481499784 18.775299072265625 0.08891300112009048 ZTF_r
58995.77127309982 18.951499938964844 0.08272100239992142 ZTF_r
58995.80769680021 19.29490089416504 0.11545400321483612 ZTF_g
58996.70473380014 19.36549949645996 0.1004360020160675 ZTF_g
58996.76195599977 18.909700393676758 0.0889429971575737 ZTF_r
58998.778773100115 18.987699508666992 0.10866899788379669 ZTF_r
58998.86630789982 19.38129997253418 0.13385500013828278 ZTF_g
58999.719826399814 19.025299072265625 0.10819000005722046 ZTF_g
58999.800196799915 18.915300369262695 0.08097399771213531 ZTF_r
59005.67915510014 19.34320068359375 0.18226400017738342 ZTF_g
59005.680138899945 19.359100341796875 0.2130800038576126 ZTF_g
59005.756226900034 18.978700637817383 0.11268500238656998 ZTF_r
59005.7573032002 18.819000244140625 0.13090099394321442 ZTF_r
59011.74540509982 19.198200225830078 0.11801700294017792 ZTF_r
59013.722025500145 19.393199920654297 0.11949600279331207 ZTF_g
59014.707372699864 19.375499725341797 0.1153160035610199 ZTF_g
59014.724965299945 19.155500411987305 0.09774799644947052 ZTF_r
59014.743414400145 19.09280014038086 0.1456259936094284 ZTF_r
59017.723495400045 19.49090003967285 0.11428599804639816 ZTF_g
59017.72447919985 19.462400436401367 0.14086900651454926 ZTF_g
59017.74416670017 19.166799545288086 0.10166099667549133 ZTF_r
59017.74517360004 19.135799407958984 0.10201399773359299 ZTF_r
59020.7072222 19.47640037536621 0.13007600605487823 ZTF_g
59020.74253469985 19.153600692749023 0.12679900228977203 ZTF_r
59021.71719910018 19.675500869750977 0.12112300097942352 ZTF_g
59021.746724499855 19.22719955444336 0.12705500423908234 ZTF_r
59023.72196759982 19.631799697875977 0.14122800529003143 ZTF_g
59024.70877309982 19.710500717163086 0.20001299679279327 ZTF_g
59026.701481500175 19.271799087524414 0.08704599738121033 ZTF_r
59026.702025500126 19.099899291992188 0.09845300018787384 ZTF_r
59026.72333330009 19.631399154663086 0.12495200335979462 ZTF_g
59026.724340300076 19.679000854492188 0.1437849998474121 ZTF_g
59027.679236100055 19.23189926147461 0.11519800126552582 ZTF_r
59029.72585650021 19.193899154663086 0.30037400126457214 ZTF_r
59039.70655089989 20.059900283813477 0.17909500002861023 ZTF_g
59042.7072222 19.995899200439453 0.2028539925813675 ZTF_g
59042.72457179986 19.537700653076172 0.19394199550151825 ZTF_r
59045.7035416998 19.77739906311035 0.16066299378871918 ZTF_r
59144.94314332 11.202 0.025 WISE_W2
59144.94314332 14.031 0.047 WISE_W1
59145.07391921 12.966 0.059 WISE_W2
59145.07391921 13.56 0.037 WISE_W1
59145.20469515 12.991 0.074 WISE_W2
59145.20469515 13.567 0.043 WISE_W1
59145.27014671 12.886 0.063 WISE_W2
59145.27014671 13.566 0.041 WISE_W1
59145.335471 12.827 0.07 WISE_W2
59145.335471 13.615 0.04 WISE_W1
59145.40092265 12.947 0.066 WISE_W2
59145.40092265 13.47 0.036 WISE_W1
59145.46624693 13.722 0.044 WISE_W1
59145.46624693 13.055 0.068 WISE_W2
59145.59702288 12.885 0.066 WISE_W2
59145.59702288 13.772 0.075 WISE_W1
59145.66247453 12.939 0.063 WISE_W2
59145.66247453 13.553 0.041 WISE_W1
59145.72779882 13.564 0.043 WISE_W1
59145.72779882 12.855 0.069 WISE_W2
59145.79325042 13.52 0.042 WISE_W1
59145.79325042 13.033 0.078 WISE_W2
59145.85857476 13.52 0.04 WISE_W1
59145.85857476 12.843 0.064 WISE_W2
59145.92402635 12.788 0.061 WISE_W2
59145.92402635 13.485 0.036 WISE_W1
59145.98935069 13.284 0.05 WISE_W1
59145.98935069 12.864 0.059 WISE_W2
59145.98947801 13.548 0.044 WISE_W1
59145.98947801 12.95 0.063 WISE_W2
59146.0548023 13.515 0.04 WISE_W1
59146.0548023 12.924 0.07 WISE_W2
59146.1202539 12.91 0.064 WISE_W2
59146.1202539 13.522 0.039 WISE_W1
59146.31635404 12.936 0.065 WISE_W2
59146.31635404 13.596 0.045 WISE_W1
59146.44662066 12.898 0.061 WISE_W2
59146.44662066 13.528 0.042 WISE_W1
59146.44674797 13.499 0.041 WISE_W1
59146.44674797 12.868 0.056 WISE_W2
59146.57790587 13.562 0.046 WISE_W1
59146.57790587 12.924 0.063 WISE_W2
59146.57803318 13.502 0.042 WISE_W1
59146.57803318 12.87 0.056 WISE_W2
59302.30706809 13.74 0.042 WISE_W1
59302.30706809 13.204 0.091 WISE_W2
59302.43771683 13.856 0.073 WISE_W1
59302.43771683 13.269 0.087 WISE_W2
59302.43784419 13.788 0.046 WISE_W1
59302.43784419 13.138 0.091 WISE_W2
59302.56849289 13.261 0.08 WISE_W2
59302.56849289 13.656 0.04 WISE_W1
59302.69926899 13.07 0.089 WISE_W2
59302.69926899 13.883 0.056 WISE_W1
59302.76459339 13.558 0.12 WISE_W2
59302.76459339 13.834 0.058 WISE_W1
59302.83004506 13.349 0.091 WISE_W2
59302.83004506 13.865 0.064 WISE_W1
59302.89536946 13.821 0.045 WISE_W1
59302.89536946 13.065 0.069 WISE_W2
59302.96069384 13.737 0.042 WISE_W1
59302.96069384 13.254 0.084 WISE_W2
59303.0261456 13.526 0.123 WISE_W2
59303.0261456 13.896 0.047 WISE_W1
59303.09146995 13.926 0.047 WISE_W1
59303.09146995 13.299 0.095 WISE_W2
59303.15679435 13.109 0.085 WISE_W2
59303.15679435 13.797 0.045 WISE_W1
59303.22224606 13.17 0.073 WISE_W2
59303.22224606 13.774 0.042 WISE_W1
59303.28757036 13.771 0.044 WISE_W1
59303.28757036 13.126 0.071 WISE_W2
59303.35289476 13.238 0.07 WISE_W2
59303.35289476 13.778 0.043 WISE_W1
59303.41834647 13.199 0.085 WISE_W2
59303.41834647 13.807 0.047 WISE_W1
59303.48367144 13.828 0.043 WISE_W1
59303.48367144 13.229 0.071 WISE_W2
59303.54899579 13.243 0.078 WISE_W2
59303.54899579 13.785 0.043 WISE_W1
59303.67977184 13.045 0.065 WISE_W2
59303.67977184 13.701 0.041 WISE_W1
59303.81054791 13.856 0.046 WISE_W1
59303.81054791 13.062 0.08 WISE_W2
59303.94119669 13.204 0.077 WISE_W2
59303.94119669 13.876 0.048 WISE_W1
59303.94132405 13.286 0.081 WISE_W2
59303.94132405 13.781 0.074 WISE_W1
59509.30470294 13.328 0.077 WISE_W2
59509.30470294 13.837 0.044 WISE_W1
59509.43547889 13.783 0.043 WISE_W1
59509.43547889 13.312 0.077 WISE_W2
59509.50080324 13.251 0.074 WISE_W2
59509.50080324 13.851 0.045 WISE_W1
59509.56612756 13.896 0.047 WISE_W1
59509.56612756 13.445 0.11 WISE_W2
59509.63145182 13.88 0.049 WISE_W1
59509.63145182 13.191 0.072 WISE_W2
59509.69677618 13.218 0.071 WISE_W2
59509.69677618 13.836 0.063 WISE_W1
59509.6969035 13.94 0.058 WISE_W1
59509.6969035 13.242 0.084 WISE_W2
59509.76222785 13.84 0.043 WISE_W1
59509.76222785 13.438 0.094 WISE_W2
59509.82755216 13.919 0.066 WISE_W1
59509.82755216 13.64 0.119 WISE_W2
59509.89287647 13.309 0.078 WISE_W2
59509.89287647 13.847 0.047 WISE_W1
59509.95820083 13.919 0.053 WISE_W1
59509.95820083 13.191 0.084 WISE_W2
59510.02352514 13.879 0.066 WISE_W1
59510.02352514 13.452 0.116 WISE_W2
59510.02365251 13.858 0.056 WISE_W1
59510.02365251 13.247 0.076 WISE_W2
59510.08897677 13.813 0.049 WISE_W1
59510.08897677 13.256 0.078 WISE_W2
59510.15430113 13.874 0.045 WISE_W1
59510.15430113 13.138 0.086 WISE_W2
59510.21962544 13.163 0.099 WISE_W2
59510.21962544 13.764 0.043 WISE_W1
59510.28495032 13.925 0.062 WISE_W1
59510.28495032 13.409 0.109 WISE_W2
59510.35027463 13.895 0.047 WISE_W1
59510.35027463 13.392 0.087 WISE_W2
59510.41572631 13.404 0.105 WISE_W2
59510.41572631 14.023 0.054 WISE_W1
59510.54637493 14.212 0.06 WISE_W1
59510.54637493 13.306 0.115 WISE_W2
59510.67702351 13.25 0.084 WISE_W2
59510.67702351 13.935 0.05 WISE_W1
59510.80779944 13.881 0.046 WISE_W1
59510.80779944 13.303 0.101 WISE_W2
59515.84006429 13.31 0.077 WISE_W2
59515.84006429 14.043 0.058 WISE_W1
59515.90538865 13.939 0.052 WISE_W1
59515.90538865 13.282 0.095 WISE_W2
59515.90551596 13.162 0.083 WISE_W2
59515.90551596 13.912 0.048 WISE_W1
59666.40725306 14.009 0.053 WISE_W1
59666.40725306 13.47 0.092 WISE_W2
59666.40738037 13.967 0.054 WISE_W1
59666.40738037 13.376 0.078 WISE_W2
59666.53739249 13.991 0.052 WISE_W1
59666.53739249 13.456 0.095 WISE_W2
59666.66855059 11.903 0.048 WISE_W2
59666.66855059 14.023 0.055 WISE_W1
59666.79907207 13.369 0.08 WISE_W2
59666.79907207 14.157 0.061 WISE_W1
59666.86439648 13.372 0.082 WISE_W2
59666.86439648 14.035 0.049 WISE_W1
59666.9297209 14.006 0.048 WISE_W1
59666.9297209 13.608 0.116 WISE_W2
59666.99504532 13.989 0.052 WISE_W1
59666.99504532 13.402 0.093 WISE_W2
59667.06024237 13.573 0.131 WISE_W2
59667.06024237 14.055 0.056 WISE_W1
59667.12556684 13.973 0.063 WISE_W1
59667.12556684 13.332 0.118 WISE_W2
59667.25621564 13.441 0.154 WISE_W2
59667.25621564 13.941 0.048 WISE_W1
59667.32141269 13.593 0.108 WISE_W2
59667.32141269 14.029 0.049 WISE_W1
59667.38673711 13.969 0.053 WISE_W1
59667.38673711 13.353 0.078 WISE_W2
59667.45155273 13.947 0.048 WISE_W1
59667.45155273 13.37 0.085 WISE_W2
59667.51687711 13.974 0.048 WISE_W1
59667.51687711 13.346 0.119 WISE_W2
59667.58258352 14.047 0.056 WISE_W1
59667.58258352 13.4 0.098 WISE_W2
59667.58258352 13.778 0.06 WISE_W1
59667.58271083 13.421 0.079 WISE_W2
59667.58271083 14.022 0.055 WISE_W1
59667.64790789 13.977 0.052 WISE_W1
59667.64790789 13.263 0.107 WISE_W2
59667.71323231 13.392 0.079 WISE_W2
59667.71323231 13.992 0.048 WISE_W1
59667.77855672 13.962 0.046 WISE_W1
59667.77855672 13.469 0.105 WISE_W2
59667.90907821 13.949 0.051 WISE_W1
59667.90907821 13.45 0.083 WISE_W2
59668.03972704 14.052 0.051 WISE_W1
59668.03972704 13.427 0.087 WISE_W2
59876.28296441 13.987 0.053 WISE_W1
59876.28296441 13.49 0.091 WISE_W2
59876.41323105 13.995 0.049 WISE_W1
59876.41323105 13.466 0.087 WISE_W2
59876.41335837 14.05 0.065 WISE_W1
59876.41335837 13.359 0.08 WISE_W2
59876.60882255 13.292 0.094 WISE_W2
59876.60882255 13.899 0.045 WISE_W1
59876.67401955 13.99 0.05 WISE_W1
59876.67401955 13.783 0.151 WISE_W2
59876.73921655 13.891 0.05 WISE_W1
59876.73921655 13.395 0.086 WISE_W2
59876.80441356 13.825 0.06 WISE_W1
59876.80441356 13.279 0.074 WISE_W2
59876.86961057 13.539 0.137 WISE_W2
59876.86961057 13.935 0.049 WISE_W1
59876.93468021 13.9 0.068 WISE_W1
59876.93468021 13.553 0.112 WISE_W2
59876.93480757 14.014 0.055 WISE_W1
59876.93480757 13.835 0.136 WISE_W2
59876.99987726 14.068 0.062 WISE_W1
59876.99987726 13.468 0.096 WISE_W2
59877.00000457 13.457 0.093 WISE_W2
59877.00000457 14.066 0.057 WISE_W1
59877.06507421 13.363 0.086 WISE_W2
59877.06507421 13.898 0.045 WISE_W1
59877.19546823 13.515 0.102 WISE_W2
59877.19546823 13.831 0.08 WISE_W1
59877.26066519 13.426 0.119 WISE_W2
59877.26066519 14.024 0.061 WISE_W1
59877.32586219 14.022 0.049 WISE_W1
59877.32586219 13.513 0.115 WISE_W2
59877.3910592 13.334 0.157 WISE_W2
59877.3910592 14.117 0.05 WISE_W1
59877.45574679 13.454 0.091 WISE_W2
59877.45574679 14.081 0.05 WISE_W1
59877.65171976 11.853 0.051 WISE_W2
59877.65171976 14.068 0.056 WISE_W1
59877.78211377 13.787 0.155 WISE_W2
59877.78211377 13.96 0.047 WISE_W1
59877.91250773 13.939 0.047 WISE_W1
59877.91250773 13.612 0.117 WISE_W2
60030.64772427 13.463 0.088 WISE_W2
60030.64772427 13.757 0.068 WISE_W1
60030.77773711 13.422 0.135 WISE_W2
60030.77773711 14.096 0.053 WISE_W1
60030.90774936 14.145 0.057 WISE_W1
60030.90774936 13.573 0.126 WISE_W2
60030.97269184 14.061 0.05 WISE_W1
60030.97269184 13.649 0.1 WISE_W2
60031.03776168 14.071 0.06 WISE_W1
60031.03776168 13.495 0.099 WISE_W2
60031.10219475 13.725 0.138 WISE_W2
60031.10219475 14.062 0.057 WISE_W1
60031.16764657 13.539 0.095 WISE_W2
60031.16764657 14.043 0.058 WISE_W1
60031.16777389 13.985 0.048 WISE_W1
60031.16777389 13.797 0.13 WISE_W2
60031.23271637 14.086 0.062 WISE_W1
60031.23271637 13.522 0.142 WISE_W2
60031.2976588 13.673 0.101 WISE_W2
60031.2976588 14.037 0.051 WISE_W1
60031.2977862 13.62 0.113 WISE_W2
60031.2977862 13.898 0.046 WISE_W1
60031.36272863 14.034 0.053 WISE_W1
60031.36272863 13.613 0.099 WISE_W2
60031.42767111 13.461 0.127 WISE_W2
60031.42767111 13.954 0.047 WISE_W1
60031.49223159 14.026 0.05 WISE_W1
60031.49223159 13.413 0.084 WISE_W2
60031.62274697 14.038 0.052 WISE_W1
60031.62274697 13.512 0.118 WISE_W2
60031.68768942 13.961 0.047 WISE_W1
60031.68768942 13.54 0.106 WISE_W2
60031.75275913 13.639 0.101 WISE_W2
60031.75275913 14.148 0.053 WISE_W1
60031.81770159 13.995 0.05 WISE_W1
60031.81770159 13.565 0.11 WISE_W2
60031.88277135 13.888 0.046 WISE_W1
60031.88277135 13.744 0.138 WISE_W2
60032.01278358 13.56 0.1 WISE_W2
60032.01278358 14.01 0.051 WISE_W1
60032.14228648 13.945 0.048 WISE_W1
60032.14228648 13.546 0.125 WISE_W2
60032.27280801 13.636 0.103 WISE_W2
60032.27280801 14.176 0.066 WISE_W1
60034.41705473 13.955 0.064 WISE_W1
60034.41705473 13.432 0.108 WISE_W2
60034.54706696 13.927 0.05 WISE_W1
60034.54706696 13.472 0.107 WISE_W2
60034.61213662 13.64 0.113 WISE_W2
60034.61213662 14.025 0.049 WISE_W1
60034.67707907 13.931 0.046 WISE_W1
60034.67707907 13.459 0.091 WISE_W2
60034.74202153 13.454 0.087 WISE_W2
60034.74202153 14.134 0.054 WISE_W1
60034.74214884 13.733 0.144 WISE_W2
60034.74214884 14.079 0.071 WISE_W1
60034.8070913 14.07 0.051 WISE_W1
60034.8070913 13.598 0.1 WISE_W2
60034.87203369 14.055 0.052 WISE_W1
60034.87203369 13.36 0.101 WISE_W2
60035.00204591 13.553 0.107 WISE_W2
60035.00204591 14.063 0.054 WISE_W1
60035.13205814 13.402 0.104 WISE_W2
60035.13205814 14.153 0.054 WISE_W1
60086.72995370021 20.27133560180664 0.162815123796463 ZTF_g
60240.45675366 13.935 0.137 WISE_W2
60240.45675366 14.306 0.065 WISE_W1
60240.58612896 13.597 0.097 WISE_W2
60240.58612896 13.98 0.048 WISE_W1
60240.7155042 14.103 0.052 WISE_W1
60240.7155042 13.706 0.144 WISE_W2
60240.78019188 14.081 0.051 WISE_W1
60240.78019188 13.669 0.127 WISE_W2
60240.8448795 14.055 0.05 WISE_W1
60240.8448795 13.614 0.103 WISE_W2
60240.90956718 14.059 0.066 WISE_W1
60240.90956718 13.647 0.106 WISE_W2
60240.97425479 13.371 0.119 WISE_W2
60240.97425479 13.969 0.058 WISE_W1
60241.03894247 13.878 0.149 WISE_W2
60241.03894247 13.993 0.048 WISE_W1
60241.16831781 13.602 0.113 WISE_W2
60241.16831781 14.049 0.05 WISE_W1
60241.23300549 13.446 0.141 WISE_W2
60241.23300549 14.025 0.052 WISE_W1
60241.29769315 13.52 0.106 WISE_W2
60241.29769315 14.109 0.066 WISE_W1
60241.36238082 14.05 0.052 WISE_W1
60241.36238082 13.553 0.1 WISE_W2
60241.4270685 13.669 0.115 WISE_W2
60241.4270685 14.101 0.05 WISE_W1
60241.55644384 14.059 0.057 WISE_W1
60241.55644384 13.788 0.144 WISE_W2
60241.62113146 14.003 0.048 WISE_W1
60241.62113146 13.663 0.13 WISE_W2
60241.68581909 13.983 0.056 WISE_W1
60241.68581909 13.504 0.138 WISE_W2
60241.815195 14.105 0.053 WISE_W1
60241.815195 13.815 0.127 WISE_W2
60241.94457035 13.509 0.102 WISE_W2
60241.94457035 14.101 0.052 WISE_W1
60242.07394568 14.13 0.052 WISE_W1
60242.07394568 13.857 0.135 WISE_W2
60397.78204821 13.555 0.112 WISE_W2
60397.78204821 13.927 0.046 WISE_W1
60397.91065958 13.551 0.091 WISE_W2
60397.91065958 13.931 0.056 WISE_W1
60398.03914365 13.936 0.055 WISE_W1
60398.03914365 13.449 0.106 WISE_W2
60398.03927096 13.85 0.181 WISE_W2
60398.03927096 13.971 0.049 WISE_W1
60398.10306736 13.515 0.104 WISE_W2
60398.10306736 14.046 0.055 WISE_W1
60398.23155138 13.939 0.055 WISE_W1
60398.23155138 13.497 0.103 WISE_W2
60398.2963664 14.017 0.067 WISE_W1
60398.2963664 13.39 0.129 WISE_W2
60398.36016275 13.982 0.05 WISE_W1
60398.36016275 13.476 0.118 WISE_W2
60398.42497782 13.432 0.094 WISE_W2
60398.42497782 13.998 0.047 WISE_W1
60398.48877418 13.889 0.055 WISE_W1
60398.48877418 13.603 0.12 WISE_W2
60398.55295252 13.537 0.101 WISE_W2
60398.55295252 14.03 0.051 WISE_W1
60398.55307984 14.002 0.053 WISE_W1
60398.55307984 13.547 0.101 WISE_W2
60398.61725815 13.984 0.062 WISE_W1
60398.61725815 13.407 0.094 WISE_W2
60398.68207322 13.988 0.048 WISE_W1
60398.68207322 13.336 0.11 WISE_W2
60398.74586951 13.907 0.055 WISE_W1
60398.74586951 13.68 0.149 WISE_W2
60398.81068459 13.383 0.084 WISE_W2
60398.81068459 14.055 0.055 WISE_W1
60398.87448089 13.986 0.053 WISE_W1
60398.87448089 13.507 0.131 WISE_W2
60398.93916865 13.867 0.048 WISE_W1
60398.93916865 13.563 0.097 WISE_W2
60399.00296495 13.912 0.055 WISE_W1
60399.00296495 13.482 0.09 WISE_W2
60399.06778002 13.926 0.047 WISE_W1
60399.06778002 13.615 0.098 WISE_W2
60399.1315769 14.003 0.05 WISE_W1
60399.1315769 13.458 0.093 WISE_W2
60399.26006096 13.926 0.065 WISE_W1
60399.26006096 13.557 0.101 WISE_W2
60399.26018832 14.112 0.07 WISE_W1
60399.26018832 13.704 0.112 WISE_W2
60399.38867234 13.663 0.109 WISE_W2
60399.38867234 14.086 0.053 WISE_W1
