MJD mag magerr band
58584.91665247257 18.190919876098633 0.16568084061145782 UVOT_B
59185.88021135278 18.86725425720215 0.43802738189697266 UVOT_B
58563.84411729086 18.535091400146484 0.27285170555114746 UVOT_B
59037.63650579618 19.682130813598633 0.5155333876609802 UVOT_B
58605.86752249398 18.38035011291504 0.21868479251861572 UVOT_B
58603.74180990382 18.43952751159668 0.47197896242141724 UVOT_B
58591.12125332512 19.026090621948242 0.3625394403934479 UVOT_B
58632.90549877766 18.139856338500977 0.15615910291671753 UVOT_B
58598.49290220278 18.399362564086914 0.24423767626285553 UVOT_B
58625.06308640671 17.84488868713379 0.13431277871131897 UVOT_B
58646.56851506424 17.84409523010254 0.1390068382024765 UVOT_B
58639.497969781136 18.06417465209961 0.13560907542705536 UVOT_B
58584.915687220026 18.6733455657959 0.1290310025215149 UVOT_U
59185.87923850231 19.814958572387695 0.554266631603241 UVOT_U
58563.843459721415 18.66152000427246 0.1574438363313675 UVOT_U
59037.635599666784 19.27975082397461 0.17786923050880432 UVOT_U
58605.86604747882 18.327646255493164 0.11183371394872665 UVOT_U
58603.74141487662 18.285133361816406 0.2130088210105896 UVOT_U
58591.120364817594 18.93808937072754 0.17031972110271454 UVOT_U
58632.90476995394 18.276813507080078 0.09401240199804306 UVOT_U
58598.49168155856 18.51199722290039 0.14374807476997375 UVOT_U
58625.06230414213 18.56299591064453 0.13004665076732635 UVOT_U
58646.567845682635 18.381135940551758 0.12777899205684662 UVOT_U
58639.496859785184 18.344472885131836 0.09398571401834488 UVOT_U
58584.923098876505 18.886207580566406 0.08213872462511063 UVOT_UVM2
59185.98516294676 20.334184646606445 0.39812445640563965 UVOT_UVM2
58563.84842842847 19.355213165283203 0.1339801698923111 UVOT_UVM2
59037.64261418947 20.259550094604492 0.17516712844371796 UVOT_UVM2
58605.8777027919 18.92947006225586 0.09012531489133835 UVOT_UVM2
58591.12741796782 18.920093536376953 0.07979219406843185 UVOT_UVM2
58632.91051805278 18.836137771606445 0.07427460700273514 UVOT_UVM2
58598.501107999655 18.91655158996582 0.0992547944188118 UVOT_UVM2
58625.06811289676 18.72520637512207 0.08150836825370789 UVOT_UVM2
58646.573106048265 18.825916290283203 0.07646822184324265 UVOT_UVM2
58639.5056167809 18.842304229736328 0.07193610817193985 UVOT_UVM2
58584.91422733761 18.870479583740234 0.0911913514137268 UVOT_UVM1
59185.87765181782 19.603858947753906 0.20173907279968262 UVOT_UVM1
59977.50666346782 21.04897689819336 0.44122371077537537 UVOT_UVM1
59893.6023438706 20.47537612915039 0.26268792152404785 UVOT_UVM1
58563.8424740375 18.93791961669922 0.11970501393079758 UVOT_UVM1
59949.28106852512 23.212764739990234 3.296743154525757 UVOT_UVM1
59907.57085175 20.432348251342773 0.20611876249313354 UVOT_UVM1
59991.64159258611 22.528976440429688 1.3947392702102661 UVOT_UVM1
59037.634265692475 20.15358543395996 0.19716356694698334 UVOT_UVM1
58605.863853982984 18.595922470092773 0.08740774542093277 UVOT_UVM1
59963.328149095025 20.882043838500977 0.3086555004119873 UVOT_UVM1
60019.21796285937 23.75229835510254 4.73018217086792 UVOT_UVM1
58603.74084260775 18.573461532592773 0.16811351478099823 UVOT_UVM1
59935.73527360128 22.55449676513672 1.293089509010315 UVOT_UVM1
58591.11906813044 19.0760440826416 0.11470194160938263 UVOT_UVM1
58632.90375770938 18.658300399780273 0.08028379082679749 UVOT_UVM1
58598.48989560475 18.747770309448242 0.10429771989583969 UVOT_UVM1
58625.06102443854 18.740703582763672 0.09331491589546204 UVOT_UVM1
58646.56686031794 18.593494415283203 0.08562768995761871 UVOT_UVM1
59921.75040969965 21.61042022705078 0.5943333506584167 UVOT_UVM1
58639.49524711481 18.53166961669922 0.07352784276008606 UVOT_UVM1
58584.918931395834 19.11005973815918 0.06325166672468185 UVOT_UVW2
59185.88209697303 20.917701721191406 0.31646817922592163 UVOT_UVW2
58563.84561433264 19.39491844177246 0.09716057032346725 UVOT_UVW2
59037.63867451817 20.640750885009766 0.15725837647914886 UVOT_UVW2
58605.87115033368 18.984954833984375 0.06580488383769989 UVOT_UVW2
58603.74274508449 19.192859649658203 0.1470683515071869 UVOT_UVW2
58591.1234027647 19.156028747558594 0.07006390392780304 UVOT_UVW2
58632.90740744699 18.993619918823242 0.0590176098048687 UVOT_UVW2
58598.495853508335 19.09015464782715 0.07703085243701935 UVOT_UVW2
58625.06455835637 18.95162010192871 0.06411817669868469 UVOT_UVW2
58646.57011107037 18.954364776611328 0.059052981436252594 UVOT_UVW2
58639.50077046944 18.970050811767578 0.055962201207876205 UVOT_UVW2
58584.92136706574 18.09689712524414 0.3272530734539032 UVOT_V
59185.88493028762 22.94127655029297 58.33081817626953 UVOT_V
59977.5000630625 19.665239334106445 0.5311830639839172 UVOT_V
59893.59974953854 19.559450149536133 0.7014518976211548 UVOT_V
58563.84727227083 18.33763313293457 0.505776584148407 UVOT_V
59949.2751773419 19.582101821899414 0.5666760802268982 UVOT_V
59907.56747042882 19.130958557128906 0.43846040964126587 UVOT_V
59991.63576889097 19.48359489440918 0.4288080036640167 UVOT_V
59037.640885954286 18.887407302856445 0.5462743639945984 UVOT_V
58605.87477127778 18.207475662231445 0.4014750123023987 UVOT_V
59963.32379358264 19.114036560058594 0.34417107701301575 UVOT_V
60019.21451213472 19.854089736938477 0.6813170909881592 UVOT_V
60005.73608695544 19.098268508911133 0.2932015061378479 UVOT_V
58603.74362746285 17.473573684692383 0.4848508834838867 UVOT_V
59935.72881308715 19.40338134765625 0.4282565116882324 UVOT_V
58591.12554032871 19.779277801513672 1.5811967849731445 UVOT_V
58632.90899796204 18.300386428833008 0.38198786973953247 UVOT_V
58598.498801685535 18.422243118286133 0.5410263538360596 UVOT_V
58625.06685196447 18.436935424804688 0.47923851013183594 UVOT_V
58646.57174442754 17.833471298217773 0.2473859339952469 UVOT_V
58639.50339193669 18.684579849243164 0.4998798370361328 UVOT_V
58131.887325864285 14.321263133398183 0.070529231166798 WISE_W1
58291.01733962243 14.340188734269148 0.1258911728277926 WISE_W1
58496.06536888571 14.441462917137338 0.06792838365604181 WISE_W1
58656.67468180934 13.902015218603871 0.05364310041582465 WISE_W1
58860.6516219777 13.458110884701984 0.04473366284707736 WISE_W1
59021.40841463588 13.316911301809828 0.05604144536515735 WISE_W1
59227.217083445 13.311826046269527 0.05721983375543836 WISE_W1
59387.6662432961 13.454617279880221 0.05295968650834068 WISE_W1
59591.44876178625 13.642665656980672 0.03879996778349199 WISE_W1
59752.06487365188 13.835187345970219 0.05105630317355544 WISE_W1
59955.99507615813 14.075988171218992 0.11492781362120325 WISE_W1
60116.987043095505 14.303374897771466 0.09558655763233662 WISE_W1
58131.887325864285 13.427901090616896 0.1639045267146427 WISE_W2
58291.01733962243 13.472691417665411 0.13723506479833822 WISE_W2
58496.06536888571 13.433171444420086 0.14575069573117796 WISE_W2
58656.67468180934 13.163545998655714 0.09947372629102731 WISE_W2
58860.6516219777 12.735906399455573 0.058308707115179687 WISE_W2
59021.40841463588 12.57576838710622 0.07588235294117633 WISE_W2
59227.217083445 12.507865982164116 0.05804413057105786 WISE_W2
59387.6662432961 12.582173297438983 0.07242563235638493 WISE_W2
59591.44876178625 12.707426035434086 0.06776614198845932 WISE_W2
59752.06487365188 12.842065771245176 0.054169871700051074 WISE_W2
59955.99507615813 13.00551871379275 0.09732707020017617 WISE_W2
60116.987043095505 13.18039603704671 0.09716048579540966 WISE_W2
58522.97320599994 20.211239682276194 0.1305226767922001 ZTF_g
58523.01892360021 19.877195181295242 0.09081154925984691 ZTF_g
58526.97035880014 19.98520073182772 0.1109086437536817 ZTF_g
58541.91958330013 19.417915227820686 0.09855429149379624 ZTF_g
58547.85740739992 19.362053978908236 0.05004546691406375 ZTF_g
58556.94211809989 19.1344799028979 0.04280156627424603 ZTF_g
58560.7880092999 18.90891467348157 0.09159584215831984 ZTF_g
58567.95953699993 19.023583581707953 0.08295180508913269 ZTF_g
58572.83824069984 18.749306091130485 0.04396590456251914 ZTF_g
58575.85200229986 18.659680705537586 0.04666669145165514 ZTF_g
58580.91776619991 18.79289945860913 0.045050672660593705 ZTF_g
58583.875 18.725138068779405 0.03418898176989771 ZTF_g
58586.89915509987 18.634105483658363 0.02943932858148024 ZTF_g
58594.79089119984 18.539374471623116 0.07288139226692891 ZTF_g
58597.79759259987 18.557025254792567 0.02809786582509588 ZTF_g
58599.79668979999 18.462385388067588 0.012883656241811536 ZTF_g
58606.881169000175 18.426840798246573 0.022457267526181823 ZTF_g
58612.79328700015 18.359403746086 0.020358414827837734 ZTF_g
58616.75197920017 18.3172762868549 0.03395690110279226 ZTF_g
58619.77231479995 18.389739452787076 0.07229619263213038 ZTF_g
58633.756458300166 18.267976018491183 0.020499789350427733 ZTF_g
58636.775856500026 18.263680965861035 0.019263473470651604 ZTF_g
58642.678692100104 18.335918327403576 0.025702564300633668 ZTF_g
58642.79887730023 18.282970574143 0.019236075154671184 ZTF_g
58645.734259299934 18.290538566190836 0.0335254260930018 ZTF_g
58648.82006940013 18.29494453159714 0.05143719627744403 ZTF_g
58651.69195599994 18.227620498272533 0.05251113468875701 ZTF_g
58654.74335649982 18.289122092240518 0.02742931810792193 ZTF_g
58660.69068290014 18.250810672565493 0.020249477407730865 ZTF_g
58663.71499999985 18.24201620133393 0.02082638606487386 ZTF_g
58666.70651620021 18.227825574254656 0.021129593801639146 ZTF_g
58672.678888900205 18.241914311722734 0.02714896857168725 ZTF_g
58675.8026389 18.27038460366734 0.04822566835344411 ZTF_g
58678.757407399826 18.24811062643252 0.04123073950825251 ZTF_g
58681.67031250009 18.26301543772317 0.047141814560305306 ZTF_g
58684.72653939994 18.280639770587555 0.03222475764457222 ZTF_g
58692.69590280019 18.234922313226775 0.021863231732863753 ZTF_g
58704.65434029978 18.274231046652364 0.02705497221109887 ZTF_g
58708.65778939985 18.22560758427296 0.039646072817081546 ZTF_g
58715.65646990016 18.23143309900967 0.023103329203179257 ZTF_g
58718.65822920017 18.34017091572251 0.027696798170088854 ZTF_g
58723.6553588002 18.286184834403585 0.03165077108898018 ZTF_g
58726.66152779991 18.34226522890346 0.033572318866339046 ZTF_g
58728.63340280019 18.225409045807886 0.04323466999344561 ZTF_g
58729.65912039997 18.298888650758308 0.11248759848039391 ZTF_g
58734.65140049998 18.370029982901844 0.05126269682127926 ZTF_g
58831.07037039986 18.526617120049988 0.0716682717730972 ZTF_g
58836.05153940013 18.5344280039182 0.04908366536052888 ZTF_g
58851.05927080009 18.688016650856632 0.03196244833086759 ZTF_g
58854.03874999983 18.59858653832982 0.027421099731007814 ZTF_g
58856.92004630016 19.74190028343319 0.11827741274126602 ZTF_g
58857.04679400008 18.602923330425497 0.027820765949503112 ZTF_g
58863.93866899982 18.716799025640217 0.07095065544481294 ZTF_g
58872.94616900012 18.662520466798327 0.03373611808831534 ZTF_g
58875.99729169998 18.65293221568419 0.028372488585137745 ZTF_g
58879.0254861 18.74819796532527 0.03355688946302671 ZTF_g
58882.005960599985 18.706399894419164 0.02861162669789863 ZTF_g
58884.96449070005 18.742537585932354 0.04414387960077626 ZTF_g
58887.97743060021 18.695490713173754 0.06380360007996089 ZTF_g
58898.95763889979 18.76682106255974 0.026269805473937424 ZTF_g
58907.04135419987 18.819000110815644 0.05353392978051019 ZTF_g
58911.92984949984 18.798135815636932 0.034565532958525935 ZTF_g
58914.979606499895 18.790190647558976 0.046121020955613545 ZTF_g
58936.96606480004 18.98376955455227 0.03595256767461308 ZTF_g
58939.955023100134 18.853515082663545 0.15381017949837705 ZTF_g
58941.97806710005 19.064369484942304 0.041852954312634694 ZTF_g
58943.922673599795 19.03040765882846 0.06272206582212725 ZTF_g
58955.9001042 19.070192365714135 0.0433071799592355 ZTF_g
58956.86020829994 18.934375023038736 0.06701431830192384 ZTF_g
58962.836736099795 19.1101360076608 0.04130528389037735 ZTF_g
58963.79440970021 19.08408293126279 0.03620863573973132 ZTF_g
58963.831817099825 19.063428512106313 0.037643132183459826 ZTF_g
58963.84935190016 19.646681872880798 0.052283558595503266 ZTF_g
58963.84980319999 19.700541879331958 0.0653020126168311 ZTF_g
58965.75802080007 19.066908059582797 0.03670027367181916 ZTF_g
58966.91550929984 19.06461108408198 0.03524674433826647 ZTF_g
58967.775381899904 19.1002836840995 0.03988908343388253 ZTF_g
58969.88324069977 19.139317034393002 0.09340881879418461 ZTF_g
58969.884178199805 18.956079704034877 0.13495494583233736 ZTF_g
58970.775381899904 19.100843318137883 0.044627250683600295 ZTF_g
58970.7763772998 19.131485183281807 0.048680958359829773 ZTF_g
58972.7740162001 19.163458484753328 0.06469642499904715 ZTF_g
58972.788379599806 19.11797189402689 0.06482985627735793 ZTF_g
58973.75331019983 19.137712478449792 0.08533143337842652 ZTF_g
58973.769317099825 19.062804723450828 0.07414386626840397 ZTF_g
58974.951307899784 19.174150169041503 0.12148631653709074 ZTF_g
58974.958437500056 19.22585161355484 0.13175653970910872 ZTF_g
58976.703530100174 19.054173873475893 0.11960829725104283 ZTF_g
58978.69495370006 19.060351710136043 0.05245603901984275 ZTF_g
58978.69587960001 19.15358024071648 0.05770847567992554 ZTF_g
58979.74542819988 19.282377318247303 0.06504608013932511 ZTF_g
58979.74636569992 19.135045270851208 0.05587571375742861 ZTF_g
58979.79104170017 19.779355699158362 0.11245175112280847 ZTF_g
58979.791516200174 19.775575629175165 0.11203491457418835 ZTF_g
58979.79197920021 19.04919467298476 0.062361205596875635 ZTF_g
58980.72364579979 19.192934459054882 0.034099825623828295 ZTF_g
58980.72508100001 19.230722541088046 0.034076831154528975 ZTF_g
58981.79396989988 19.23876230167335 0.04897561072688994 ZTF_g
58985.7954051001 19.267197211812558 0.04245971739367782 ZTF_g
58985.79634260014 19.172980684817247 0.03479448256789475 ZTF_g
58987.7459028 19.216374897696916 0.03344782902940224 ZTF_g
58991.79975689994 19.219534598617365 0.04166631858242198 ZTF_g
58991.80069439998 19.335889265743354 0.04529679738993053 ZTF_g
58992.81883100001 19.3766430102968 0.049890532330783444 ZTF_g
58993.75195599999 19.190434696178436 0.04184981704888102 ZTF_g
58994.75196760008 19.194536759722844 0.03939229090662977 ZTF_g
58994.75290510012 19.21848236292098 0.03922989342602001 ZTF_g
58995.80280089984 19.308190125402987 0.04568090195242647 ZTF_g
58996.6924883998 19.23610830811585 0.03934610900211055 ZTF_g
58997.728715300094 19.25865557810442 0.04381868160596092 ZTF_g
58998.83918979997 19.170794730832753 0.0369456937012842 ZTF_g
58999.75236110017 19.346379063352806 0.09861130572474508 ZTF_g
59000.75760419993 19.20228584619028 0.06422270976421629 ZTF_g
59000.75857640011 19.247705568635887 0.06725930992188722 ZTF_g
59001.86895829998 19.282028820356402 0.08091577057999544 ZTF_g
59009.7576156999 19.47937484174066 0.08007380406930409 ZTF_g
59012.6941550998 19.21270090379729 0.03842580119647998 ZTF_g
59018.70037040021 19.39711687751577 0.04084792548674976 ZTF_g
59021.729004600085 19.344433688604756 0.037348887211964055 ZTF_g
59024.77444439987 19.394235616886412 0.06159878479515157 ZTF_g
59027.71417819988 19.41460431788114 0.09063553313194816 ZTF_g
59033.693715299945 19.567392842476142 0.1557586368600603 ZTF_g
59035.72630790016 19.370052645240822 0.14410285923626098 ZTF_g
59036.69379629986 19.538852923239364 0.10251678021781707 ZTF_g
59039.69832180021 19.33133044184284 0.0503882655600183 ZTF_g
59042.69758100016 19.399368244790388 0.04509889161792913 ZTF_g
59043.69327550009 19.460523726833173 0.04873680429090754 ZTF_g
59044.69701390015 19.394778202368727 0.04624843457009398 ZTF_g
59045.7352661998 19.455628898436863 0.05531875665318431 ZTF_g
59046.71180560021 19.359969736255348 0.044589495658085454 ZTF_g
59048.76011569984 19.40284399476525 0.059110947571364036 ZTF_g
59048.76872690022 19.557435816331726 0.06605206617272508 ZTF_g
59049.69123840006 19.381767735357233 0.04504752663740774 ZTF_g
59049.70452550007 19.40950666756563 0.04793035641860577 ZTF_g
59050.68715280015 19.43021711730129 0.05508841751518112 ZTF_g
59051.6755903 19.567098869961765 0.07082432360189728 ZTF_g
59051.67652780004 19.43501263489039 0.06433111040161066 ZTF_g
59052.78991900012 19.500392612622154 0.06894316478621221 ZTF_g
59052.79085650016 19.530145562490077 0.07287952463470226 ZTF_g
59053.70776619995 19.422973587900756 0.04571621923385649 ZTF_g
59053.7086920999 19.472737397142264 0.04725774342961486 ZTF_g
59054.768368099816 19.53233097962463 0.07957722963252678 ZTF_g
59056.745185200125 19.4573259230948 0.08036192260678732 ZTF_g
59059.77870369982 19.497932316505473 0.15045491444018033 ZTF_g
59060.72734950017 19.515933343702194 0.11937351299203947 ZTF_g
59062.70613430021 19.37314956802467 0.11429322931427421 ZTF_g
59065.69276619982 19.4623918421344 0.14868110965471004 ZTF_g
59066.70802079979 19.313973990089053 0.11051750504734059 ZTF_g
59067.701898099855 19.518014586739334 0.09843723873204446 ZTF_g
59068.685358799994 19.493170745306795 0.06416278712920942 ZTF_g
59070.72357639996 19.541451210701172 0.07310059349439868 ZTF_g
59072.72274310002 19.328352178419017 0.07428370009729512 ZTF_g
59073.7176967999 19.530665176005233 0.07904143200374136 ZTF_g
59074.70653939992 19.32351893281229 0.070528584528466 ZTF_g
59075.67434029979 19.396890755087327 0.09579005137370267 ZTF_g
59076.67791670002 19.417306269696308 0.06562399617900816 ZTF_g
59077.72270830022 19.651071243706085 0.1107722546832619 ZTF_g
59078.6981366002 19.489852706319994 0.07882256204254112 ZTF_g
59080.69504630007 19.543057602323252 0.12335871812109822 ZTF_g
59199.039583299775 20.115326661938113 0.12040329048700293 ZTF_g
59204.04968750011 20.112199700213424 0.14047886527980147 ZTF_g
59221.998136600014 20.188498420721995 0.15271284553876363 ZTF_g
59224.04651620006 20.174982725496434 0.12338362936252878 ZTF_g
59225.03337959992 20.135522469720442 0.09693250751422511 ZTF_g
59227.05638890015 20.125945998012945 0.08844919288656605 ZTF_g
59227.99865739979 20.053195945715117 0.09906161500313004 ZTF_g
59232.04995370004 19.981341309726247 0.07132892575158323 ZTF_g
59251.926967599895 20.254795508451515 0.11643230098786184 ZTF_g
59254.025925899856 20.12812449270001 0.0714121907390588 ZTF_g
59263.026493099984 20.328769210748593 0.11959387983804781 ZTF_g
59265.92400459992 20.375606567191696 0.15086309727784375 ZTF_g
59290.902083300054 20.78330987420473 0.14265170765868795 ZTF_g
59290.90302080009 20.65652209543287 0.1273155752148547 ZTF_g
59292.93255789997 20.521494195697443 0.12584190667916495 ZTF_g
58547.94252309995 19.389576013103664 0.08289424073654672 PS_i
58557.02446760005 19.20511201517947 0.11394591222441974 PS_i
58560.80298609985 19.446640201105602 0.1462049986250804 PS_i
58572.91557870014 18.9112761361678 0.13880032836038403 PS_i
58581.89436340006 18.834273957861825 0.06943238272290486 PS_i
58586.80349540012 18.64867796633891 0.060558974077279615 PS_i
58594.80128470017 19.008737581792605 0.12402036862408927 PS_i
58594.80173610011 18.670742122233193 0.09018424636140665 PS_i
58596.85711809993 18.64434133219514 0.05639567496328368 PS_i
58607.78229170013 18.55049649253099 0.04409694668508912 PS_i
58612.816747699864 18.423721545696022 0.041154229203231196 PS_i
58616.83041669987 18.425775498942066 0.05027090999380768 PS_i
58627.92387730023 18.4321020680963 0.05195887884483952 PS_i
58635.68336809985 18.369285301692265 0.04811036806310831 PS_i
58639.70695600007 18.389102944846663 0.038545037829557316 PS_i
58643.7113194 18.389253375849332 0.045724330602160634 PS_i
58648.775879600085 18.29613050723991 0.06131828264328654 PS_i
58652.733576400205 18.436233323590578 0.05992157401337295 PS_i
58659.673125000205 18.406067787201827 0.05127454966318723 PS_i
58663.67638889979 18.37756393576816 0.0575137725004069 PS_i
58667.6729629999 18.33835451891968 0.04702930716917919 PS_i
58671.672395799775 18.342716733954497 0.0459728943031692 PS_i
58675.67015049979 18.500579304759054 0.11923542436397128 PS_i
58675.67504630005 18.866128145480282 0.07916028600162228 PS_i
58678.68178239977 18.74979283196537 0.06000618325996676 PS_i
58954.84643519996 19.17339148278598 0.08256047903251762 PS_i
58962.89070599992 19.152567235150734 0.10381404442733455 PS_i
58970.828240700066 19.22263139604872 0.0941955957271059 PS_i
58974.88906250009 19.125441297447043 0.13978251524064866 PS_i
58978.831145800184 19.238774507992296 0.13299364535540903 PS_i
58985.81711809989 19.290302175248875 0.08215891288851296 PS_i
58992.86709489999 19.346464962889222 0.1135589055211117 PS_i
58997.830324099865 19.488445832143587 0.10826275678646802 PS_i
59013.75601849984 19.49251460106408 0.09540225486751375 PS_i
59018.79706020001 19.52874023422254 0.10881379663069879 PS_i
59022.77493060008 19.494609194943305 0.0983046613942733 PS_i
59026.7962962999 19.683326894101555 0.1598904920892501 PS_i
59031.7551851999 19.372746265344876 0.15061284354496607 PS_i
59039.77406249987 19.61672030258577 0.1520760962135732 PS_i
59043.68694439996 19.372565531240543 0.0945749300923584 PS_i
59048.807754599955 19.601851190396747 0.12879161378334736 PS_i
59052.693715299945 19.632232318832006 0.10773649331158275 PS_i
59060.73430560017 19.53566553704308 0.15260205869358145 PS_i
58523.04114580015 20.035934598076665 0.09349585710061525 ZTF_r
58527.007685199846 19.928889201863697 0.14139450462092285 ZTF_r
58541.9818171002 19.380438229300452 0.051929978897124585 ZTF_r
58556.93728009984 19.094795021526867 0.05496435350450213 ZTF_r
58558.77644680021 19.20516342038599 0.1030205737132679 ZTF_r
58567.87807870004 18.94684230497676 0.0652214904239301 ZTF_r
58572.86373839993 18.58394075480855 0.0558410429472449 ZTF_r
58575.91525459988 18.738403732348537 0.029541108846038 ZTF_r
58580.83005789993 18.876592130831988 0.039862849547020573 ZTF_r
58580.89417820005 18.680152843153344 0.03722962879851366 ZTF_r
58583.83364580013 18.69657879761647 0.04293289199729955 ZTF_r
58586.816388899926 18.632258601988333 0.03752474100297398 ZTF_r
58589.73391199997 18.478530071607768 0.10617047802389123 ZTF_r
58591.879120400175 18.519206619204255 0.07822666029433734 ZTF_r
58593.80969909998 18.618787167823328 0.055762316283360036 ZTF_r
58594.856898100115 18.399855398183217 0.053789047189724215 ZTF_r
58597.85491900006 18.47616468797724 0.034035082480489365 ZTF_r
58602.79637729982 18.400281696849564 0.027492495349820345 ZTF_r
58606.748645800166 18.508280599662754 0.02629759590776004 ZTF_r
58606.77461809991 18.381692934025267 0.025170028293022284 ZTF_r
58608.7666782001 18.507421011356918 0.02487954877848786 ZTF_r
58612.73118059989 18.3426203640337 0.022844932894688696 ZTF_r
58616.797627300024 18.29837584907791 0.03166472826072564 ZTF_r
58617.76821759995 18.41210100543963 0.03412644328554926 ZTF_r
58618.7237383998 18.434444665639827 0.03939004916255584 ZTF_r
58619.81972219981 18.2694960996711 0.08417315367136169 ZTF_r
58628.82894679997 18.25020825380675 0.024454390958304373 ZTF_r
58633.80200230004 18.213181777584868 0.023333221094755885 ZTF_r
58634.804571799934 18.239817798248026 0.02099841867875618 ZTF_r
58634.80592590012 18.402421853326512 0.022617978960381535 ZTF_r
58634.80637730006 18.327525096882344 0.021194639568895113 ZTF_r
58636.71185189998 18.292163022954924 0.023051013524465702 ZTF_r
58638.745810199995 18.42870511840314 0.023016302897607588 ZTF_r
58638.74626159994 18.40076058240342 0.022196042771764013 ZTF_r
58638.74809029978 18.26080425199992 0.02143547652124589 ZTF_r
58639.77665509982 18.242856097487884 0.021608741184486746 ZTF_r
58642.75540510006 18.27647428735247 0.021626810848513145 ZTF_r
58645.77806709986 18.269956154327886 0.037927166591671835 ZTF_r
58648.7111343001 18.365587923432777 0.0636887569082667 ZTF_r
58651.75315969996 18.315706841581232 0.04850813062811277 ZTF_r
58654.69104170008 18.220675767650576 0.021962984203454994 ZTF_r
58657.75717590004 18.27848233068962 0.026568654015726167 ZTF_r
58660.71611109981 18.22359879094627 0.021712025159120074 ZTF_r
58663.69476850005 18.24648962104169 0.030390152128061843 ZTF_r
58666.67473379988 18.156529447531433 0.02500245340692686 ZTF_r
58669.68748839991 18.23557978368252 0.025394048638439415 ZTF_r
58672.696608799975 18.203397474555835 0.02411551126571787 ZTF_r
58675.73638889985 18.18692879675209 0.032972220466097824 ZTF_r
58678.696307899896 18.188308137870976 0.030855286788765923 ZTF_r
58681.74156250013 18.18314348174828 0.04167539850330115 ZTF_r
58684.68457179982 18.196537653271626 0.022187688378011217 ZTF_r
58689.67678239988 18.175724419509113 0.023628836584238755 ZTF_r
58692.67820600001 18.23695027386806 0.055083028089494945 ZTF_r
58698.67937499983 18.232037676474157 0.03432259342337218 ZTF_r
58705.661064799875 18.244006543882822 0.03552499096537787 ZTF_r
58712.73972220021 18.16068147049367 0.05644797747978458 ZTF_r
58718.645694400184 18.209231797820284 0.03856360698445549 ZTF_r
58723.640474500135 18.303026069835262 0.04609691980075148 ZTF_r
58726.63991900021 18.27855963860375 0.04184233863540321 ZTF_r
58746.6176967998 18.29379650764946 0.06313955062633703 ZTF_r
58746.62201389996 18.319616044109218 0.04667010209976574 ZTF_r
58746.62634260021 18.345513302892176 0.04790839401448821 ZTF_r
58746.630659699906 18.266236936537876 0.041933173727551676 ZTF_r
58748.61605319986 18.361943025115387 0.06168941005038597 ZTF_r
58748.62112270016 18.355114896281677 0.05283689167627337 ZTF_r
58748.63071760023 18.464773360493673 0.06181278999967077 ZTF_r
58750.61225689994 18.416712074217607 0.1176104502527906 ZTF_r
58750.6171875 18.410364580674713 0.08511726084627114 ZTF_r
58750.62210649997 18.358485280319066 0.0689024686175781 ZTF_r
58750.62701389985 18.48196450320429 0.08385659892700303 ZTF_r
58754.61576389987 18.43564763299511 0.05732815050078166 ZTF_r
58754.62059029983 18.318709927861057 0.04867584891328214 ZTF_r
58754.625405100174 18.39629673942919 0.05592420085943317 ZTF_r
58758.60243060021 18.121991466883927 0.0915197008337163 ZTF_r
58758.60729169985 18.379824044851546 0.0834472535473001 ZTF_r
58758.61215279997 18.33237863963918 0.054417287107375145 ZTF_r
58758.6169906999 18.294436237461667 0.05809354227114483 ZTF_r
58760.60057870019 18.23500320998003 0.10695805833128702 ZTF_r
58760.60541669978 18.26298213313361 0.08479560936713781 ZTF_r
58760.61025460018 18.34757837430146 0.06845256684789547 ZTF_r
58760.61509260023 18.32163008528032 0.06974029634170442 ZTF_r
58762.59861110011 18.477943498323604 0.12576144700508252 ZTF_r
58762.60358799994 18.343871158489463 0.07872157601521046 ZTF_r
58762.60856480012 18.36962476114476 0.07197035349734193 ZTF_r
58762.61353009986 18.265504529599276 0.0606155809153055 ZTF_r
58835.9899420999 18.58087031677085 0.08298396029181809 ZTF_r
58851.01740740007 18.67452207311006 0.047000675116585455 ZTF_r
58857.02644680021 20.77905197425849 0.09891734244579631 ZTF_r
58857.07628470007 18.57617554914175 0.04117237109966432 ZTF_r
58859.99789350014 18.508049351429424 0.05398557221645284 ZTF_r
58873.06053239992 18.567769377563337 0.04319030164022841 ZTF_r
58876.026203699876 18.59019655961008 0.031119957347206295 ZTF_r
58879.06094910018 18.739105209332557 0.045817021559539484 ZTF_r
58882.02737270016 18.519741557057273 0.029237710291411645 ZTF_r
58885.0406944002 18.704650098811683 0.04885092029788751 ZTF_r
58888.03609950002 18.478809598977584 0.04121042704850808 ZTF_r
58890.99929400021 18.778481517075296 0.1195369420305159 ZTF_r
58894.02252310002 18.58740329116255 0.04114960997111261 ZTF_r
58895.02109949989 18.867496660243738 0.03775968222817738 ZTF_r
58898.99893519981 18.68797638373791 0.029438176512623926 ZTF_r
58903.99828700023 18.647401519341212 0.03097181233862223 ZTF_r
58907.00495370012 18.708431722707868 0.05617454271192557 ZTF_r
58911.97775459988 18.798744410534873 0.05118792191177057 ZTF_r
58915.00809030002 18.706889643808907 0.03152231394693672 ZTF_r
58936.936550899874 18.759327045567378 0.03211249014903039 ZTF_r
58941.90240739984 18.88306148574952 0.04559201201866081 ZTF_r
58943.96530089993 18.845999394019 0.054096184933483116 ZTF_r
58954.95648150006 19.131481670599065 0.07196902220635693 ZTF_r
58955.92240739986 18.96787878899228 0.04887184687599877 ZTF_r
58956.80940969987 18.980668175090162 0.05069070324691083 ZTF_r
58961.90686339978 19.08319454592337 0.06157497646412402 ZTF_r
58962.80723380018 18.937821276385936 0.041605904532627136 ZTF_r
58964.78526620008 19.001823310823376 0.03932325314540286 ZTF_r
58965.82376160007 18.967890317466825 0.03541275414539946 ZTF_r
58965.82898150012 19.300708742610833 0.043084121400481123 ZTF_r
58965.829432900064 19.316075200230514 0.04201326401010519 ZTF_r
58966.84046299989 18.8719888200152 0.0647187002886973 ZTF_r
58967.83828700008 18.97028554506423 0.039154881841106715 ZTF_r
58968.88060190016 18.984810356986074 0.03342786925777119 ZTF_r
58969.83923610021 19.062846910447817 0.11806889114096819 ZTF_r
58969.84184029978 19.07298220994868 0.10756737052926013 ZTF_r
58970.892199099995 19.067464058013158 0.04497696538061646 ZTF_r
58970.89410880022 18.987350543394353 0.043009214664916584 ZTF_r
58971.86224539997 18.998719736112598 0.05012715050697736 ZTF_r
58971.86318290001 19.062616923851206 0.052045270015103284 ZTF_r
58972.88002309995 18.98937759965087 0.06223992935225908 ZTF_r
58973.81478009978 19.096957519689436 0.07626638571124111 ZTF_r
58973.81575229997 19.00178832273533 0.06955547179027377 ZTF_r
58974.81452549994 19.034042968555813 0.08494059146805277 ZTF_r
58974.815543999895 18.833605255951728 0.0723243304628447 ZTF_r
58975.88255790016 18.983926291931937 0.09272264522745921 ZTF_r
58976.79464119999 18.93791300393576 0.10255951647073758 ZTF_r
58977.76751160016 19.043055566150812 0.13171737692223928 ZTF_r
58977.76843750011 19.17606950286649 0.12623092071254938 ZTF_r
58978.75615740009 19.03710632208611 0.06710784505221312 ZTF_r
58980.77004629979 19.085232774677582 0.03890889154279975 ZTF_r
58980.774536999874 19.009312644535356 0.03804495588849832 ZTF_r
58981.751296299975 19.06247787190638 0.04388918013830434 ZTF_r
58981.77048610011 19.161171948829658 0.0536760784779009 ZTF_r
58985.78996529989 19.07013513919353 0.03856599728815979 ZTF_r
58985.79090279993 19.11194345966847 0.04001840379932098 ZTF_r
58986.775358799845 19.073326178029998 0.04095037950363434 ZTF_r
58987.798738399986 19.095372553478704 0.039074249322940346 ZTF_r
58991.73067130009 19.076852654714394 0.03900185689172808 ZTF_r
58991.731608800124 19.12546611845464 0.04159141619157758 ZTF_r
58992.75600690022 19.115097513616785 0.040835324427588304 ZTF_r
58993.77718750015 19.146426338296358 0.04611537136023536 ZTF_r
58994.78575230017 19.127093437904215 0.04229418872944102 ZTF_r
58994.78668980021 19.1272912767525 0.04065148825847231 ZTF_r
58995.755046300124 19.047525041142197 0.040585166619747426 ZTF_r
58996.79201389989 19.146167895761597 0.04056368053231907 ZTF_r
58997.791006899904 19.08192646221194 0.039794331560159435 ZTF_r
58997.79194439994 19.101103883130822 0.04383378052458653 ZTF_r
58998.76775459992 19.15410411414677 0.044058205953275476 ZTF_r
58998.8000810002 19.048243068030143 0.04217163158835646 ZTF_r
58999.79856480006 19.138618237832393 0.06760681694325932 ZTF_r
59000.82244209992 19.103993299138647 0.14095971865790347 ZTF_r
59009.71291670017 19.387965682666284 0.07516585696685851 ZTF_r
59012.75540510006 19.208511990430537 0.041034874425474044 ZTF_r
59015.714513900224 19.172588794716088 0.046532318630410074 ZTF_r
59018.73746530013 19.15420983050207 0.04115339622655689 ZTF_r
59021.74008100014 19.249385729907296 0.04539391197981679 ZTF_r
59024.73253470007 19.127381636975763 0.08564397458910733 ZTF_r
59027.75825229986 19.18933392843677 0.07268600027781247 ZTF_r
59033.67376160016 19.25815228294912 0.10013114175354865 ZTF_r
59039.73621529993 19.189132078591374 0.05206473477627327 ZTF_r
59042.713506899774 19.369855725954945 0.05311770256389181 ZTF_r
59043.73530089995 19.24020377080945 0.05290837501892476 ZTF_r
59044.71604169998 19.293288580681363 0.05400395966977811 ZTF_r
59045.69391199993 19.27029975072224 0.04615356694927364 ZTF_r
59046.692824100144 19.340533910713603 0.05693206663501016 ZTF_r
59047.71719910018 19.337026946780014 0.04900215709017708 ZTF_r
59048.68707180023 19.36661395412103 0.051148373521730406 ZTF_r
59049.672106499784 19.25383618498804 0.05763778063708891 ZTF_r
59049.68299769983 19.279209046299144 0.04880268661273668 ZTF_r
59050.76064810017 19.30275559083256 0.07388222314460613 ZTF_r
59050.76158560021 19.482353115978647 0.09223149604960668 ZTF_r
59051.70714120008 19.231013953310345 0.05465936833704532 ZTF_r
59051.70807870012 19.405731313142383 0.06324808096693246 ZTF_r
59052.74650460016 19.267908405558014 0.05637062569482332 ZTF_r
59052.747430600226 19.30797536512406 0.053182349683508434 ZTF_r
59059.676921300124 19.213000535454206 0.06284771038133208 ZTF_r
59060.6942592999 19.14105627126817 0.07056087923812093 ZTF_r
59062.711689800024 19.190100211112238 0.08183191997546935 ZTF_r
59063.67178239999 19.185441659961526 0.07051216826530293 ZTF_r
59065.67006940022 19.450698742478025 0.11120809985952995 ZTF_r
59066.744907400105 19.321175318563753 0.13741486261679547 ZTF_r
59067.67987270001 19.30188363704975 0.062151902240579204 ZTF_r
59069.69302080013 19.358712469735288 0.058809870514490825 ZTF_r
59070.686504600104 19.376178349318916 0.059640993243881724 ZTF_r
59072.68729169993 19.2492035915335 0.05999836521937496 ZTF_r
59073.67223379994 19.35678104805673 0.07129456123119304 ZTF_r
59074.678368099965 19.29379102259915 0.08326115460252304 ZTF_r
59075.72487269994 19.293010940949088 0.09675405845063167 ZTF_r
59076.696608799975 19.231813980021293 0.0672169820036288 ZTF_r
59077.66233799979 19.26762559655299 0.11530324905177203 ZTF_r
59078.67195599992 19.40425613176072 0.07098398219727287 ZTF_r
59079.70263889991 19.46547554282555 0.11607047013259653 ZTF_r
59080.67399309995 19.355548428361693 0.09515409176937517 ZTF_r
59081.6843634001 19.413612019466186 0.11758604466360723 ZTF_r
59082.68784719985 19.08196757294821 0.10916209163333335 ZTF_r
59110.61822920013 19.352515449333723 0.12999484238604708 ZTF_r
59110.622928199824 19.352598219947367 0.11697208084252253 ZTF_r
59110.6276273001 19.50979770528248 0.14212049535922588 ZTF_r
59110.632338 19.411071239052575 0.14336176893784547 ZTF_r
59112.61460650014 19.201450979605262 0.12010050622215829 ZTF_r
59112.619340300094 19.364212268804167 0.10355667881147923 ZTF_r
59112.62406249996 19.42483899662622 0.09599320665316213 ZTF_r
59112.62879629992 19.430824254717272 0.09627631085535526 ZTF_r
59112.63353009987 19.439302880346077 0.09238231767389848 ZTF_r
59114.62067130022 19.23267735183528 0.1223479415900961 ZTF_r
59118.62271990022 19.294460093823318 0.1298696934898711 ZTF_r
59126.61431710003 19.27365726245899 0.1153206485462448 ZTF_r
59195.01141199982 19.714986219107004 0.09895495005453903 ZTF_r
59201.04887730023 19.628486040185933 0.1277413663590039 ZTF_r
59204.01506939996 19.789771141894313 0.13609991578406522 ZTF_r
59217.98768519983 19.55248531168835 0.12548553465602907 ZTF_r
59219.98666669987 19.705293260089483 0.1408677571519128 ZTF_r
59223.996979199816 19.753988371681594 0.13141821278357568 ZTF_r
59225.0055670999 19.912812758176525 0.12367450808092073 ZTF_r
59227.00553240022 19.714428503294034 0.08933303892866462 ZTF_r
59228.04679400008 19.789771230148524 0.09808549694454882 ZTF_r
59232.02778939996 20.06677003634523 0.12909189219536188 ZTF_r
59233.9933449002 19.765913217345272 0.08414301948996616 ZTF_r
59249.98501159996 19.8251899741525 0.1200477208878219 ZTF_r
59251.97391200019 20.083096965836955 0.12531893613054734 ZTF_r
59253.99760420015 19.874332285939044 0.08000385181468594 ZTF_r
59255.92788190022 19.82689969475151 0.06875331896937276 ZTF_r
59262.99873840017 19.894199610471368 0.09966283237582019 ZTF_r
59265.860729199834 19.984527565852243 0.15213284600503485 ZTF_r
59267.924918999895 19.948498892960984 0.10910146785248465 ZTF_r
59269.892824099865 19.886618313724426 0.146884796116316 ZTF_r
59278.95596060017 19.84481265757661 0.11941066779919396 ZTF_r
59278.95689810021 20.075621693830268 0.13986203459283786 ZTF_r
59290.89204860013 20.223468825847185 0.10154922579810233 ZTF_r
59290.89298610017 19.931645322396776 0.07761303800572072 ZTF_r
59292.890231499914 20.274356554599006 0.11356045028685102 ZTF_r
59292.89116899995 20.251821942634326 0.12047625097036985 ZTF_r
59308.94356480008 20.3722131539246 0.15106606675728784 ZTF_r
59310.901006899774 20.64817345098933 0.1595510405847449 ZTF_r
59311.81939810002 20.50373829344523 0.1403195330629412 ZTF_r
