MJD mag magerr band
56677.66667829 12.07 0.025 WISE_W1
56677.66667829 12.141 0.039 WISE_W2
56677.79834587 12.019 0.02 WISE_W1
56677.79834587 11.956 0.037 WISE_W2
56677.93014076 12.0 0.034 WISE_W2
56677.93014076 11.968 0.019 WISE_W1
56677.99597461 12.0 0.021 WISE_W1
56677.99597461 11.838 0.037 WISE_W2
56678.06193572 12.052 0.02 WISE_W1
56678.06193572 11.999 0.038 WISE_W2
56678.19360334 12.013 0.038 WISE_W2
56678.19360334 12.015 0.027 WISE_W1
56678.25956446 12.028 0.02 WISE_W1
56678.25956446 11.992 0.034 WISE_W2
56678.32539829 12.04 0.02 WISE_W1
56678.32539829 12.034 0.036 WISE_W2
56678.39123208 11.977 0.033 WISE_W2
56678.39123208 12.109 0.024 WISE_W1
56678.39135944 12.055 0.038 WISE_W2
56678.39135944 12.037 0.024 WISE_W1
56678.45719324 12.167 0.04 WISE_W2
56678.45719324 12.053 0.022 WISE_W1
56678.58898818 12.039 0.023 WISE_W1
56678.58898818 12.183 0.041 WISE_W2
56678.65482198 12.051 0.038 WISE_W2
56678.65482198 12.049 0.021 WISE_W1
56678.72065576 12.044 0.038 WISE_W2
56678.72065576 12.033 0.028 WISE_W1
56678.78661692 12.031 0.022 WISE_W1
56678.78661692 12.173 0.042 WISE_W2
56678.85245072 12.033 0.021 WISE_W1
56678.85245072 12.09 0.038 WISE_W2
56678.91828451 12.04 0.043 WISE_W2
56678.91828451 11.968 0.023 WISE_W1
56679.05007946 12.055 0.034 WISE_W2
56679.05007946 12.104 0.023 WISE_W1
56679.31366931 11.934 0.025 WISE_W1
56679.31366931 12.023 0.034 WISE_W2
56681.28995674 12.05 0.02 WISE_W1
56681.28995674 12.161 0.05 WISE_W2
56681.35579049 12.048 0.036 WISE_W2
56681.35579049 12.146 0.025 WISE_W1
56681.35591789 12.055 0.025 WISE_W1
56681.35591789 12.061 0.037 WISE_W2
56681.42175164 12.074 0.021 WISE_W1
56681.42175164 12.132 0.054 WISE_W2
56681.48758543 12.096 0.04 WISE_W2
56681.48758543 12.018 0.022 WISE_W1
56681.55354659 12.093 0.036 WISE_W2
56681.55354659 12.105 0.023 WISE_W1
56681.61938038 12.002 0.022 WISE_W1
56681.61938038 12.063 0.04 WISE_W2
56681.68521417 12.075 0.022 WISE_W1
56681.68521417 12.145 0.047 WISE_W2
56681.75117532 12.027 0.035 WISE_W2
56681.75117532 11.951 0.023 WISE_W1
56681.81700912 12.1 0.042 WISE_W2
56681.81700912 12.115 0.023 WISE_W1
56681.94880406 12.135 0.037 WISE_W2
56681.94880406 12.026 0.024 WISE_W1
56682.21226655 12.053 0.02 WISE_W1
56682.21226655 12.066 0.033 WISE_W2
56857.29593677 12.033 0.022 WISE_W1
56857.29593677 12.078 0.037 WISE_W2
56857.42747652 12.119 0.025 WISE_W1
56857.42747652 12.123 0.037 WISE_W2
56857.55901617 12.125 0.025 WISE_W1
56857.55901617 12.056 0.043 WISE_W2
56857.6905559 12.084 0.039 WISE_W2
56857.6905559 11.96 0.026 WISE_W1
56857.75638946 11.976 0.045 WISE_W2
56857.75638946 12.093 0.023 WISE_W1
56857.82222296 12.034 0.024 WISE_W1
56857.82222296 12.059 0.038 WISE_W2
56857.8879292 12.055 0.038 WISE_W2
56857.8879292 12.057 0.024 WISE_W1
56857.95376275 12.121 0.023 WISE_W1
56857.95376275 12.087 0.046 WISE_W2
56858.01946899 11.987 0.034 WISE_W2
56858.01946899 11.98 0.025 WISE_W1
56858.01959635 12.141 0.042 WISE_W2
56858.01959635 11.996 0.025 WISE_W1
56858.08530255 12.094 0.022 WISE_W1
56858.08530255 12.029 0.044 WISE_W2
56858.15113605 12.054 0.048 WISE_W2
56858.15113605 12.048 0.022 WISE_W1
56858.21684223 12.019 0.034 WISE_W2
56858.21684223 12.066 0.022 WISE_W1
56858.28267574 11.674 0.035 WISE_W2
56858.28267574 12.136 0.027 WISE_W1
56858.34850929 12.054 0.037 WISE_W2
56858.34850929 12.042 0.022 WISE_W1
56858.41421549 11.99 0.025 WISE_W1
56858.41421549 12.03 0.046 WISE_W2
56858.48004899 12.044 0.021 WISE_W1
56858.48004899 11.915 0.037 WISE_W2
56858.54575519 12.052 0.034 WISE_W2
56858.54575519 12.055 0.023 WISE_W1
56858.54588255 12.141 0.053 WISE_W2
56858.54588255 12.078 0.024 WISE_W1
56858.61158873 12.023 0.02 WISE_W1
56858.61158873 12.07 0.033 WISE_W2
56858.67742228 12.026 0.021 WISE_W1
56858.67742228 12.022 0.032 WISE_W2
56858.74312843 12.067 0.033 WISE_W2
56858.74312843 12.077 0.022 WISE_W1
56858.80896203 12.007 0.034 WISE_W2
56858.80896203 12.0 0.021 WISE_W1
56858.94050182 12.026 0.021 WISE_W1
56858.94050182 12.031 0.042 WISE_W2
56859.07204156 12.005 0.041 WISE_W2
56859.07204156 12.049 0.021 WISE_W1
57043.57879147 11.989 0.02 WISE_W1
57043.57879147 12.095 0.033 WISE_W2
57043.71020448 12.02 0.034 WISE_W2
57043.71020448 12.049 0.022 WISE_W1
57043.84161753 12.06 0.021 WISE_W1
57043.84161753 11.898 0.042 WISE_W2
57043.90719675 11.991 0.033 WISE_W2
57043.90719675 12.025 0.021 WISE_W1
57043.90732406 12.01 0.032 WISE_W2
57043.90732406 12.004 0.026 WISE_W1
57043.97290328 12.031 0.022 WISE_W1
57043.97290328 11.929 0.038 WISE_W2
57044.0386098 11.977 0.02 WISE_W1
57044.0386098 12.026 0.032 WISE_W2
57044.23572934 13.411 0.093 WISE_W2
57044.23572934 12.666 0.072 WISE_W1
57044.23572934 12.131 0.039 WISE_W2
57044.30143578 12.127 0.047 WISE_W2
57044.30143578 11.968 0.019 WISE_W1
57044.3671423 12.083 0.035 WISE_W2
57044.3671423 12.101 0.021 WISE_W1
57044.43284883 12.212 0.042 WISE_W2
57044.43284883 12.053 0.02 WISE_W1
57044.49855536 12.045 0.022 WISE_W1
57044.49855536 12.025 0.039 WISE_W2
57044.62996596 12.128 0.04 WISE_W2
57044.62996596 12.039 0.024 WISE_W1
57044.69567248 12.118 0.033 WISE_W2
57044.69567248 12.076 0.021 WISE_W1
57044.761379 11.962 0.042 WISE_W2
57044.761379 12.038 0.024 WISE_W1
57044.82708552 12.017 0.024 WISE_W1
57044.82708552 12.072 0.043 WISE_W2
57044.9583712 12.024 0.037 WISE_W2
57044.9583712 11.931 0.021 WISE_W1
57045.08978425 12.043 0.021 WISE_W1
57045.08978425 11.991 0.037 WISE_W2
57216.1535717 12.05 0.021 WISE_W1
57216.1535717 12.023 0.036 WISE_W2
57216.28472944 12.103 0.039 WISE_W2
57216.28472944 11.889 0.028 WISE_W1
57216.41601455 12.014 0.022 WISE_W1
57216.41601455 12.082 0.037 WISE_W2
57216.54717238 12.06 0.043 WISE_W2
57216.54717238 12.095 0.022 WISE_W1
57216.61275126 12.023 0.026 WISE_W1
57216.61275126 12.047 0.039 WISE_W2
57216.67845749 12.096 0.043 WISE_W2
57216.67845749 12.076 0.027 WISE_W1
57216.74403637 11.982 0.023 WISE_W1
57216.74403637 11.981 0.048 WISE_W2
57216.80961534 12.096 0.023 WISE_W1
57216.80961534 12.052 0.036 WISE_W2
57216.87519425 12.068 0.045 WISE_W2
57216.87519425 12.079 0.022 WISE_W1
57216.94077317 12.11 0.023 WISE_W1
57216.94077317 12.035 0.04 WISE_W2
57217.00647946 12.004 0.038 WISE_W2
57217.00647946 12.015 0.023 WISE_W1
57217.07205832 12.015 0.02 WISE_W1
57217.07205832 12.082 0.038 WISE_W2
57217.13763725 12.121 0.041 WISE_W2
57217.13763725 12.038 0.021 WISE_W1
57217.20321616 12.067 0.034 WISE_W2
57217.20321616 12.046 0.02 WISE_W1
57217.26879503 11.992 0.041 WISE_W2
57217.26879503 12.061 0.024 WISE_W1
57217.33450123 12.053 0.021 WISE_W1
57217.33450123 11.938 0.036 WISE_W2
57217.40008014 12.046 0.021 WISE_W1
57217.40008014 12.055 0.038 WISE_W2
57217.46565906 11.988 0.034 WISE_W2
57217.46565906 12.016 0.02 WISE_W1
57217.53123797 12.031 0.038 WISE_W2
57217.53123797 12.089 0.021 WISE_W1
57217.59681685 12.029 0.021 WISE_W1
57217.59681685 12.069 0.035 WISE_W2
57217.66252309 12.026 0.023 WISE_W1
57217.66252309 12.051 0.036 WISE_W2
57217.79368093 12.08 0.039 WISE_W2
57217.79368093 12.034 0.019 WISE_W1
57217.92483876 12.036 0.034 WISE_W2
57217.92483876 12.058 0.021 WISE_W1
57406.55981215 11.956 0.032 WISE_W2
57406.55981215 12.012 0.02 WISE_W1
57406.6909708 12.049 0.021 WISE_W1
57406.6909708 11.978 0.032 WISE_W2
57406.82200199 12.003 0.021 WISE_W1
57406.82200199 12.031 0.034 WISE_W2
57406.88758131 11.999 0.02 WISE_W1
57406.88758131 12.026 0.034 WISE_W2
57406.95316064 12.071 0.039 WISE_W2
57406.95316064 12.028 0.022 WISE_W1
57407.01873473 12.055 0.033 WISE_W2
57407.01873473 12.035 0.021 WISE_W1
57407.08431397 12.114 0.022 WISE_W1
57407.08431397 12.073 0.04 WISE_W2
57407.21534516 12.142 0.034 WISE_W2
57407.21534516 11.997 0.025 WISE_W1
57407.28092434 11.943 0.041 WISE_W2
57407.28092434 12.063 0.02 WISE_W1
57407.34650362 12.051 0.02 WISE_W1
57407.34650362 12.051 0.036 WISE_W2
57407.4120829 12.023 0.036 WISE_W2
57407.4120829 12.117 0.022 WISE_W1
57407.54324141 12.022 0.022 WISE_W1
57407.54324141 12.061 0.035 WISE_W2
57407.60869332 12.11 0.037 WISE_W2
57407.60869332 11.929 0.027 WISE_W1
57407.6742726 12.048 0.022 WISE_W1
57407.6742726 12.042 0.033 WISE_W2
57407.80543111 11.991 0.034 WISE_W2
57407.80543111 11.888 0.028 WISE_W1
57407.93658962 12.043 0.024 WISE_W1
57407.93658962 12.018 0.037 WISE_W2
57408.06762081 11.982 0.035 WISE_W2
57408.06762081 11.997 0.024 WISE_W1
57575.03443573 12.037 0.041 WISE_W2
57575.03443573 12.055 0.023 WISE_W1
57575.16546625 12.038 0.025 WISE_W1
57575.16546625 12.137 0.044 WISE_W2
57575.29649683 12.068 0.023 WISE_W1
57575.29649683 12.196 0.051 WISE_W2
57575.42752736 12.053 0.04 WISE_W2
57575.42752736 11.905 0.025 WISE_W1
57575.49310628 12.131 0.047 WISE_W2
57575.49310628 11.882 0.026 WISE_W1
57575.55855788 12.02 0.022 WISE_W1
57575.55855788 12.036 0.036 WISE_W2
57575.62413681 12.011 0.039 WISE_W2
57575.62413681 12.015 0.025 WISE_W1
57575.68958846 12.052 0.022 WISE_W1
57575.68958846 12.182 0.054 WISE_W2
57575.75504012 11.984 0.033 WISE_W2
57575.75504012 12.015 0.026 WISE_W1
57575.75516743 12.099 0.045 WISE_W2
57575.75516743 12.012 0.025 WISE_W1
57575.82061904 12.084 0.041 WISE_W2
57575.82061904 12.141 0.022 WISE_W1
57575.88607069 12.085 0.025 WISE_W1
57575.88607069 12.081 0.035 WISE_W2
57575.88619801 12.187 0.027 WISE_W1
57575.88619801 12.111 0.038 WISE_W2
57575.95164966 12.076 0.021 WISE_W1
57575.95164966 11.973 0.043 WISE_W2
57576.01710132 12.035 0.024 WISE_W1
57576.01710132 12.044 0.033 WISE_W2
57576.01722863 12.156 0.047 WISE_W2
57576.01722863 12.032 0.025 WISE_W1
57576.08268023 12.044 0.02 WISE_W1
57576.08268023 11.947 0.037 WISE_W2
57576.14813184 12.229 0.03 WISE_W1
57576.14813184 12.098 0.034 WISE_W2
57576.1482592 11.998 0.036 WISE_W2
57576.1482592 12.112 0.024 WISE_W1
57576.21371081 12.086 0.021 WISE_W1
57576.21371081 12.036 0.039 WISE_W2
57576.27916237 12.089 0.034 WISE_W2
57576.27916237 11.9 0.029 WISE_W1
57576.27928973 12.068 0.044 WISE_W2
57576.27928973 12.06 0.023 WISE_W1
57576.3447413 12.036 0.022 WISE_W1
57576.3447413 12.013 0.035 WISE_W2
57576.4101929 12.055 0.022 WISE_W1
57576.4101929 12.044 0.035 WISE_W2
57576.41032027 12.046 0.039 WISE_W2
57576.41032027 12.075 0.025 WISE_W1
57576.54122347 12.068 0.034 WISE_W2
57576.54122347 12.047 0.021 WISE_W1
57576.67225405 12.033 0.043 WISE_W2
57576.67225405 12.056 0.022 WISE_W1
57576.80328463 12.118 0.042 WISE_W2
57576.80328463 12.038 0.021 WISE_W1
57582.30657014 12.109 0.042 WISE_W2
57582.30657014 12.032 0.027 WISE_W1
57582.37202174 11.995 0.032 WISE_W2
57582.37202174 12.032 0.022 WISE_W1
57770.71223856 11.996 0.022 WISE_W1
57770.71223856 12.007 0.042 WISE_W2
57770.84326992 12.044 0.021 WISE_W1
57770.84326992 12.012 0.037 WISE_W2
57770.97430128 12.062 0.022 WISE_W1
57770.97430128 12.048 0.034 WISE_W2
57771.10520528 12.137 0.046 WISE_W2
57771.10520528 12.084 0.021 WISE_W1
57771.17078453 12.02 0.022 WISE_W1
57771.17078453 11.957 0.035 WISE_W2
57771.2362365 12.026 0.022 WISE_W1
57771.2362365 12.029 0.045 WISE_W2
57771.30168847 11.998 0.035 WISE_W2
57771.30168847 12.078 0.023 WISE_W1
57771.36726781 12.048 0.022 WISE_W1
57771.36726781 11.948 0.045 WISE_W2
57771.43271984 12.02 0.021 WISE_W1
57771.43271984 11.972 0.039 WISE_W2
57771.49817186 12.242 0.024 WISE_W1
57771.49817186 12.28 0.045 WISE_W2
57771.5637512 12.092 0.04 WISE_W2
57771.5637512 12.095 0.022 WISE_W1
57771.62920317 12.08 0.024 WISE_W1
57771.62920317 11.981 0.051 WISE_W2
57771.6946552 12.088 0.023 WISE_W1
57771.6946552 11.899 0.045 WISE_W2
57771.76023449 12.238 0.049 WISE_W2
57771.76023449 12.097 0.023 WISE_W1
57771.8256865 12.212 0.048 WISE_W2
57771.8256865 12.055 0.022 WISE_W1
57771.89113853 12.052 0.043 WISE_W2
57771.89113853 11.983 0.025 WISE_W1
57771.95671787 12.115 0.043 WISE_W2
57771.95671787 12.044 0.027 WISE_W1
57772.0221699 12.12 0.022 WISE_W1
57772.0221699 11.994 0.045 WISE_W2
57772.08762188 12.054 0.024 WISE_W1
57772.08762188 12.044 0.035 WISE_W2
57772.21865318 11.978 0.037 WISE_W2
57772.21865318 12.069 0.026 WISE_W1
57772.34968446 12.054 0.022 WISE_W1
57772.34968446 12.047 0.044 WISE_W2
57773.59404477 12.042 0.035 WISE_W2
57773.59404477 12.025 0.021 WISE_W1
57773.72507624 11.993 0.033 WISE_W2
57773.72507624 12.059 0.022 WISE_W1
57773.85598035 12.119 0.026 WISE_W1
57773.85598035 11.86 0.033 WISE_W2
57773.98701182 12.079 0.022 WISE_W1
57773.98701182 12.026 0.036 WISE_W2
57774.0524638 11.902 0.037 WISE_W2
57774.0524638 12.113 0.025 WISE_W1
57774.11804319 12.193 0.045 WISE_W2
57774.11804319 11.881 0.031 WISE_W1
57774.18349527 12.063 0.02 WISE_W1
57774.18349527 12.003 0.037 WISE_W2
57774.2489473 12.029 0.044 WISE_W2
57774.2489473 12.085 0.027 WISE_W1
57774.31452664 12.022 0.033 WISE_W2
57774.31452664 12.059 0.022 WISE_W1
57774.37997873 12.073 0.037 WISE_W2
57774.37997873 11.954 0.025 WISE_W1
57774.4454308 12.046 0.038 WISE_W2
57774.4454308 12.065 0.023 WISE_W1
57774.57646222 12.048 0.039 WISE_W2
57774.57646222 12.0 0.024 WISE_W1
57774.64191426 12.103 0.04 WISE_W2
57774.64191426 11.95 0.027 WISE_W1
57774.70749365 12.066 0.025 WISE_W1
57774.70749365 11.994 0.061 WISE_W2
57774.77294573 12.131 0.045 WISE_W2
57774.77294573 12.09 0.023 WISE_W1
57774.83839775 12.156 0.025 WISE_W1
57774.83839775 12.008 0.038 WISE_W2
57774.9039772 12.132 0.046 WISE_W2
57774.9039772 12.062 0.024 WISE_W1
57774.96942922 12.14 0.026 WISE_W1
57774.96942922 12.134 0.041 WISE_W2
57775.10046126 12.108 0.039 WISE_W2
57775.10046126 12.041 0.023 WISE_W1
57775.23136528 11.951 0.038 WISE_W2
57775.23136528 11.951 0.026 WISE_W1
57935.38462738 12.076 0.036 WISE_W2
57935.38462738 12.128 0.024 WISE_W1
57935.51553116 12.122 0.045 WISE_W2
57935.51553116 12.09 0.025 WISE_W1
57935.64643444 12.021 0.024 WISE_W1
57935.64643444 12.05 0.049 WISE_W2
57935.77746501 12.116 0.044 WISE_W2
57935.77746501 12.086 0.025 WISE_W1
57935.84291663 12.12 0.023 WISE_W1
57935.84291663 12.117 0.035 WISE_W2
57935.90836831 12.097 0.026 WISE_W1
57935.90836831 12.08 0.04 WISE_W2
57935.97381998 12.087 0.045 WISE_W2
57935.97381998 12.079 0.023 WISE_W1
57936.03927155 12.026 0.041 WISE_W2
57936.03927155 12.106 0.023 WISE_W1
57936.10472323 12.088 0.043 WISE_W2
57936.10472323 12.079 0.024 WISE_W1
57936.17017485 12.138 0.037 WISE_W2
57936.17017485 12.09 0.027 WISE_W1
57936.17030221 12.095 0.024 WISE_W1
57936.17030221 12.153 0.039 WISE_W2
57936.23575378 12.069 0.038 WISE_W2
57936.23575378 11.959 0.024 WISE_W1
57936.30120546 12.107 0.022 WISE_W1
57936.30120546 12.069 0.035 WISE_W2
57938.52707031 11.915 0.034 WISE_W2
57938.52707031 11.915 0.024 WISE_W1
57938.52719763 12.144 0.038 WISE_W2
57938.52719763 13.778 0.051 WISE_W1
57938.52719763 11.893 0.024 WISE_W1
57938.52719763 13.073 0.071 WISE_W2
57938.65810091 12.148 0.048 WISE_W2
57938.65810091 12.079 0.023 WISE_W1
57938.78900417 12.079 0.036 WISE_W2
57938.78900417 12.139 0.023 WISE_W1
57938.85445583 12.059 0.025 WISE_W1
57938.85445583 12.198 0.039 WISE_W2
57938.91990747 12.116 0.032 WISE_W1
57938.91990747 12.006 0.038 WISE_W2
57938.98535913 11.967 0.026 WISE_W1
57938.98535913 12.013 0.034 WISE_W2
57938.98548645 12.087 0.038 WISE_W2
57938.98548645 11.964 0.024 WISE_W1
57939.05093807 12.208 0.043 WISE_W2
57939.05093807 12.141 0.023 WISE_W1
57939.1163897 12.079 0.04 WISE_W2
57939.1163897 12.074 0.028 WISE_W1
57939.18184132 12.195 0.047 WISE_W2
57939.18184132 11.969 0.023 WISE_W1
57939.24729289 12.075 0.051 WISE_W2
57939.24729289 12.116 0.024 WISE_W1
57939.31274451 12.011 0.024 WISE_W1
57939.31274451 12.048 0.04 WISE_W2
57939.37819615 12.009 0.027 WISE_W1
57939.37819615 12.12 0.043 WISE_W2
57939.44364777 12.015 0.024 WISE_W1
57939.44364777 11.989 0.039 WISE_W2
57939.5092267 12.04 0.024 WISE_W1
57939.5092267 12.092 0.038 WISE_W2
57939.57467833 12.007 0.021 WISE_W1
57939.57467833 11.952 0.046 WISE_W2
57939.64012995 12.106 0.023 WISE_W1
57939.64012995 12.036 0.044 WISE_W2
57939.70558153 12.123 0.021 WISE_W1
57939.70558153 12.074 0.039 WISE_W2
57939.77103319 12.131 0.042 WISE_W2
57939.77103319 12.084 0.021 WISE_W1
57939.83648483 12.022 0.042 WISE_W2
57939.83648483 12.068 0.023 WISE_W1
57939.90193649 11.998 0.021 WISE_W1
57939.90193649 12.109 0.039 WISE_W2
57940.03296706 12.133 0.041 WISE_W2
57940.03296706 12.078 0.021 WISE_W1
57940.16387035 12.024 0.035 WISE_W2
57940.16387035 12.021 0.021 WISE_W1
57940.29477351 12.0 0.022 WISE_W1
57940.29477351 12.029 0.036 WISE_W2
58138.27078244 11.922 0.039 WISE_W2
58138.27078244 12.095 0.026 WISE_W1
58138.27090977 12.039 0.038 WISE_W2
58138.27090977 12.148 0.025 WISE_W1
58138.40181337 12.058 0.037 WISE_W2
58138.40181337 12.08 0.023 WISE_W1
58138.46726524 12.119 0.024 WISE_W1
58138.46726524 13.996 0.057 WISE_W1
58138.46726524 11.982 0.044 WISE_W2
58138.46726524 13.499 0.103 WISE_W2
58138.53271707 12.062 0.036 WISE_W2
58138.53271707 12.095 0.024 WISE_W1
58138.59816951 12.08 0.041 WISE_W2
58138.59816951 12.101 0.022 WISE_W1
58138.6636213 12.13 0.023 WISE_W1
58138.6636213 12.083 0.037 WISE_W2
58138.72907317 12.072 0.036 WISE_W2
58138.72907317 12.086 0.021 WISE_W1
58138.79452505 11.962 0.043 WISE_W2
58138.79452505 12.131 0.023 WISE_W1
58138.85997686 11.926 0.028 WISE_W1
58138.85997686 11.996 0.037 WISE_W2
58138.85997686 14.222 0.082 WISE_W1
58138.85997686 13.835 0.151 WISE_W2
58138.92542874 12.148 0.037 WISE_W2
58138.92542874 12.067 0.025 WISE_W1
58138.99088061 12.075 0.055 WISE_W2
58138.99088061 12.069 0.021 WISE_W1
58139.0563324 12.113 0.025 WISE_W1
58139.0563324 12.053 0.042 WISE_W2
58139.12127491 11.902 0.025 WISE_W1
58139.12127491 12.124 0.038 WISE_W2
58139.25268792 12.069 0.024 WISE_W1
58139.25268792 11.934 0.039 WISE_W2
58139.38359162 12.058 0.041 WISE_W2
58139.38359162 11.948 0.024 WISE_W1
58269.75 19.410900115966797 0.18899700045585632 ZTF_g
58272.75 19.454700469970703 0.10821600258350372 ZTF_g
58278.72270830022 19.32080078125 0.09318099915981293 ZTF_g
58281.768078700174 19.05929946899414 0.07178200036287308 ZTF_g
58284.74458329985 19.12310028076172 0.07912000268697739 ZTF_g
58287.76123839989 19.27989959716797 0.1281680017709732 ZTF_r
58290.69971060008 19.305099487304688 0.09595400094985962 ZTF_g
58293.717731500044 19.177400588989258 0.17830699682235718 ZTF_g
58293.74564810004 19.039199829101562 0.13641700148582458 ZTF_r
58298.92490826 11.888 0.022 WISE_W1
58298.92490826 11.873 0.038 WISE_W2
58299.05581145 11.89 0.026 WISE_W1
58299.05581145 11.923 0.04 WISE_W2
58299.18658731 11.845 0.026 WISE_W1
58299.18658731 11.622 0.032 WISE_W2
58299.3174904 11.877 0.022 WISE_W1
58299.3174904 11.911 0.034 WISE_W2
58299.382942 11.881 0.022 WISE_W1
58299.382942 11.913 0.032 WISE_W2
58299.44839359 11.913 0.024 WISE_W1
58299.44839359 11.975 0.04 WISE_W2
58299.51384519 11.901 0.022 WISE_W1
58299.51384519 11.887 0.036 WISE_W2
58299.57929678 11.925 0.022 WISE_W1
58299.57929678 11.878 0.035 WISE_W2
58299.64462101 11.718 0.033 WISE_W2
58299.64462101 11.874 0.025 WISE_W1
58299.64474837 11.868 0.024 WISE_W1
58299.64474837 11.919 0.049 WISE_W2
58299.71007256 11.909 0.037 WISE_W2
58299.71007256 11.924 0.023 WISE_W1
58299.77552419 11.938 0.023 WISE_W1
58299.77552419 11.759 0.044 WISE_W2
58299.84097579 11.875 0.036 WISE_W2
58299.84097579 11.945 0.023 WISE_W1
58299.90642738 11.937 0.023 WISE_W1
58299.90642738 11.896 0.044 WISE_W2
58299.97187897 11.841 0.032 WISE_W2
58299.97187897 11.936 0.021 WISE_W1
58300.03733057 11.879 0.041 WISE_W2
58300.03733057 11.85 0.023 WISE_W1
58300.10278215 11.852 0.037 WISE_W2
58300.10278215 11.907 0.025 WISE_W1
58300.16810639 11.857 0.021 WISE_W1
58300.16810639 11.831 0.034 WISE_W2
58300.16823375 11.933 0.023 WISE_W1
58300.16823375 11.954 0.038 WISE_W2
58300.23355799 11.894 0.02 WISE_W1
58300.23355799 11.783 0.037 WISE_W2
58300.29900957 11.678 0.035 WISE_W2
58300.29900957 11.886 0.019 WISE_W1
58300.42991328 11.811 0.031 WISE_W2
58300.42991328 11.894 0.019 WISE_W1
58300.56081652 11.854 0.03 WISE_W2
58300.56081652 11.877 0.02 WISE_W1
58300.69159234 11.889 0.022 WISE_W1
58300.69159234 11.854 0.03 WISE_W2
58300.69171965 11.831 0.036 WISE_W2
58300.69171965 11.677 0.029 WISE_W1
58300.703298599925 18.933799743652344 0.08954499661922455 ZTF_g
58311.70365739986 18.994400024414062 0.10349400341510773 ZTF_r
58314.67937499983 19.059099197387695 0.07854200154542923 ZTF_r
58319.67874999996 18.675199508666992 0.09038300067186356 ZTF_g
58319.72305560019 18.753599166870117 0.11535900086164474 ZTF_r
58323.78525459999 18.66160011291504 0.0928570032119751 ZTF_g
58330.70158560015 18.65679931640625 0.08921000361442566 ZTF_g
58330.79988430021 18.73080062866211 0.12088499963283539 ZTF_r
58333.6780555998 18.770200729370117 0.08350200206041336 ZTF_g
58336.68569440022 18.803300857543945 0.07822100073099136 ZTF_g
58336.71464119991 18.98579978942871 0.10194399952888489 ZTF_r
58344.66350689996 18.929899215698242 0.10295599699020386 ZTF_g
58347.70024310006 18.89550018310547 0.09222099930047989 ZTF_g
58350.743830999825 19.07110023498535 0.11746399849653244 ZTF_g
58353.650312500075 18.936199188232422 0.13612399995326996 ZTF_r
58356.742928199936 19.27829933166504 0.16707199811935425 ZTF_r
58359.63807869982 18.965999603271484 0.111394003033638 ZTF_g
58365.64214120014 18.965200424194336 0.10853700339794159 ZTF_r
58365.73581020022 18.955900192260742 0.07554499804973602 ZTF_g
58369.63081019977 18.995399475097656 0.11588600277900696 ZTF_r
58369.725532399956 19.04210090637207 0.11473000049591064 ZTF_g
58372.63871529978 19.081600189208984 0.10207899659872055 ZTF_r
58379.65908560017 19.031400680541992 0.12033499777317047 ZTF_g
58388.65479170019 18.985300064086914 0.1886959969997406 ZTF_g
58473.03531249985 19.506399154663086 0.1157199963927269 ZTF_g
58488.008784700185 19.615999221801758 0.15096800029277802 ZTF_g
58495.034571799915 19.621999740600586 0.13236799836158752 ZTF_g
58502.11368752 11.671 0.019 WISE_W1
58502.11368752 11.224 0.023 WISE_W2
58502.24459111 11.263 0.024 WISE_W2
58502.24459111 11.646 0.018 WISE_W1
58502.37549462 11.221 0.027 WISE_W2
58502.37549462 11.653 0.019 WISE_W1
58502.50627089 11.643 0.019 WISE_W1
58502.50627089 11.247 0.023 WISE_W2
58502.57172266 11.241 0.026 WISE_W2
58502.57172266 11.639 0.019 WISE_W1
58502.63717449 11.256 0.025 WISE_W2
58502.63717449 11.656 0.019 WISE_W1
58502.70262626 11.214 0.026 WISE_W2
58502.70262626 11.61 0.018 WISE_W1
58502.76807809 11.677 0.022 WISE_W1
58502.76807809 11.31 0.028 WISE_W2
58502.83352986 11.664 0.025 WISE_W1
58502.83352986 11.275 0.027 WISE_W2
58502.89885436 11.317 0.025 WISE_W2
58502.89885436 11.593 0.023 WISE_W1
58502.96430613 11.664 0.02 WISE_W1
58502.96430613 11.244 0.025 WISE_W2
58502.98726850003 19.381399154663086 0.24185700714588165 ZTF_g
58503.02975796 11.675 0.02 WISE_W1
58503.02975796 11.283 0.025 WISE_W2
58503.09520973 11.645 0.02 WISE_W1
58503.09520973 11.356 0.029 WISE_W2
58503.22598602 11.225 0.024 WISE_W2
58503.22598602 11.629 0.021 WISE_W1
58503.22611333 11.633 0.023 WISE_W1
58503.22611333 11.212 0.028 WISE_W2
58503.29143774 11.171 0.029 WISE_W2
58503.29143774 11.604 0.022 WISE_W1
58503.35688951 11.628 0.021 WISE_W1
58503.35688951 11.262 0.029 WISE_W2
58503.48779311 11.281 0.027 WISE_W2
58503.48779311 11.681 0.02 WISE_W1
58503.61856934 11.264 0.025 WISE_W2
58503.61856934 11.63 0.024 WISE_W1
58503.6186967 11.223 0.027 WISE_W2
58503.6186967 11.6 0.023 WISE_W1
58503.74947299 11.695 0.02 WISE_W1
58503.74947299 11.333 0.025 WISE_W2
58509.013171299826 19.064899444580078 0.13373899459838867 ZTF_r
58510.75102767 11.695 0.021 WISE_W1
58510.75102767 11.25 0.027 WISE_W2
58512.01185189979 19.089000701904297 0.12869100272655487 ZTF_g
58512.01185189979 19.089000701904297 0.12869100272655487 ZTF_g
58523.00640049996 19.559999465942383 0.13304999470710754 ZTF_g
58526.965682900045 19.673999786376953 0.18994100391864777 ZTF_g
58539.03936340008 19.5935001373291 0.17291900515556335 ZTF_g
58548.00746530015 19.345699310302734 0.2315019965171814 ZTF_r
58556.96678239992 19.81369972229004 0.1785770058631897 ZTF_g
58557.0199190001 19.459699630737305 0.15144099295139313 ZTF_r
58561.01898150006 20.039899826049805 0.1585340052843094 ZTF_g
58568.8881019 19.806299209594727 0.23463299870491028 ZTF_g
58572.89501160011 19.79319953918457 0.13686500489711761 ZTF_g
58580.92473379988 19.950700759887695 0.17344500124454498 ZTF_g
58583.869907400105 19.93950080871582 0.2044920027256012 ZTF_g
58586.91210650001 19.975099563598633 0.15932099521160126 ZTF_g
58608.79990739981 19.810699462890625 0.14100299775600433 ZTF_g
58638.774756900035 19.811800003051758 0.17998699843883514 ZTF_r
58638.830069399904 20.023799896240234 0.16388900578022003 ZTF_g
58644.72744210018 20.205699920654297 0.21329200267791748 ZTF_g
58663.10227494 11.467 0.025 WISE_W2
58663.10227494 11.863 0.021 WISE_W1
58663.23266875 11.768 0.024 WISE_W1
58663.23266875 11.357 0.042 WISE_W2
58663.3639539 11.467 0.032 WISE_W2
58663.3639539 11.93 0.023 WISE_W1
58663.49422038 11.72 0.045 WISE_W2
58663.49422038 11.73 0.025 WISE_W1
58663.4943477 11.506 0.029 WISE_W2
58663.4943477 11.79 0.023 WISE_W1
58663.55967199 11.44 0.028 WISE_W2
58663.55967199 11.817 0.021 WISE_W1
58663.62563347 11.536 0.031 WISE_W2
58663.62563347 11.858 0.022 WISE_W1
58663.69095766 11.731 0.023 WISE_W1
58663.69095766 11.485 0.032 WISE_W2
58663.75640926 11.828 0.02 WISE_W1
58663.75640926 11.589 0.036 WISE_W2
58663.82186087 11.506 0.033 WISE_W2
58663.82186087 11.799 0.02 WISE_W1
58663.8871851 11.852 0.025 WISE_W1
58663.8871851 11.472 0.026 WISE_W2
58663.88731242 11.869 0.023 WISE_W1
58663.88731242 11.509 0.028 WISE_W2
58663.95263671 11.899 0.023 WISE_W1
58663.95263671 11.486 0.03 WISE_W2
58664.01808831 11.512 0.033 WISE_W2
58664.01808831 11.82 0.02 WISE_W1
58664.08353987 11.838 0.021 WISE_W1
58664.08353987 11.533 0.029 WISE_W2
58664.1483548 11.784 0.021 WISE_W1
58664.1483548 11.458 0.03 WISE_W2
58664.14848216 11.806 0.021 WISE_W1
58664.14848216 11.551 0.031 WISE_W2
58664.2138064 11.801 0.02 WISE_W1
58664.2138064 11.502 0.03 WISE_W2
58664.27976731 11.808 0.02 WISE_W1
58664.27976731 11.497 0.027 WISE_W2
58664.3450915 11.512 0.028 WISE_W2
58664.3450915 11.835 0.024 WISE_W1
58664.41054311 11.516 0.029 WISE_W2
58664.41054311 11.819 0.02 WISE_W1
58664.47599471 11.8 0.022 WISE_W1
58664.47599471 11.513 0.033 WISE_W2
58664.60677051 11.911 0.02 WISE_W1
58664.60677051 11.541 0.028 WISE_W2
58664.73767367 11.865 0.02 WISE_W1
58664.73767367 11.498 0.027 WISE_W2
58664.86844956 11.827 0.02 WISE_W1
58664.86844956 11.408 0.03 WISE_W2
58672.80405090004 19.961999893188477 0.1330679953098297 ZTF_g
58684.69969910011 20.173900604248047 0.16288000345230103 ZTF_g
58691.7181712999 20.007999420166016 0.18485000729560852 ZTF_g
58869.10133367 11.916 0.02 WISE_W1
58869.10133367 11.655 0.03 WISE_W2
58869.23211045 11.646 0.028 WISE_W2
58869.23211045 11.954 0.023 WISE_W1
58869.23223777 11.649 0.029 WISE_W2
58869.23223777 11.941 0.025 WISE_W1
58869.36301389 11.667 0.035 WISE_W2
58869.36301389 11.902 0.02 WISE_W1
58869.42846568 11.677 0.029 WISE_W2
58869.42846568 11.959 0.029 WISE_W1
58869.49379012 11.954 0.021 WISE_W1
58869.49379012 11.585 0.038 WISE_W2
58869.62456624 11.714 0.029 WISE_W2
58869.62456624 12.067 0.029 WISE_W1
58869.69001797 11.677 0.032 WISE_W2
58869.69001797 11.913 0.02 WISE_W1
58869.75546977 11.905 0.022 WISE_W1
58869.75546977 11.631 0.043 WISE_W2
58869.82092152 11.871 0.024 WISE_W1
58869.82092152 11.654 0.029 WISE_W2
58869.88624594 11.651 0.028 WISE_W2
58869.88624594 11.874 0.02 WISE_W1
58869.95169769 11.724 0.034 WISE_W2
58869.95169769 11.882 0.021 WISE_W1
58870.01702212 11.942 0.023 WISE_W1
58870.01702212 11.701 0.031 WISE_W2
58870.0824739 11.957 0.022 WISE_W1
58870.0824739 11.678 0.03 WISE_W2
58870.14792565 11.567 0.04 WISE_W2
58870.14792565 11.967 0.023 WISE_W1
58870.21286799 11.975 0.034 WISE_W2
58870.21286799 12.023 0.023 WISE_W1
58870.21286799 14.024 0.067 WISE_W1
58870.21286799 13.927 0.139 WISE_W2
58870.27870168 11.943 0.021 WISE_W1
58870.27870168 11.716 0.029 WISE_W2
58870.34415341 11.971 0.02 WISE_W1
58870.34415341 11.593 0.037 WISE_W2
58870.47492955 11.584 0.031 WISE_W2
58870.47492955 11.963 0.023 WISE_W1
58870.60570572 11.694 0.033 WISE_W2
58870.60570572 11.771 0.027 WISE_W1
58870.73660925 11.897 0.023 WISE_W1
58870.73660925 11.735 0.035 WISE_W2
59027.2896895 11.998 0.037 WISE_W2
59027.2896895 12.105 0.022 WISE_W1
59027.42046538 12.162 0.03 WISE_W1
59027.42046538 12.044 0.038 WISE_W2
59027.55073191 11.774 0.046 WISE_W2
59027.55073191 12.028 0.025 WISE_W1
59027.55085922 11.966 0.048 WISE_W2
59027.55085922 11.853 0.033 WISE_W1
59027.61669288 11.843 0.034 WISE_W2
59027.61669288 11.996 0.022 WISE_W1
59027.68201714 11.91 0.05 WISE_W2
59027.68201714 12.018 0.023 WISE_W1
59027.74746876 11.931 0.041 WISE_W2
59027.74746876 11.985 0.023 WISE_W1
59027.81279302 12.104 0.037 WISE_W1
59027.81279302 11.851 0.033 WISE_W2
59027.87824469 11.967 0.024 WISE_W1
59027.87824469 11.922 0.044 WISE_W2
59027.94356895 11.908 0.04 WISE_W2
59027.94356895 11.977 0.031 WISE_W1
59027.94369632 11.846 0.032 WISE_W2
59027.94369632 12.089 0.025 WISE_W1
59028.00902058 11.849 0.045 WISE_W2
59028.00902058 12.108 0.027 WISE_W1
59028.0744722 11.855 0.035 WISE_W2
59028.0744722 12.06 0.024 WISE_W1
59028.13928771 12.032 0.024 WISE_W1
59028.13928771 11.904 0.033 WISE_W2
59028.2052486 11.917 0.036 WISE_W2
59028.2052486 12.068 0.022 WISE_W1
59028.2052486 14.307 0.083 WISE_W1
59028.2052486 14.62 0.441 WISE_W2
59028.2705729 12.047 0.025 WISE_W1
59028.2705729 11.97 0.045 WISE_W2
59028.33602453 11.907 0.032 WISE_W2
59028.33602453 12.002 0.021 WISE_W1
59028.40134883 11.969 0.02 WISE_W1
59028.40134883 11.815 0.039 WISE_W2
59028.46680041 12.021 0.021 WISE_W1
59028.46680041 11.779 0.037 WISE_W2
59028.59757628 11.863 0.031 WISE_W2
59028.59757628 11.997 0.021 WISE_W1
59028.6629005 12.014 0.021 WISE_W1
59028.6629005 11.865 0.041 WISE_W2
59028.79367642 11.835 0.036 WISE_W2
59028.79367642 12.011 0.024 WISE_W1
59028.79380374 11.942 0.038 WISE_W2
59028.79380374 12.086 0.024 WISE_W1
59028.92457962 12.002 0.025 WISE_W1
59028.92457962 11.882 0.034 WISE_W2
59030.29728045 11.929 0.042 WISE_W2
59030.29728045 11.867 0.024 WISE_W1
59030.42805628 12.079 0.025 WISE_W1
59030.42805628 12.04 0.043 WISE_W2
59030.55883212 12.133 0.027 WISE_W1
59030.55883212 11.853 0.038 WISE_W2
59030.62428431 11.959 0.025 WISE_W1
59030.62428431 11.921 0.035 WISE_W2
59030.68960852 11.974 0.024 WISE_W1
59030.68960852 11.905 0.039 WISE_W2
59030.75506014 11.931 0.023 WISE_W1
59030.75506014 11.892 0.04 WISE_W2
59030.82038444 11.9 0.049 WISE_W2
59030.82038444 12.004 0.022 WISE_W1
59030.88583606 11.987 0.022 WISE_W1
59030.88583606 11.901 0.042 WISE_W2
59030.95116028 11.882 0.034 WISE_W2
59030.95116028 12.028 0.025 WISE_W1
59031.0166119 11.841 0.039 WISE_W2
59031.0166119 12.042 0.026 WISE_W1
59031.0819362 11.936 0.033 WISE_W2
59031.0819362 12.0 0.022 WISE_W1
59031.14738778 12.028 0.021 WISE_W1
59031.14738778 12.024 0.048 WISE_W2
59031.21271204 11.977 0.024 WISE_W1
59031.21271204 11.856 0.031 WISE_W2
59031.21283935 11.932 0.035 WISE_W2
59031.21283935 12.176 0.028 WISE_W1
59031.27816361 12.064 0.021 WISE_W1
59031.27816361 11.816 0.048 WISE_W2
59031.34348782 11.897 0.037 WISE_W2
59031.34348782 12.061 0.026 WISE_W1
59031.34361514 11.891 0.034 WISE_W2
59031.34361514 12.208 0.029 WISE_W1
59031.40893944 11.861 0.039 WISE_W2
59031.40893944 12.018 0.021 WISE_W1
59031.47439106 11.875 0.036 WISE_W2
59031.47439106 11.947 0.023 WISE_W1
59031.53971528 12.027 0.021 WISE_W1
59031.53971528 11.767 0.052 WISE_W2
59031.6051669 12.081 0.024 WISE_W1
59031.6051669 11.929 0.038 WISE_W2
59031.67049116 11.902 0.039 WISE_W2
59031.67049116 11.992 0.02 WISE_W1
59031.80126699 12.031 0.021 WISE_W1
59031.80126699 11.875 0.036 WISE_W2
59031.93204292 11.86 0.035 WISE_W2
59031.93204292 11.927 0.023 WISE_W1
59233.34728231 11.959 0.034 WISE_W2
59233.34728231 12.041 0.021 WISE_W1
59233.47805843 12.048 0.022 WISE_W1
59233.47805843 11.944 0.033 WISE_W2
59233.60883458 11.941 0.037 WISE_W2
59233.60883458 12.03 0.022 WISE_W1
59233.674159 11.928 0.036 WISE_W2
59233.674159 12.024 0.02 WISE_W1
59233.73948337 11.928 0.039 WISE_W2
59233.73948337 12.081 0.023 WISE_W1
59233.73961068 12.012 0.036 WISE_W2
59233.73961068 12.265 0.028 WISE_W1
59233.8049351 11.893 0.032 WISE_W2
59233.8049351 12.039 0.02 WISE_W1
59233.87025953 11.959 0.037 WISE_W2
59233.87025953 12.076 0.025 WISE_W1
59233.93571131 11.949 0.035 WISE_W2
59233.93571131 12.03 0.021 WISE_W1
59234.00103568 11.991 0.028 WISE_W1
59234.00103568 12.032 0.042 WISE_W2
59234.06648747 11.985 0.037 WISE_W2
59234.06648747 12.005 0.02 WISE_W1
59234.13130252 12.068 0.03 WISE_W1
59234.13130252 11.909 0.036 WISE_W2
59234.26258794 12.099 0.025 WISE_W1
59234.26258794 11.862 0.04 WISE_W2
59234.32803972 11.999 0.035 WISE_W2
59234.32803972 12.062 0.023 WISE_W1
59234.39336414 12.018 0.023 WISE_W1
59234.39336414 11.981 0.039 WISE_W2
59234.45868856 12.14 0.027 WISE_W1
59234.45868856 11.944 0.033 WISE_W2
59234.45881588 11.98 0.037 WISE_W2
59234.45881588 11.982 0.025 WISE_W1
59234.58946466 11.913 0.026 WISE_W1
59234.58946466 11.94 0.037 WISE_W2
59234.72024082 11.955 0.037 WISE_W2
59234.72024082 11.987 0.023 WISE_W1
59234.85101692 12.062 0.027 WISE_W1
59234.85101692 11.903 0.034 WISE_W2
59234.98179313 11.971 0.031 WISE_W2
59234.98179313 12.07 0.023 WISE_W1
59395.05509613 11.849 0.064 WISE_W2
59395.05509613 12.007 0.024 WISE_W1
59395.05509613 13.763 0.088 WISE_W1
59395.05509613 13.782 0.198 WISE_W2
59395.12042037 11.973 0.04 WISE_W2
59395.12042037 12.108 0.022 WISE_W1
59395.18574461 11.999 0.038 WISE_W2
59395.18574461 12.074 0.024 WISE_W1
59395.25106885 11.919 0.041 WISE_W2
59395.25106885 11.974 0.025 WISE_W1
59395.31652045 11.963 0.038 WISE_W2
59395.31652045 12.078 0.022 WISE_W1
59395.38184464 12.058 0.02 WISE_W1
59395.38184464 11.952 0.035 WISE_W2
59395.44716894 12.022 0.022 WISE_W1
59395.44716894 11.968 0.035 WISE_W2
59395.51249322 11.938 0.034 WISE_W2
59395.51249322 12.029 0.024 WISE_W1
59395.51262053 12.118 0.024 WISE_W1
59395.51262053 12.043 0.039 WISE_W2
59395.57794472 11.991 0.034 WISE_W2
59395.57794472 12.077 0.023 WISE_W1
59395.64326896 12.021 0.021 WISE_W1
59395.64326896 11.951 0.039 WISE_W2
59395.70859377 11.954 0.034 WISE_W2
59395.70859377 12.072 0.021 WISE_W1
59395.83936962 12.124 0.022 WISE_W1
59395.83936962 12.089 0.038 WISE_W2
59395.97001814 11.945 0.038 WISE_W2
59395.97001814 12.046 0.021 WISE_W1
59396.10079398 11.973 0.034 WISE_W2
59396.10079398 12.076 0.023 WISE_W1
59597.6432747 12.05 0.033 WISE_W2
59597.6432747 12.091 0.022 WISE_W1
59597.77392355 12.003 0.033 WISE_W2
59597.77392355 12.012 0.023 WISE_W1
59597.90457241 11.995 0.041 WISE_W2
59597.90457241 12.03 0.022 WISE_W1
59597.9698969 12.107 0.025 WISE_W1
59597.9698969 12.031 0.038 WISE_W2
59597.97002421 11.989 0.037 WISE_W2
59597.97002421 12.008 0.029 WISE_W1
59598.03522135 11.977 0.034 WISE_W2
59598.03522135 12.071 0.023 WISE_W1
59598.03534867 12.088 0.024 WISE_W1
59598.03534867 12.157 0.048 WISE_W2
59598.1005458 12.087 0.039 WISE_W2
59598.1005458 12.101 0.024 WISE_W1
59598.10067311 12.019 0.026 WISE_W1
59598.10067311 11.984 0.033 WISE_W2
59598.23132197 12.004 0.033 WISE_W2
59598.23132197 12.059 0.023 WISE_W1
59598.29664641 12.111 0.023 WISE_W1
59598.29664641 11.895 0.043 WISE_W2
59598.36197086 12.086 0.022 WISE_W1
59598.36197086 12.055 0.036 WISE_W2
59598.42729522 12.028 0.023 WISE_W1
59598.42729522 12.056 0.036 WISE_W2
59598.49261966 12.058 0.021 WISE_W1
59598.49261966 12.021 0.042 WISE_W2
59598.55794411 11.769 0.036 WISE_W2
59598.55794411 12.063 0.022 WISE_W1
59598.62326856 11.966 0.036 WISE_W2
59598.62326856 12.055 0.025 WISE_W1
59598.68859292 12.028 0.041 WISE_W2
59598.68859292 12.057 0.022 WISE_W1
59598.75391736 12.065 0.047 WISE_W2
59598.75391736 12.106 0.022 WISE_W1
59598.81924182 12.036 0.022 WISE_W1
59598.81924182 12.046 0.054 WISE_W2
59598.88456626 11.875 0.055 WISE_W2
59598.88456626 12.11 0.026 WISE_W1
59599.01521516 12.035 0.023 WISE_W1
59599.01521516 12.196 0.044 WISE_W2
59599.14586406 12.134 0.023 WISE_W1
59599.14586406 12.105 0.04 WISE_W2
59599.27651286 12.059 0.036 WISE_W2
59599.27651286 12.047 0.022 WISE_W1
59604.56842358 12.079 0.041 WISE_W2
59604.56842358 12.111 0.024 WISE_W1
59758.55928521 12.154 0.052 WISE_W2
59758.55928521 12.06 0.023 WISE_W1
59758.69018843 12.059 0.024 WISE_W1
59758.69018843 12.146 0.044 WISE_W2
59758.82070964 12.048 0.04 WISE_W2
59758.82070964 12.147 0.028 WISE_W1
59758.8859066 12.046 0.038 WISE_W2
59758.8859066 12.092 0.022 WISE_W1
59758.95110354 12.142 0.027 WISE_W1
59758.95110354 12.059 0.044 WISE_W2
59758.95123091 12.057 0.025 WISE_W1
59758.95123091 12.039 0.038 WISE_W2
59759.01642786 12.083 0.023 WISE_W1
59759.01642786 12.151 0.056 WISE_W2
59759.08162477 12.097 0.022 WISE_W1
59759.08162477 12.19 0.054 WISE_W2
59759.14643972 12.06 0.027 WISE_W1
59759.14643972 12.106 0.043 WISE_W2
59759.21214603 12.112 0.048 WISE_W2
59759.21214603 12.137 0.023 WISE_W1
59759.27734299 12.071 0.046 WISE_W2
59759.27734299 12.035 0.024 WISE_W1
59759.34253993 12.145 0.024 WISE_W1
59759.34253993 12.164 0.046 WISE_W2
59759.40786425 12.101 0.037 WISE_W2
59759.40786425 12.034 0.026 WISE_W1
59759.47255179 12.137 0.041 WISE_W2
59759.47255179 12.059 0.025 WISE_W1
59759.53774875 12.095 0.034 WISE_W2
59759.53774875 12.058 0.027 WISE_W1
59759.53787611 12.088 0.024 WISE_W1
59759.53787611 11.994 0.042 WISE_W2
59759.60358237 12.071 0.041 WISE_W2
59759.60358237 12.14 0.022 WISE_W1
59759.66877927 12.091 0.022 WISE_W1
59759.66877927 12.054 0.055 WISE_W2
59759.73397623 12.063 0.039 WISE_W2
59759.73397623 12.04 0.021 WISE_W1
59759.79930054 12.052 0.022 WISE_W1
59759.79930054 12.101 0.039 WISE_W2
59759.86449744 12.04 0.021 WISE_W1
59759.86449744 12.007 0.041 WISE_W2
59759.9296944 12.024 0.043 WISE_W2
59759.9296944 12.058 0.021 WISE_W1
59760.06021561 12.066 0.035 WISE_W2
59760.06021561 12.057 0.021 WISE_W1
59760.19022748 12.115 0.023 WISE_W1
59760.19022748 12.043 0.038 WISE_W2
59768.67092616 12.069 0.036 WISE_W2
59768.67092616 12.059 0.02 WISE_W1
59964.62348413 12.03 0.022 WISE_W1
59964.62348413 12.064 0.04 WISE_W2
59964.75375101 12.075 0.023 WISE_W1
59964.75375101 12.086 0.038 WISE_W2
59964.88389061 12.024 0.034 WISE_W2
59964.88389061 12.031 0.02 WISE_W1
59964.9490877 12.095 0.024 WISE_W1
59964.9490877 12.049 0.038 WISE_W2
59965.01415748 12.081 0.021 WISE_W1
59965.01415748 12.069 0.034 WISE_W2
59965.07922787 11.997 0.036 WISE_W2
59965.07922787 12.087 0.021 WISE_W1
59965.1442976 12.064 0.024 WISE_W1
59965.1442976 12.098 0.037 WISE_W2
59965.27456456 12.1 0.024 WISE_W1
59965.27456456 11.979 0.041 WISE_W2
59965.33963434 12.025 0.022 WISE_W1
59965.33963434 12.049 0.036 WISE_W2
59965.40483144 12.093 0.038 WISE_W2
59965.40483144 11.955 0.024 WISE_W1
59965.46990126 12.075 0.021 WISE_W1
59965.46990126 12.105 0.043 WISE_W2
59965.60016808 12.048 0.023 WISE_W1
59965.60016808 12.116 0.041 WISE_W2
59965.66523781 12.102 0.025 WISE_W1
59965.66523781 12.085 0.048 WISE_W2
59965.73030759 12.003 0.022 WISE_W1
59965.73030759 12.072 0.041 WISE_W2
59965.79537736 12.007 0.042 WISE_W2
59965.79537736 12.043 0.026 WISE_W1
59965.86057446 12.079 0.026 WISE_W1
59965.86057446 12.052 0.042 WISE_W2
59965.99071406 12.036 0.035 WISE_W2
59965.99071406 12.023 0.026 WISE_W1
59966.12098097 12.048 0.041 WISE_W2
59966.12098097 12.038 0.022 WISE_W1
59966.25112058 11.953 0.024 WISE_W1
59966.25112058 11.975 0.039 WISE_W2
60122.72248806 12.02 0.024 WISE_W1
60122.72248806 12.063 0.038 WISE_W2
60122.85211803 12.205 0.048 WISE_W2
60122.85211803 12.007 0.029 WISE_W1
60122.85224535 12.112 0.036 WISE_W2
60122.85224535 12.004 0.025 WISE_W1
60122.98187529 11.828 0.049 WISE_W2
60122.98187529 12.052 0.024 WISE_W1
60125.70575993 12.027 0.024 WISE_W1
60125.70575993 12.06 0.039 WISE_W2
60125.83551714 12.038 0.024 WISE_W1
60125.83551714 12.024 0.044 WISE_W2
60125.96527449 12.038 0.043 WISE_W2
60125.96527449 12.125 0.023 WISE_W1
60126.09502598 12.151 0.045 WISE_W2
60126.09502598 12.024 0.023 WISE_W1
60126.1598409 12.143 0.023 WISE_W1
60126.1598409 12.118 0.04 WISE_W2
60126.22465583 12.076 0.026 WISE_W1
60126.22465583 12.074 0.037 WISE_W2
60126.28959811 12.171 0.024 WISE_W1
60126.28959811 12.125 0.04 WISE_W2
60126.35441303 12.046 0.022 WISE_W1
60126.35441303 11.996 0.042 WISE_W2
60126.41935537 12.01 0.028 WISE_W1
60126.41935537 12.1 0.045 WISE_W2
60126.48417029 12.182 0.055 WISE_W2
60126.48417029 12.019 0.023 WISE_W1
60126.54898521 12.114 0.049 WISE_W2
60126.54898521 12.06 0.029 WISE_W1
60126.61392744 12.061 0.022 WISE_W1
60126.61392744 12.168 0.04 WISE_W2
60126.67874236 12.154 0.042 WISE_W2
60126.67874236 12.093 0.025 WISE_W1
60126.74355728 11.97 0.038 WISE_W2
60126.74355728 12.068 0.022 WISE_W1
60126.74368465 12.093 0.038 WISE_W2
60126.74368465 12.149 0.027 WISE_W1
60126.80849957 12.05 0.043 WISE_W2
60126.80849957 12.096 0.024 WISE_W1
60126.87331454 12.043 0.02 WISE_W1
60126.87331454 12.085 0.041 WISE_W2
60126.93825734 12.091 0.041 WISE_W2
60126.93825734 12.186 0.025 WISE_W1
60127.00307231 12.064 0.021 WISE_W1
60127.00307231 12.11 0.04 WISE_W2
60127.06788728 12.113 0.039 WISE_W2
60127.06788728 12.03 0.022 WISE_W1
60127.19764448 12.042 0.021 WISE_W1
60127.19764448 12.135 0.037 WISE_W2
60127.32740164 11.961 0.046 WISE_W2
60127.32740164 12.094 0.021 WISE_W1
60127.45715884 12.097 0.026 WISE_W1
60127.45715884 12.09 0.042 WISE_W2
60328.68891182 12.087 0.034 WISE_W2
60328.68891182 12.037 0.022 WISE_W1
60328.8179053 12.078 0.037 WISE_W2
60328.8179053 12.071 0.021 WISE_W1
60328.94689878 12.066 0.02 WISE_W1
60328.94689878 12.033 0.038 WISE_W2
60329.07589227 12.029 0.02 WISE_W1
60329.07589227 12.077 0.039 WISE_W2
60329.1404527 12.114 0.033 WISE_W1
60329.1404527 12.118 0.04 WISE_W2
60329.20488575 12.042 0.04 WISE_W2
60329.20488575 12.036 0.021 WISE_W1
60329.26931943 11.924 0.025 WISE_W1
60329.26931943 12.018 0.035 WISE_W2
60329.26944623 12.073 0.036 WISE_W2
60329.26944623 12.167 0.032 WISE_W1
60329.33387986 12.038 0.047 WISE_W2
60329.33387986 12.087 0.021 WISE_W1
60329.39831296 11.984 0.024 WISE_W1
60329.39831296 12.015 0.034 WISE_W2
60329.39844028 12.006 0.034 WISE_W2
60329.39844028 12.066 0.026 WISE_W1
60329.46287339 12.109 0.022 WISE_W1
60329.46287339 12.09 0.053 WISE_W2
60329.59186683 11.963 0.038 WISE_W1
60329.59186683 12.122 0.042 WISE_W2
60329.65629984 12.11 0.024 WISE_W1
60329.65629984 12.086 0.035 WISE_W2
60329.72086027 12.14 0.04 WISE_W2
60329.72086027 12.123 0.025 WISE_W1
60329.78529338 12.082 0.04 WISE_W2
60329.78529338 12.206 0.027 WISE_W1
60329.84985375 12.109 0.022 WISE_W1
60329.84985375 11.941 0.046 WISE_W2
60329.91428686 12.14 0.04 WISE_W2
60329.91428686 12.01 0.03 WISE_W1
60329.97884725 12.182 0.038 WISE_W2
60329.97884725 12.049 0.024 WISE_W1
60330.04328035 12.059 0.038 WISE_W2
60330.04328035 12.081 0.025 WISE_W1
60330.17227383 12.042 0.023 WISE_W1
60330.17227383 12.066 0.039 WISE_W2
60330.30126727 12.105 0.041 WISE_W2
60330.30126727 12.072 0.023 WISE_W1
60330.43026081 12.074 0.022 WISE_W1
60330.43026081 12.113 0.036 WISE_W2
60489.83311828 12.193 0.05 WISE_W2
60489.83311828 12.1 0.023 WISE_W1
60489.96096545 12.152 0.062 WISE_W2
60489.96096545 12.075 0.023 WISE_W1
60490.08868523 12.052 0.044 WISE_W2
60490.08868523 12.022 0.027 WISE_W1
60490.08881259 12.111 0.043 WISE_W2
60490.08881259 12.021 0.025 WISE_W1
60490.15209951 12.098 0.06 WISE_W2
60490.15209951 12.058 0.022 WISE_W1
60490.21602301 12.187 0.069 WISE_W2
60490.21602301 12.025 0.024 WISE_W1
60490.28045591 12.014 0.059 WISE_W2
60490.28045591 12.031 0.031 WISE_W1
60490.34425214 12.065 0.043 WISE_W2
60490.34425214 12.116 0.026 WISE_W1
60490.40817625 12.22 0.079 WISE_W2
60490.40817625 13.623 0.071 WISE_W1
60490.40817625 12.075 0.025 WISE_W1
60490.40817625 13.754 0.305 WISE_W2
60490.4720999 12.13 0.049 WISE_W2
60490.4720999 12.123 0.028 WISE_W1
60490.53551407 12.337 0.06 WISE_W2
60490.53551407 12.113 0.024 WISE_W1
60490.59981966 12.115 0.022 WISE_W1
60490.59981966 12.113 0.048 WISE_W2
60490.66374321 14.143 0.085 WISE_W1
60490.66374321 12.264 0.08 WISE_W2
60490.66374321 14.236 0.248 WISE_W2
60490.66374321 11.979 0.026 WISE_W1
60490.72766676 12.094 0.042 WISE_W2
60490.72766676 12.074 0.022 WISE_W1
60490.79146303 11.94 0.043 WISE_W2
60490.79146303 12.085 0.026 WISE_W1
60490.85538657 12.07 0.021 WISE_W1
60490.85538657 12.301 0.084 WISE_W2
60490.91931021 12.035 0.071 WISE_W2
60490.91931021 12.12 0.021 WISE_W1
60490.98323376 12.151 0.054 WISE_W2
60490.98323376 12.123 0.024 WISE_W1
60491.04702999 12.156 0.044 WISE_W2
60491.04702999 12.043 0.025 WISE_W1
60491.11095362 12.065 0.022 WISE_W1
60491.11095362 12.093 0.045 WISE_W2
60491.17436781 12.08 0.022 WISE_W1
60491.17436781 12.184 0.043 WISE_W2
60491.30259699 12.075 0.021 WISE_W1
60491.30259699 12.226 0.094 WISE_W2
60491.43044418 12.124 0.05 WISE_W2
60491.43044418 12.156 0.025 WISE_W1
60491.55765464 12.05 0.021 WISE_W1
60491.55765464 12.16 0.046 WISE_W2
