MJD mag magerr band
56721.01288829 15.78 0.181 WISE_W1
56721.01288829 15.142 0.403 WISE_W2
56721.27635078 15.651 0.161 WISE_W1
56721.40801815 15.411 0.196 WISE_W1
56721.40801815 15.425 0.468 WISE_W2
56721.53981274 15.258 0.442 WISE_W2
56721.53981274 16.348 0.347 WISE_W1
56721.60564641 15.543 0.147 WISE_W1
56721.60564641 14.599 0.232 WISE_W2
56721.67148007 15.997 0.206 WISE_W1
56721.73731374 15.293 0.466 WISE_W2
56721.73731374 15.872 0.285 WISE_W1
56721.8031474 15.291 0.406 WISE_W2
56721.8031474 15.81 0.189 WISE_W1
56721.86910838 14.949 0.386 WISE_W2
56721.86910838 15.847 0.184 WISE_W1
56722.00077571 16.013 0.221 WISE_W1
56722.00077571 15.332 0.475 WISE_W2
56722.13244303 15.585 0.216 WISE_W1
56900.05013861 16.327 0.454 WISE_W1
56900.05013861 14.964 0.35 WISE_W2
56900.05013861 15.603 0.403 WISE_W1
56900.18180619 14.833 0.313 WISE_W2
56900.18180619 16.191 0.253 WISE_W1
56900.31334637 15.339 0.201 WISE_W1
56900.44488659 15.834 0.178 WISE_W1
56900.51059302 15.99 0.298 WISE_W1
56900.57642671 15.349 0.172 WISE_W1
56900.57642671 15.005 0.46 WISE_W2
56900.6421331 16.064 0.248 WISE_W1
56900.6421331 14.896 0.301 WISE_W2
56900.64226046 16.058 0.221 WISE_W1
56900.64226046 15.018 0.504 WISE_W2
56900.7079669 15.302 0.487 WISE_W2
56900.7079669 15.852 0.208 WISE_W1
56900.77380068 16.454 0.382 WISE_W1
56900.83950712 15.781 0.176 WISE_W1
56900.90534091 15.71 0.161 WISE_W1
56901.03688118 15.746 0.193 WISE_W1
56901.03688118 15.347 0.455 WISE_W2
56901.16842131 15.862 0.205 WISE_W1
56901.16842131 15.132 0.38 WISE_W2
56901.29996153 15.103 0.389 WISE_W2
56901.29996153 15.797 0.177 WISE_W1
56903.07594538 15.726 0.17 WISE_W1
56903.07594538 14.514 0.302 WISE_W2
56903.2074856 15.895 0.194 WISE_W1
56903.33902573 15.99 0.294 WISE_W1
56903.33902573 15.016 0.515 WISE_W2
56903.5363997 15.572 0.159 WISE_W1
56903.60210613 14.347 0.207 WISE_W2
56903.60210613 15.682 0.163 WISE_W1
56903.60223345 15.82 0.191 WISE_W1
56903.66793987 15.625 0.2 WISE_W1
56903.73377362 16.019 0.227 WISE_W1
56903.79948009 15.864 0.196 WISE_W1
56903.86531389 14.724 0.285 WISE_W2
56903.86531389 15.649 0.215 WISE_W1
56903.93102032 15.854 0.191 WISE_W1
56904.06256059 15.331 0.136 WISE_W1
56904.19410076 15.192 0.386 WISE_W2
56904.19410076 15.769 0.223 WISE_W1
56904.19422812 15.998 0.3 WISE_W1
57082.99502675 15.163 0.391 WISE_W2
57082.99502675 16.027 0.224 WISE_W1
57083.25772512 15.57 0.189 WISE_W1
57083.32343153 15.278 0.399 WISE_W2
57083.32343153 15.941 0.2 WISE_W1
57083.38901062 15.693 0.245 WISE_W1
57083.38913799 15.161 0.356 WISE_W2
57083.38913799 16.025 0.203 WISE_W1
57083.45471703 14.782 0.287 WISE_W2
57083.45471703 15.659 0.156 WISE_W1
57083.52042344 15.874 0.235 WISE_W1
57083.52042344 15.238 0.466 WISE_W2
57083.58612985 14.706 0.254 WISE_W2
57083.58612985 15.951 0.227 WISE_W1
57083.65170895 15.973 0.217 WISE_W1
57083.65183631 15.641 0.157 WISE_W1
57083.7174154 15.807 0.222 WISE_W1
57083.7174154 15.12 0.36 WISE_W2
57083.78312186 15.568 0.153 WISE_W1
57083.84882832 15.308 0.484 WISE_W2
57083.84882832 15.672 0.145 WISE_W1
57083.84882832 14.972 0.395 WISE_W2
57083.98011377 15.872 0.265 WISE_W1
57083.98011377 15.428 0.483 WISE_W2
57084.11152669 15.652 0.154 WISE_W1
57261.93918402 15.389 0.467 WISE_W2
57261.93918402 15.825 0.262 WISE_W1
57262.07034238 15.836 0.181 WISE_W1
57262.20150075 15.903 0.285 WISE_W1
57262.20150075 16.621 0.459 WISE_W1
57262.33265906 15.647 0.179 WISE_W1
57262.33278638 16.734 0.418 WISE_W1
57262.39836557 16.029 0.245 WISE_W1
57262.52952392 15.627 0.177 WISE_W1
57262.59510307 15.177 0.408 WISE_W2
57262.59510307 15.598 0.149 WISE_W1
57262.66068225 15.578 0.542 WISE_W2
57262.66068225 15.537 0.137 WISE_W1
57262.72626142 15.732 0.194 WISE_W1
57262.79184057 15.921 0.193 WISE_W1
57262.79184057 15.325 0.427 WISE_W2
57262.79196793 15.641 0.225 WISE_W1
57262.79196793 15.523 0.508 WISE_W2
57262.9231263 15.739 0.163 WISE_W1
57262.9231263 14.955 0.412 WISE_W2
57263.0542847 16.084 0.234 WISE_W1
57447.20647041 16.102 0.279 WISE_W1
57447.20647041 15.424 0.472 WISE_W2
57447.20647041 16.354 0.47 WISE_W1
57447.3375015 15.897 0.21 WISE_W1
57447.3375015 15.001 0.323 WISE_W2
57447.4685325 16.056 0.216 WISE_W1
57447.46865992 15.824 0.181 WISE_W1
57447.46865992 15.296 0.471 WISE_W2
57447.59969087 14.574 0.276 WISE_W2
57447.59969087 15.507 0.15 WISE_W1
57447.66527007 14.502 0.254 WISE_W2
57447.66527007 16.282 0.282 WISE_W1
57447.73072191 15.296 0.527 WISE_W2
57447.73072191 16.181 0.299 WISE_W1
57447.73084928 16.131 0.248 WISE_W1
57447.73084928 14.159 0.22 WISE_W2
57447.79630112 15.506 0.17 WISE_W1
57447.86188032 16.062 0.253 WISE_W1
57447.92745954 15.327 0.203 WISE_W1
57447.92745954 15.144 0.434 WISE_W2
57447.99291142 15.479 0.286 WISE_W1
57447.99291142 14.726 0.307 WISE_W2
57448.05849063 15.987 0.228 WISE_W1
57448.05849063 15.259 0.501 WISE_W2
57448.18964895 16.497 0.391 WISE_W1
57448.18964895 14.967 0.411 WISE_W2
57448.32068 16.166 0.269 WISE_W1
57448.32068 15.1 0.397 WISE_W2
57448.45171104 15.217 0.146 WISE_W1
57448.45183841 15.866 0.203 WISE_W1
57448.45183841 14.996 0.415 WISE_W2
57450.09042689 16.347 0.323 WISE_W1
57450.2214585 15.636 0.162 WISE_W1
57450.2214585 14.694 0.331 WISE_W2
57450.35261682 15.873 0.191 WISE_W1
57450.35261682 14.526 0.282 WISE_W2
57450.48364787 16.013 0.229 WISE_W1
57450.54923152 15.089 0.396 WISE_W2
57450.54923152 15.502 0.148 WISE_W1
57450.68026263 15.803 0.186 WISE_W1
57450.74584182 14.931 0.346 WISE_W2
57450.74584182 15.662 0.231 WISE_W1
57450.81142105 15.313 0.479 WISE_W2
57450.81142105 15.614 0.147 WISE_W1
57450.87687297 14.99 0.314 WISE_W2
57450.87687297 15.85 0.204 WISE_W1
57450.94245215 15.529 0.494 WISE_W2
57450.94245215 15.77 0.177 WISE_W1
57451.07361063 14.655 0.332 WISE_W2
57451.07361063 16.026 0.22 WISE_W1
57451.20464174 14.723 0.271 WISE_W2
57451.20464174 15.701 0.165 WISE_W1
57451.33567285 16.703 0.433 WISE_W1
57451.33580016 15.552 0.501 WISE_W2
57451.33580016 16.256 0.265 WISE_W1
57620.75864299 15.588 0.495 WISE_W2
57620.75864299 16.017 0.229 WISE_W1
57620.88954637 16.333 0.36 WISE_W1
57620.88967368 15.581 0.174 WISE_W1
57621.02057701 15.7 0.197 WISE_W1
57621.02057701 14.9 0.289 WISE_W2
57621.02070433 16.185 0.252 WISE_W1
57621.15160771 15.59 0.147 WISE_W1
57621.21718671 16.156 0.263 WISE_W1
57621.28263831 15.872 0.463 WISE_W1
57621.28263831 15.229 0.46 WISE_W2
57621.34821732 15.93 0.219 WISE_W1
57621.413669 15.639 0.158 WISE_W1
57621.54469959 15.85 0.18 WISE_W1
57621.54469959 14.766 0.287 WISE_W2
57621.6102786 15.439 0.452 WISE_W2
57621.6102786 15.8 0.173 WISE_W1
57621.74130925 16.093 0.294 WISE_W1
57621.74130925 15.28 0.405 WISE_W2
57621.8723399 15.894 0.187 WISE_W1
57622.00324328 15.598 0.156 WISE_W1
57622.00324328 14.731 0.301 WISE_W2
57622.00337064 15.321 0.328 WISE_W1
57622.00337064 15.416 0.489 WISE_W2
57814.33358043 15.782 0.238 WISE_W1
57814.33358043 14.734 0.278 WISE_W2
57814.46448435 14.622 0.249 WISE_W2
57814.46448435 15.889 0.203 WISE_W1
57814.59551564 15.809 0.17 WISE_W1
57814.66096757 15.505 0.135 WISE_W1
57814.66096757 15.149 0.385 WISE_W2
57814.72641947 15.932 0.234 WISE_W1
57814.79199877 16.061 0.249 WISE_W1
57814.85745075 15.586 0.159 WISE_W1
57814.92290274 15.455 0.159 WISE_W1
57814.98835468 15.449 0.146 WISE_W1
57814.98835468 14.728 0.264 WISE_W2
57814.98848204 15.908 0.224 WISE_W1
57814.98848204 14.859 0.288 WISE_W2
57815.05393403 15.986 0.261 WISE_W1
57815.18483847 15.862 0.235 WISE_W1
57815.31586966 15.953 0.217 WISE_W1
57815.44677359 15.358 0.514 WISE_W2
57815.44677359 15.636 0.171 WISE_W1
57815.44690096 15.917 0.198 WISE_W1
57815.44690096 14.826 0.33 WISE_W2
57981.20915742 15.759 0.239 WISE_W1
57981.20915742 15.23 0.361 WISE_W2
57981.34006057 15.302 0.391 WISE_W2
57981.34006057 15.407 0.127 WISE_W1
57981.60186697 15.535 0.168 WISE_W1
57981.60199428 16.021 0.215 WISE_W1
57981.60199428 15.507 0.481 WISE_W2
57981.66744586 15.174 0.343 WISE_W2
57981.66744586 15.66 0.159 WISE_W1
57981.73289749 16.169 0.235 WISE_W1
57981.73289749 15.024 0.427 WISE_W2
57981.79834911 16.418 0.275 WISE_W1
57981.79834911 14.101 0.232 WISE_W2
57981.86380073 15.572 0.146 WISE_W1
57981.9292523 15.665 0.18 WISE_W1
57982.06015556 15.373 0.148 WISE_W1
57982.06028292 15.73 0.183 WISE_W1
57982.06028292 15.435 0.452 WISE_W2
57982.19118608 15.464 0.13 WISE_W1
57982.32208932 14.715 0.281 WISE_W2
57982.32208932 16.36 0.348 WISE_W1
58178.46220012 15.921 0.203 WISE_W1
58178.46220012 15.044 0.353 WISE_W2
58178.59310124 13.788 0.22 WISE_W2
58178.59310124 16.334 0.302 WISE_W1
58178.72400551 15.835 0.219 WISE_W1
58178.78945762 16.051 0.234 WISE_W1
58178.78945762 15.151 0.384 WISE_W2
58178.85490978 16.09 0.26 WISE_W1
58178.92036193 16.081 0.235 WISE_W1
58178.9858141 15.68 0.16 WISE_W1
58179.05126625 15.697 0.16 WISE_W1
58179.05126625 15.433 0.452 WISE_W2
58179.11671841 15.686 0.16 WISE_W1
58179.18217057 15.722 0.176 WISE_W1
58179.24762269 16.646 0.389 WISE_W1
58179.31307484 15.055 0.397 WISE_W2
58179.31307484 15.728 0.159 WISE_W1
58179.44397911 16.141 0.243 WISE_W1
58179.57475602 15.662 0.169 WISE_W1
58179.57488333 16.214 0.292 WISE_W1
58186.31657833 16.357 0.301 WISE_W1
58186.38203047 15.797 0.219 WISE_W1
58341.71677486 15.23 0.505 WISE_W2
58341.71677486 16.116 0.268 WISE_W1
58341.84767817 15.751 0.176 WISE_W1
58341.97858145 15.798 0.238 WISE_W1
58342.0440331 15.943 0.184 WISE_W1
58342.10897535 15.697 0.155 WISE_W1
58342.17442701 15.639 0.538 WISE_W2
58342.17442701 16.175 0.26 WISE_W1
58342.24026057 15.469 0.136 WISE_W1
58342.24038788 16.391 0.314 WISE_W1
58342.30571218 15.266 0.216 WISE_W1
58342.30571218 15.259 0.436 WISE_W2
58342.37116383 16.279 0.278 WISE_W1
58342.43661539 14.552 0.341 WISE_W2
58342.43661539 15.635 0.176 WISE_W1
58342.50206706 15.319 0.386 WISE_W2
58342.50206706 15.597 0.145 WISE_W1
58342.56700935 15.73 0.161 WISE_W1
58342.56700935 14.911 0.374 WISE_W2
58342.69842189 15.948 0.21 WISE_W1
58342.82919784 15.682 0.536 WISE_W2
58342.82919784 15.92 0.204 WISE_W1
58342.82932515 16.429 0.506 WISE_W1
58342.82932515 14.815 0.251 WISE_W2
58350.09229191 15.753 0.227 WISE_W1
58350.15774356 15.63 0.159 WISE_W1
58350.15774356 15.245 0.541 WISE_W2
58545.56171735 15.86 0.198 WISE_W1
58545.69300292 15.838 0.206 WISE_W1
58545.82390644 15.827 0.202 WISE_W1
58545.82390644 15.135 0.416 WISE_W2
58545.88935819 15.981 0.211 WISE_W1
58545.95468264 16.44 0.438 WISE_W1
58545.95468264 16.306 0.348 WISE_W1
58546.0201344 15.819 0.231 WISE_W1
58546.08558622 14.101 0.291 WISE_W2
58546.08558622 15.792 0.204 WISE_W1
58546.15103797 14.849 0.301 WISE_W2
58546.15103797 15.507 0.14 WISE_W1
58546.21598032 15.618 0.361 WISE_W1
58546.28181407 15.626 0.16 WISE_W1
58546.41271765 15.601 0.157 WISE_W1
58546.41271765 15.252 0.435 WISE_W2
58546.54362117 15.947 0.197 WISE_W1
58546.67439728 16.088 0.271 WISE_W1
58546.67439728 14.883 0.361 WISE_W2
58708.75679999 15.901 0.198 WISE_W1
58708.88770316 14.919 0.498 WISE_W2
58708.88770316 15.809 0.164 WISE_W1
58709.01847902 16.634 0.425 WISE_W1
58709.01847902 14.596 0.346 WISE_W2
58709.21470645 15.803 0.167 WISE_W1
58709.28015799 16.173 0.233 WISE_W1
58709.3454822 15.669 0.195 WISE_W1
58709.3454822 14.882 0.297 WISE_W2
58709.34560951 15.287 0.375 WISE_W2
58709.34560951 15.639 0.181 WISE_W1
58709.41093378 15.979 0.202 WISE_W1
58709.41093378 15.013 0.522 WISE_W2
58709.47638537 14.172 0.393 WISE_W2
58709.541837 15.001 0.379 WISE_W2
58709.541837 15.994 0.249 WISE_W1
58709.60716117 15.602 0.157 WISE_W1
58709.73806434 15.593 0.158 WISE_W1
58709.86884018 15.787 0.174 WISE_W1
58709.86884018 15.271 0.404 WISE_W2
58709.9997434 15.735 0.164 WISE_W1
58709.9997434 15.023 0.402 WISE_W2
58909.78775444 16.143 0.247 WISE_W1
58909.9185306 15.757 0.18 WISE_W1
58910.04943417 15.827 0.181 WISE_W1
58910.11475863 15.799 0.185 WISE_W1
58910.11475863 14.708 0.287 WISE_W2
58910.17970101 16.235 0.267 WISE_W1
58910.2456621 16.194 0.257 WISE_W1
58910.2456621 15.481 0.514 WISE_W2
58910.31098652 15.21 0.191 WISE_W1
58910.3764383 15.921 0.215 WISE_W1
58910.44176277 16.261 0.498 WISE_W1
58910.50721455 15.82 0.185 WISE_W1
58910.57266624 15.815 0.186 WISE_W1
58910.63799065 16.087 0.409 WISE_W1
58910.63799065 16.348 0.31 WISE_W1
58910.63799065 15.054 0.417 WISE_W2
58910.76889421 15.591 0.197 WISE_W1
58910.89967037 15.421 0.222 WISE_W1
59072.92994212 16.044 0.25 WISE_W1
59072.92994212 15.161 0.333 WISE_W2
59073.06071794 15.382 0.144 WISE_W1
59073.06071794 15.121 0.469 WISE_W2
59073.1909844 15.001 0.348 WISE_W2
59073.1909844 16.032 0.222 WISE_W1
59073.19111171 15.707 0.183 WISE_W1
59073.19111171 15.69 0.54 WISE_W2
59073.32226953 15.585 0.139 WISE_W1
59073.38772104 15.701 0.157 WISE_W1
59073.38772104 15.533 0.518 WISE_W2
59073.45304529 15.672 0.175 WISE_W1
59073.45304529 14.708 0.36 WISE_W2
59073.4531726 15.691 0.189 WISE_W1
59073.4531726 15.116 0.348 WISE_W2
59073.58394832 15.975 0.27 WISE_W1
59073.64927252 15.472 0.193 WISE_W1
59073.7147241 15.921 0.222 WISE_W1
59073.7800483 15.173 0.131 WISE_W1
59073.7800483 15.146 0.369 WISE_W2
59073.84549986 15.665 0.159 WISE_W1
59073.84549986 15.418 0.425 WISE_W2
59073.91082469 14.61 0.335 WISE_W2
59073.91082469 16.36 0.295 WISE_W1
59074.04160045 15.72 0.211 WISE_W1
59074.17199418 15.127 0.337 WISE_W2
59074.17199418 15.895 0.246 WISE_W1
59274.01587488 16.094 0.262 WISE_W1
59274.14665109 15.814 0.219 WISE_W1
59274.14665109 16.217 0.259 WISE_W1
59274.27742777 15.279 0.44 WISE_W2
59274.27742777 15.691 0.173 WISE_W1
59274.34275222 14.646 0.31 WISE_W2
59274.34275222 16.035 0.231 WISE_W1
59274.40807664 15.804 0.207 WISE_W1
59274.40807664 15.272 0.49 WISE_W2
59274.408204 15.4 0.233 WISE_W1
59274.408204 16.329 0.281 WISE_W1
59274.47352843 15.446 0.516 WISE_W2
59274.47352843 15.756 0.178 WISE_W1
59274.60430449 16.521 0.394 WISE_W1
59274.60430449 15.414 0.523 WISE_W2
59274.66962891 16.071 0.234 WISE_W1
59274.73495332 14.59 0.192 WISE_W1
59274.86572953 15.525 0.228 WISE_W1
59274.99650573 16.142 0.24 WISE_W1
59275.12728189 15.496 0.136 WISE_W1
59279.18096218 15.933 0.214 WISE_W1
59437.2057892 15.756 0.175 WISE_W1
59437.33694705 15.512 0.456 WISE_W2
59437.33694705 15.425 0.149 WISE_W1
59437.53253775 16.173 0.223 WISE_W1
59437.59837128 15.83 0.189 WISE_W1
59437.66369546 16.139 0.282 WISE_W1
59437.72901972 15.916 0.207 WISE_W1
59437.79447131 15.491 0.172 WISE_W1
59437.79447131 14.854 0.505 WISE_W2
59437.85979558 15.737 0.174 WISE_W1
59437.85979558 15.069 0.351 WISE_W2
59437.92511984 14.695 0.366 WISE_W2
59437.92511984 15.632 0.201 WISE_W1
59437.99044411 15.554 0.151 WISE_W1
59438.05589565 15.817 0.175 WISE_W1
59438.18603538 15.743 0.161 WISE_W1
59438.18603538 15.256 0.463 WISE_W2
59438.31732045 15.926 0.324 WISE_W1
59443.34919803 16.275 0.253 WISE_W1
59641.01922233 15.925 0.264 WISE_W1
59641.01922233 14.783 0.269 WISE_W2
59641.14987132 16.228 0.255 WISE_W1
59641.28052027 16.38 0.305 WISE_W1
59641.28052027 14.982 0.523 WISE_W2
59641.34584472 14.973 0.324 WISE_W2
59641.34584472 16.324 0.299 WISE_W1
59641.41116921 15.611 0.148 WISE_W1
59641.41116921 14.921 0.394 WISE_W2
59641.47649367 14.852 0.306 WISE_W2
59641.47649367 15.646 0.155 WISE_W1
59641.5416908 15.678 0.173 WISE_W1
59641.54181816 15.605 0.186 WISE_W1
59641.54181816 15.204 0.501 WISE_W2
59641.60701525 15.557 0.148 WISE_W1
59641.60714257 15.959 0.255 WISE_W1
59641.60714257 14.999 0.367 WISE_W2
59641.6723397 15.624 0.155 WISE_W1
59641.73766414 15.986 0.277 WISE_W1
59641.86831372 15.945 0.272 WISE_W1
59641.86831372 14.578 0.443 WISE_W2
59641.99896262 14.676 0.397 WISE_W2
59641.99896262 15.717 0.203 WISE_W1
59642.12948424 15.163 0.403 WISE_W2
59642.12948424 16.044 0.24 WISE_W1
59642.12948424 15.856 0.246 WISE_W1
59642.12961156 15.891 0.189 WISE_W1
59642.12961156 15.507 0.521 WISE_W2
59804.2158615 15.878 0.185 WISE_W1
59804.34625531 16.262 0.258 WISE_W1
59804.47677657 15.36 0.213 WISE_W1
59804.5419735 16.377 0.253 WISE_W1
59804.5419735 15.181 0.372 WISE_W2
59804.60717037 15.623 0.202 WISE_W1
59804.67236735 15.931 0.232 WISE_W1
59804.67236735 15.303 0.426 WISE_W2
59804.73756422 15.477 0.136 WISE_W1
59804.7376916 15.885 0.18 WISE_W1
59804.80288852 16.736 0.378 WISE_W1
59804.80288852 16.015 0.206 WISE_W1
59804.80288852 14.848 0.397 WISE_W2
59804.80288852 15.083 0.512 WISE_W2
59804.86808549 15.874 0.194 WISE_W1
59804.93328242 16.416 0.298 WISE_W1
59804.99847934 15.877 0.195 WISE_W1
59804.99847934 15.231 0.444 WISE_W2
59805.06367632 15.881 0.362 WISE_W1
59805.06367632 16.086 0.346 WISE_W1
59805.06367632 15.367 0.424 WISE_W2
59805.19419749 15.925 0.197 WISE_W1
59805.19419749 15.434 0.511 WISE_W2
59805.32459139 14.9 0.296 WISE_W2
59805.32459139 16.115 0.223 WISE_W1
59805.45511256 15.326 0.179 WISE_W1
60005.23649546 15.876 0.211 WISE_W1
60005.23662278 15.24 0.408 WISE_W2
60005.23662278 15.955 0.278 WISE_W1
60005.36663583 15.587 0.155 WISE_W1
60005.49677558 15.706 0.237 WISE_W1
60005.49677558 15.425 0.484 WISE_W2
60005.56184547 14.722 0.51 WISE_W2
60005.56184547 15.791 0.177 WISE_W1
60005.62691537 15.561 0.151 WISE_W1
60005.69198527 16.055 0.276 WISE_W1
60005.75692785 15.782 0.196 WISE_W1
60005.75705516 14.478 0.319 WISE_W2
60005.75705516 15.805 0.188 WISE_W1
60005.82199775 16.177 0.293 WISE_W1
60005.88706765 15.942 0.207 WISE_W1
60005.88706765 14.794 0.4 WISE_W2
60005.95213755 15.842 0.233 WISE_W1
60006.08227734 15.995 0.246 WISE_W1
60006.34242947 15.899 0.204 WISE_W1
60168.49711141 16.068 0.233 WISE_W1
60168.49711141 14.645 0.336 WISE_W2
60168.49723873 15.831 0.191 WISE_W1
60168.62725057 15.6 0.182 WISE_W1
60168.75688042 16.233 0.373 WISE_W1
60168.82169536 15.277 0.402 WISE_W2
60168.82169536 15.979 0.207 WISE_W1
60168.88651025 15.451 0.16 WISE_W1
60168.88651025 15.294 0.508 WISE_W2
60168.95132525 14.835 0.368 WISE_W2
60168.95132525 15.167 0.17 WISE_W1
60169.0161402 15.286 0.119 WISE_W1
60169.0161402 14.665 0.291 WISE_W2
60169.08095509 15.804 0.305 WISE_W1
60169.21058494 16.027 0.23 WISE_W1
60169.21058494 14.802 0.341 WISE_W2
60169.34021479 16.3 0.27 WISE_W1
60169.59947448 15.642 0.156 WISE_W1
60369.41940806 15.283 0.435 WISE_W2
60369.41940806 15.45 0.141 WISE_W1
60369.5482742 16.022 0.253 WISE_W1
60369.5482742 15.564 0.299 WISE_W1
60369.54840152 15.624 0.273 WISE_W1
60369.6771404 16.187 0.27 WISE_W1
60369.80587924 14.112 0.351 WISE_W2
60369.80587924 15.843 0.236 WISE_W1
60369.87069438 15.142 0.521 WISE_W2
60369.87069438 15.893 0.239 WISE_W1
60369.87069438 16.09 0.256 WISE_W1
60369.87069438 15.052 0.455 WISE_W2
60369.93461807 15.654 0.179 WISE_W1
60369.99956052 15.702 0.18 WISE_W1
60370.0633569 16.196 0.342 WISE_W1
60370.12829936 15.008 0.39 WISE_W2
60370.12829936 14.556 0.439 WISE_W2
60370.12829936 15.804 0.201 WISE_W1
60370.19222306 15.466 0.148 WISE_W1
60370.2570381 15.215 0.109 WISE_W1
60370.3857775 15.783 0.206 WISE_W1
60370.51451633 14.634 0.42 WISE_W2
60370.51451633 16.682 0.48 WISE_W1
60370.64338248 16.07 0.23 WISE_W1
60372.96093002 16.152 0.286 WISE_W1
60373.08979612 15.299 0.491 WISE_W2
60373.08979612 15.876 0.342 WISE_W1
60373.1542292 15.733 0.172 WISE_W1
60373.21853491 15.177 0.388 WISE_W2
60373.21853491 15.85 0.253 WISE_W1
60373.3472736 15.556 0.18 WISE_W1
60373.34740096 15.763 0.186 WISE_W1
60373.47613976 15.514 0.188 WISE_W1
60706.04900459992 19.742000579833984 0.140392005443573 ZTF_g
60715.00625000009 19.812000274658203 0.3766370117664337 ZTF_g
60726.003911999986 19.331199645996094 0.12016300112009048 ZTF_r
60726.02754630009 19.67340087890625 0.2532399892807007 ZTF_g
60728.00261570001 19.24920082092285 0.11804299801588058 ZTF_r
60730.003287000116 19.25119972229004 0.12310600280761719 ZTF_r
60730.027905100025 19.442899703979492 0.1201620027422905 ZTF_g
60731.9860417 19.378299713134766 0.11759400367736816 ZTF_g
60732.02498839982 19.220300674438477 0.11413899809122086 ZTF_r
60733.91305560013 19.394100189208984 0.2745809853076935 ZTF_g
60734.05813660007 19.19059944152832 0.20792700350284576 ZTF_r
60740.04780089995 19.14240074157715 0.16678699851036072 ZTF_g
60744.930682899896 19.141000747680664 0.11496499925851822 ZTF_r
60754.999282400124 19.0846004486084 0.11658599972724915 ZTF_r
60755.0082291998 19.39310073852539 0.13782699406147003 ZTF_g
60757.920844899956 19.5044002532959 0.10175800323486328 ZTF_g
60757.99099540012 19.225299835205078 0.09312000125646591 ZTF_r
60759.94418979995 19.226999282836914 0.09353599697351456 ZTF_r
60759.99388890015 19.55470085144043 0.14290399849414825 ZTF_g
60761.96089120023 19.058000564575195 0.19849500060081482 ZTF_r
60761.984375 19.58679962158203 0.1962520033121109 ZTF_g
60771.862650500145 19.703899383544922 0.21397100389003754 ZTF_g
60771.92376160016 19.423200607299805 0.1440179944038391 ZTF_r
60773.80502310023 19.730499267578125 0.2846049964427948 ZTF_g
60773.89054400008 19.459999084472656 0.14208100736141205 ZTF_r
60775.933807900175 19.337400436401367 0.1624639928340912 ZTF_r
60785.862719899975 19.98390007019043 0.18931899964809418 ZTF_g
60787.891990699805 20.133399963378906 0.1560560017824173 ZTF_g
60787.96427079989 19.59119987487793 0.15501999855041504 ZTF_r
60789.902962999884 19.777999877929688 0.1361050009727478 ZTF_r
60794.85614580009 20.069299697875977 0.18024499714374542 ZTF_r
60796.86168979993 20.327600479125977 0.15934400260448456 ZTF_g
60798.886701399926 20.271099090576172 0.19031299650669098 ZTF_g
60798.91947920015 19.82990074157715 0.12459799647331238 ZTF_r
60804.91387729999 19.983800888061523 0.22420799732208252 ZTF_r
60804.94365740009 20.172700881958008 0.3384940028190613 ZTF_g
60816.896620399784 20.263599395751953 0.20301200449466705 ZTF_r
60818.85129630007 20.468000411987305 0.18476499617099762 ZTF_g
60818.881817100104 20.28380012512207 0.17730799317359924 ZTF_r
60820.85971060023 20.540599822998047 0.18991999328136444 ZTF_g
60820.91693289997 20.111000061035156 0.19848500192165375 ZTF_r
60822.89398150006 20.32469940185547 0.19435599446296692 ZTF_r
60824.81861109985 20.31100082397461 0.22962699830532074 ZTF_r
60824.90916670021 20.674280166625977 0.2058584839105606 ZTF_g
