MJD mag magerr band
57892.595 20.1 0.24 ATLAS_o
57896.56 19.58 0.09 ATLAS_o
57899.575 19.22 0.09 ATLAS_o
57900.575 19.21 0.11 ATLAS_o
57900.92 18.16 0.22 Johnson_V
57903.56 19.02 0.08 ATLAS_o
57904.56 19.04 0.1 ATLAS_o
57906.520000000004 18.92 0.02 ATLAS_o
57907.55 18.8 0.06 ATLAS_o
57910.5 18.49 0.05 ATLAS_o
57911.535 18.22 0.27 ATLAS_o
57912.55 18.32 0.1 ATLAS_o
57914.485 18.19 0.05 ATLAS_o
57915.55 18.09 0.07 ATLAS_o
57916.525 17.9 0.04 ATLAS_o
57920.39 17.74 0.2 Johnson_V
57925.465 17.47 0.01 ATLAS_o
57926.51 17.29 0.15 Johnson_V
57927.455 17.5 0.01 ATLAS_o
57929.455 17.4 0.01 ATLAS_o
57930.43 17.23 0.14 Johnson_V
57933.445 17.3 0.01 ATLAS_o
57937.435 17.21 0.02 ATLAS_o
57939.45 17.22 0.02 ATLAS_o
57941.435 17.15 0.03 ATLAS_o
57943.39 17.14 0.09 ATLAS_o
57945.445 17.01 0.01 ATLAS_o
57949.43 16.92 0.01 ATLAS_o
57951.44 16.87 0.02 ATLAS_o
57953.41 16.87 0.01 ATLAS_o
57955.395000000004 16.88 0.01 ATLAS_o
57957.395000000004 16.84 0.01 ATLAS_o
57959.395000000004 16.78 0.01 ATLAS_o
57961.805 16.89 0.05 Johnson_V
57963.725000000006 16.71 0.02 Johnson_B
57963.735 16.79 0.01 SDSS_g
57963.735 16.82 0.03 Johnson_V
57963.744999999995 16.84 0.01 SDSS_r
57963.755000000005 16.85 0.01 SDSS_i
57965.23 16.74 0.01 SDSS_g
57965.265 16.78 0.04 Johnson_V
57965.265 16.67 0.02 Johnson_B
57965.274999999994 16.84 0.01 SDSS_r
57965.274999999994 16.85 0.01 SDSS_i
57965.385 16.65 0.02 ATLAS_o
57966.22 16.77 0.05 Johnson_V
57966.22 16.67 0.02 Johnson_B
57966.23 16.73 0.01 SDSS_g
57966.24 16.77 0.01 SDSS_r
57966.24 16.8 0.01 SDSS_i
57967.29 16.77 0.05 Johnson_V
57967.3 16.73 0.01 SDSS_g
57967.375 16.65 0.01 ATLAS_o
57967.78 16.7 0.04 Johnson_B
57968.28 17.02 0.11 Johnson_R
57968.28 17.03 0.11 Johnson_I
57968.32 16.8 0.07 SDSS_i
57968.32 16.82 0.05 SDSS_r
57968.435 16.76 0.06 Johnson_V
57968.44 16.69 0.08 Johnson_B
57968.57 17.33 0.07 Swift_UVW2
57968.57 16.55 0.07 Swift_U
57968.57 17.04 0.06 Swift_UVM2
57968.57 16.94 0.06 Swift_UVW1
57969.369999999995 16.58 0.01 ATLAS_o
57970.28 16.92 0.06 Johnson_R
57970.28 16.8 0.06 Johnson_V
57970.78 16.71 0.03 Johnson_B
57971.285 16.9 0.04 Johnson_I
57971.74 16.66 0.06 Swift_U
57971.74 17.19 0.07 Swift_UVW1
57971.75 17.5 0.06 Swift_UVW2
57971.75 17.2 0.06 Swift_UVM2
57971.78 16.75 0.01 SDSS_g
57971.78 16.69 0.02 Johnson_B
57971.78 16.77 0.02 Johnson_V
57971.78 16.9 0.04 Johnson_R
57971.79 16.78 0.01 SDSS_i
57971.79 16.74 0.01 SDSS_r
57972.35 16.59 0.01 ATLAS_o
57973.27 16.92 0.06 Johnson_R
57973.765 16.72 0.02 Johnson_B
57973.77 16.83 0.03 Johnson_V
57973.774999999994 16.88 0.05 Johnson_I
57973.78 16.76 0.01 SDSS_g
57973.79 16.73 0.01 SDSS_r
57973.79 16.75 0.01 SDSS_i
57974.305 16.54 0.01 ATLAS_o
57974.774999999994 16.86 0.04 Johnson_R
57974.774999999994 16.74 0.03 Johnson_V
57974.774999999994 16.74 0.02 Johnson_B
57975.23 16.77 0.01 SDSS_g
57975.24 16.73 0.01 SDSS_r
57975.25 16.82 0.01 SDSS_i
57976.27 16.81 0.05 Johnson_R
57976.740000000005 16.7 0.02 Johnson_B
57976.759999999995 16.74 0.03 Johnson_V
57976.78 16.76 0.04 Johnson_I
57977.23 16.76 0.01 SDSS_g
57977.24 16.72 0.01 SDSS_r
57977.24 16.72 0.01 SDSS_i
57977.29 16.86 0.06 Johnson_R
57977.32 17.27 0.07 Swift_UVW1
57977.32 16.75 0.07 Swift_U
57977.32 17.66 0.07 Swift_UVW2
57977.32 17.35 0.06 Swift_UVM2
57977.755000000005 16.72 0.02 Johnson_B
57977.76 16.76 0.04 Johnson_V
57978.23 16.78 0.01 SDSS_g
57978.24 16.74 0.01 SDSS_i
57978.24 16.72 0.01 SDSS_r
57978.345 16.59 0.01 ATLAS_o
57979.23 16.8 0.01 SDSS_g
57979.24 16.76 0.01 SDSS_r
57979.24 16.92 0.05 Johnson_R
57979.24 16.79 0.01 SDSS_i
57979.240000000005 16.75 0.02 Johnson_B
57979.245 16.75 0.04 Johnson_V
57979.26 17.52 0.06 Swift_UVM2
57979.26 16.76 0.07 Swift_U
57979.26 17.91 0.08 Swift_UVW2
57979.26 17.28 0.07 Swift_UVW1
57979.759999999995 16.79 0.04 Johnson_I
57980.25 16.76 0.02 Johnson_B
57980.28 16.84 0.05 Johnson_R
57980.35 16.61 0.01 ATLAS_o
57980.73 16.77 0.03 Johnson_V
57980.73 16.81 0.01 SDSS_g
57980.74 16.76 0.01 SDSS_r
57980.744999999995 16.76 0.01 SDSS_i
57981.22 16.76 0.03 Johnson_B
57982.23 16.92 0.05 Johnson_R
57982.35 16.6 0.01 ATLAS_o
57982.725000000006 16.84 0.02 Johnson_B
57982.73 16.83 0.04 Johnson_V
57982.755 16.88 0.04 Johnson_I
57983.75 16.82 0.02 Johnson_B
57983.75 16.88 0.03 Johnson_R
57983.75 16.78 0.03 Johnson_V
57984.34 16.74 0.01 ATLAS_c
57984.74 16.83 0.04 Johnson_I
57985.24 16.89 0.05 Johnson_R
57985.705 16.85 0.02 Johnson_B
57985.715 16.85 0.03 Johnson_V
57986.21 16.88 0.01 SDSS_g
57986.22 16.77 0.01 SDSS_r
57986.22 16.73 0.01 SDSS_i
57987.705 16.97 0.04 Johnson_R
57987.725 16.89 0.02 Johnson_B
57987.729999999996 16.83 0.03 Johnson_V
57988.21 16.87 0.01 SDSS_g
57988.22 16.79 0.01 SDSS_r
57988.22 16.68 0.01 SDSS_i
57988.240000000005 16.94 0.04 Johnson_I
57988.325 16.77 0.01 ATLAS_c
57988.78 16.87 0.04 Johnson_V
57989.21 16.9 0.01 SDSS_g
57989.22 16.84 0.01 SDSS_r
57989.22 16.74 0.01 SDSS_i
57989.68 16.9 0.02 Johnson_B
57989.69500000001 17.03 0.04 Johnson_R
57990.240000000005 16.85 0.04 Johnson_V
57990.305 16.63 0.01 ATLAS_o
57990.7 16.81 0.04 Johnson_I
57990.705 16.91 0.02 Johnson_B
57990.715 16.95 0.01 SDSS_g
57990.725000000006 16.74 0.01 SDSS_i
57990.725000000006 16.84 0.01 SDSS_r
57991.225 16.89 0.04 Johnson_V
57991.24 16.98 0.06 Johnson_R
57992.16 16.96 0.11 Johnson_B
57992.3 16.64 0.01 ATLAS_o
57993.2 16.94 0.03 Johnson_B
57993.21 16.96 0.06 Johnson_V
57993.21 16.97 0.01 SDSS_g
57993.22 16.86 0.01 SDSS_r
57993.22 16.77 0.01 SDSS_i
57994.205 16.96 0.02 Johnson_B
57994.71 16.97 0.04 Johnson_V
57994.72 16.99 0.03 Johnson_R
57994.72 16.93 0.04 Johnson_I
57995.205 17.07 0.03 Johnson_B
57995.21 16.97 0.12 SDSS_g
57995.715 16.98 0.04 Johnson_V
57996.21 17.07 0.03 Johnson_B
57996.21 16.99 0.02 SDSS_g
57996.22 17.05 0.07 Johnson_R
57996.22 16.88 0.02 SDSS_i
57996.22 16.9 0.01 SDSS_r
57996.28 16.72 0.01 ATLAS_o
57996.715 17.05 0.05 Johnson_V
57997.21 17.01 0.04 SDSS_g
57997.22 16.87 0.05 Johnson_I
57997.22 16.86 0.03 SDSS_i
57997.22 16.94 0.03 SDSS_r
57997.33 18.35 0.08 Swift_UVW2
57997.715 17.05 0.04 Johnson_B
57997.72 17.07 0.05 Johnson_V
57997.72 17.1 0.06 Johnson_R
57998.22 16.87 0.02 SDSS_i
57998.22 16.94 0.02 SDSS_r
57998.265 16.66 0.01 ATLAS_o
57998.71 17.06 0.02 SDSS_g
57999.2 17.1 0.05 Johnson_B
57999.21 17.1 0.07 Johnson_V
57999.22 16.92 0.02 SDSS_i
57999.22 16.99 0.02 SDSS_r
58000.270000000004 16.73 0.01 ATLAS_o
58002.17 17.2 0.09 SDSS_g
58002.17 17.03 0.09 SDSS_i
58002.17 16.94 0.07 SDSS_r
58002.175 17.19 0.06 Johnson_B
58002.18 17.18 0.07 Johnson_V
58002.259999999995 16.78 0.02 ATLAS_o
58002.685 17.13 0.05 Johnson_R
58003.165 17.1 0.04 Johnson_I
58003.66 17.12 0.05 Johnson_B
58003.66 17.07 0.05 Johnson_V
58004.175 17.19 0.05 Johnson_R
58004.195 17.18 0.03 SDSS_g
58004.205 17.08 0.02 SDSS_r
58004.205 16.95 0.02 SDSS_i
58004.259999999995 16.79 0.01 ATLAS_o
58004.675 17.11 0.03 Johnson_B
58004.68 17.12 0.04 Johnson_V
58005.175 17.08 0.04 Johnson_I
58005.21 17.18 0.02 SDSS_g
58005.22 16.99 0.02 SDSS_r
58005.22 16.93 0.02 SDSS_i
58005.66 17.22 0.05 Johnson_R
58005.67 17.27 0.04 Johnson_B
58005.675 17.19 0.05 Johnson_V
58006.715 17.2 0.03 Johnson_B
58006.72 17.17 0.05 Johnson_V
58006.725 17.26 0.01 SDSS_g
58006.735 17.05 0.01 SDSS_r
58006.735 16.94 0.01 SDSS_i
58008.21 17.21 0.02 SDSS_g
58008.22 17.12 0.01 SDSS_r
58008.22 16.95 0.03 SDSS_i
58008.235 16.88 0.01 ATLAS_o
58008.685 17.2 0.03 Johnson_B
58008.695 17.18 0.05 Johnson_V
58009.21 17.25 0.02 SDSS_g
58009.22 17.09 0.02 SDSS_r
58009.23 16.91 0.02 SDSS_i
58009.685 17.31 0.04 Johnson_B
58009.69 17.19 0.05 Johnson_V
58010.165 17.12 0.04 Johnson_I
58010.235 16.88 0.01 ATLAS_o
58010.655 17.39 0.06 Johnson_R
58011.16499999999 17.26 0.04 Johnson_B
58011.17 17.3 0.06 Johnson_V
58011.21 17.3 0.01 SDSS_g
58011.22 17.13 0.01 SDSS_r
58011.23 17.01 0.02 SDSS_i
58012.255000000005 17.17 0.02 ATLAS_c
58012.649999999994 17.37 0.06 Johnson_V
58012.649999999994 17.39 0.06 Johnson_R
58013.16499999999 17.35 0.05 Johnson_B
58013.17 17.1 0.04 Johnson_I
58013.21 17.35 0.04 SDSS_g
58013.23 17.06 0.05 SDSS_i
58013.69 17.25 0.05 Johnson_V
58014.17 17.35 0.08 Johnson_R
58014.229999999996 16.91 0.01 ATLAS_o
58015.21 17.35 0.01 SDSS_g
58015.22 17.18 0.01 SDSS_r
58015.23 17.02 0.02 SDSS_i
58015.69 17.29 0.04 Johnson_B
58015.7 17.25 0.06 Johnson_V
58016.21 17.41 0.01 SDSS_g
58016.25 17.14 0.01 ATLAS_c
58016.26 17.25 0.17 Johnson_V
58018.15 17.42 0.05 Johnson_B
58018.16 17.39 0.01 SDSS_g
58018.17 17.23 0.01 SDSS_r
58018.18 17.09 0.02 SDSS_i
58018.655 17.36 0.06 Johnson_V
58019.16 17.44 0.09 Johnson_R
58019.16 17.24 0.09 Johnson_I
58019.16 17.44 0.02 SDSS_g
58019.17 17.26 0.01 SDSS_r
58019.18 17.12 0.02 SDSS_i
58019.66 17.36 0.05 Johnson_V
58020.15 17.29 0.11 Johnson_B
58020.16 17.49 0.02 SDSS_g
58020.17 17.28 0.01 SDSS_r
58020.18 17.09 0.02 SDSS_i
58020.245 17.25 0.02 ATLAS_c
58021.15 17.44 0.18 Johnson_B
58021.16 17.43 0.02 SDSS_g
58021.17 17.36 0.01 SDSS_r
58021.18 17.11 0.02 SDSS_i
58021.64 17.39 0.05 Johnson_V
58021.64 17.53 0.07 Johnson_R
58022.16 17.22 0.06 Johnson_I
58022.235 16.97 0.01 ATLAS_o
58022.665 17.32 0.04 Johnson_B
58022.675 17.41 0.05 Johnson_V
58023.16 17.49 0.02 SDSS_g
58023.17 17.28 0.01 SDSS_r
58023.18 17.18 0.02 SDSS_i
58023.64 17.52 0.07 Johnson_R
58024.12 17.48 0.09 Johnson_B
58024.12 17.42 0.1 Johnson_V
58025.16 17.48 0.02 SDSS_g
58025.17 17.33 0.02 SDSS_r
58025.18 17.2 0.02 SDSS_i
58025.64 17.44 0.05 Johnson_V
58025.64 17.58 0.07 Johnson_R
58026.145000000004 17.27 0.05 Johnson_I
58026.265 17.0 0.03 ATLAS_o
58027.16 17.56 0.02 SDSS_g
58027.63 17.41 0.04 Johnson_B
58027.634999999995 17.51 0.06 Johnson_V
58027.67 17.39 0.01 SDSS_r
58027.68 17.33 0.02 SDSS_i
58028.13 17.61 0.11 Johnson_R
58028.16 17.5 0.03 SDSS_g
58028.22 17.15 0.02 ATLAS_o
58028.634999999995 17.13 0.06 Johnson_I
58028.645000000004 17.5 0.07 Johnson_V
58029.16 17.61 0.03 SDSS_g
58029.17 17.44 0.03 SDSS_r
58029.18 17.24 0.03 SDSS_i
58029.634999999995 17.5 0.05 Johnson_B
58029.634999999995 17.5 0.07 Johnson_R
58029.645000000004 17.5 0.08 Johnson_V
58030.22 17.09 0.02 ATLAS_o
58030.54 17.61 0.08 Swift_U
58030.54 18.87 0.12 Swift_UVW2
58030.54 18.63 0.11 Swift_UVM2
58030.54 18.29 0.09 Swift_UVW1
58030.845 17.55 0.06 Johnson_B
58030.850000000006 17.55 0.08 Johnson_V
58031.119999999995 17.26 0.06 Johnson_I
58031.16 17.53 0.04 SDSS_g
58031.17 17.46 0.03 SDSS_r
58031.18 17.28 0.04 SDSS_i
58031.630000000005 17.69 0.09 Johnson_R
58032.17 17.67 0.05 SDSS_g
58032.18 17.31 0.04 SDSS_i
58032.18 17.51 0.03 SDSS_r
58032.235 17.16 0.04 ATLAS_o
58032.28 17.68 0.06 Johnson_B
58032.28 17.5 0.07 Johnson_V
58032.45 18.34 0.09 Swift_UVW1
58032.45 17.64 0.07 Swift_U
58032.45 18.98 0.12 Swift_UVW2
58032.46 18.72 0.1 Swift_UVM2
58033.619999999995 17.54 0.06 Johnson_R
58033.62 17.56 0.04 Johnson_B
58033.625 17.48 0.05 Johnson_V
58033.625 17.34 0.06 Johnson_I
58034.604999999996 17.64 0.01 SDSS_g
58034.625 17.28 0.01 SDSS_i
58034.625 17.46 0.01 SDSS_r
58035.104999999996 17.68 0.05 Johnson_B
58035.115 17.54 0.07 Johnson_V
58035.14 17.3 0.09 Johnson_I
58035.14 17.52 0.1 Johnson_R
58036.225 17.16 0.01 ATLAS_o
58036.630000000005 17.59 0.04 Johnson_B
58036.634999999995 17.58 0.06 Johnson_V
58036.64 17.6 0.07 Johnson_R
58036.77 18.42 0.1 Swift_UVW1
58036.77 18.66 0.1 Swift_UVM2
58036.77 18.92 0.12 Swift_UVW2
58036.77 17.76 0.09 Swift_U
58037.61 17.71 0.01 SDSS_g
58037.615 17.54 0.01 SDSS_r
58037.619999999995 17.38 0.01 SDSS_i
58038.095 17.53 0.07 Johnson_V
58038.11 17.65 0.11 Johnson_R
58038.11 17.43 0.11 Johnson_I
58038.22 17.24 0.03 ATLAS_o
58038.595 17.74 0.06 Johnson_B
58038.619999999995 17.6 0.1 SDSS_g
58040.09 18.31 0.09 Swift_UVW1
58040.1 18.65 0.1 Swift_UVM2
58040.1 18.9 0.12 Swift_UVW2
58040.1 17.61 0.08 Swift_U
58040.11 17.56 0.11 Johnson_I
58040.11 17.61 0.1 Johnson_R
58040.225 17.24 0.02 ATLAS_o
58040.595 17.59 0.06 Johnson_V
58040.6 17.68 0.04 Johnson_B
58040.6 17.71 0.01 SDSS_g
58040.619999999995 17.58 0.01 SDSS_r
58040.630000000005 17.46 0.02 SDSS_i
58042.225 17.27 0.02 ATLAS_o
58042.575 17.79 0.05 Johnson_B
58042.585 17.66 0.08 Johnson_V
58042.595 17.62 0.01 SDSS_r
58042.595 17.78 0.01 SDSS_g
58042.604999999996 17.43 0.01 SDSS_i
58043.17 17.63 0.08 Johnson_B
58043.18 17.76 0.15 Johnson_I
58043.18 17.74 0.13 Johnson_R
58045.615000000005 17.7 0.08 Johnson_V
58045.615000000005 17.78 0.05 Johnson_B
58045.625 17.63 0.01 SDSS_r
58045.625 17.78 0.01 SDSS_g
58045.634999999995 17.43 0.02 SDSS_i
58046.225 17.27 0.02 ATLAS_o
58047.1 17.8 0.12 Johnson_V
58047.1 17.88 0.07 Johnson_B
58047.11 17.79 0.02 SDSS_g
58047.12 17.65 0.02 SDSS_r
58047.12 17.54 0.03 SDSS_i
58048.12 17.65 0.02 SDSS_r
58048.125 17.74 0.1 Johnson_V
58048.125 17.78 0.06 Johnson_B
58048.13 18.45 0.1 Swift_UVW1
58048.14 18.61 0.1 Swift_UVM2
58048.14 19.0 0.13 Swift_UVW2
58048.14 17.84 0.09 Swift_U
58048.604999999996 17.82 0.02 SDSS_g
58050.07 17.82 0.07 Johnson_B
58050.08 17.72 0.11 Johnson_V
58050.09 17.87 0.02 SDSS_g
58050.09 17.73 0.02 SDSS_r
58050.1 17.56 0.02 SDSS_i
58050.215 17.37 0.05 ATLAS_o
58052.06 18.61 0.1 Swift_UVM2
58052.06 17.64 0.07 Swift_U
58052.06 18.56 0.1 Swift_UVW1
58052.06 19.14 0.14 Swift_UVW2
58052.08 17.72 0.07 Johnson_B
58052.095 17.78 0.12 Johnson_V
58052.14 17.83 0.13 Johnson_R
58052.15 17.82 0.14 Johnson_I
58054.215 17.4 0.03 ATLAS_o
58056.215 17.38 0.02 ATLAS_o
58056.58 18.5 0.1 Swift_UVW1
58056.58 18.86 0.12 Swift_UVM2
58056.58 18.89 0.12 Swift_UVW2
58056.58 17.94 0.09 Swift_U
58056.854999999996 18.03 0.08 Johnson_B
58056.86 17.93 0.13 Johnson_V
58057.15 17.76 0.04 SDSS_r
58057.16 17.45 0.04 SDSS_i
58059.07 18.1 0.1 Johnson_B
58059.08 17.98 0.15 Johnson_V
58059.09 17.88 0.03 SDSS_r
58059.09 18.0 0.03 SDSS_g
58059.1 17.68 0.03 SDSS_i
58060.21 17.46 0.04 ATLAS_o
58060.24 18.61 0.11 Swift_UVW1
58060.24 19.1 0.13 Swift_UVW2
58060.24 17.82 0.22 Johnson_V
58060.24 18.7 0.11 Swift_UVM2
58060.24 17.88 0.09 Swift_U
58062.205 17.4 0.04 ATLAS_o
58063.08 18.04 0.08 Johnson_B
58063.08 18.0 0.14 Johnson_V
58063.09 17.9 0.02 SDSS_r
58063.09 18.08 0.02 SDSS_g
58063.1 17.65 0.03 SDSS_i
58064.21 17.49 0.01 ATLAS_o
58064.87 18.49 0.11 Swift_UVW1
58064.87 17.9 0.09 Swift_U
58064.87 17.96 0.14 Johnson_B
58064.87 19.0 0.13 Swift_UVW2
58064.88 18.7 0.1 Swift_UVM2
58064.88 17.89 0.23 Johnson_V
58066.2 17.5 0.04 ATLAS_o
58068.2 17.62 0.23 ATLAS_o
58068.66 18.58 0.11 Swift_UVW1
58068.66 19.13 0.14 Swift_UVW2
58068.66 17.94 0.09 Swift_U
58068.67 18.8 0.11 Swift_UVM2
58068.86 18.11 0.08 Johnson_B
58068.869999999995 18.08 0.14 Johnson_V
58069.08 17.97 0.02 SDSS_r
58069.08 18.11 0.01 SDSS_g
58069.09 17.81 0.03 SDSS_i
58072.21 17.86 0.04 ATLAS_c
58072.24 18.61 0.11 Swift_UVW1
58072.24 17.95 0.09 Swift_U
58072.24 18.05 0.14 Johnson_B
58072.24 19.1 0.13 Swift_UVW2
58072.25 18.91 0.12 Swift_UVM2
58072.25 18.11 0.27 Johnson_V
58074.07 18.19 0.1 Johnson_B
58074.08 18.24 0.18 Johnson_V
58074.08 18.19 0.02 SDSS_g
58074.09 18.06 0.02 SDSS_r
58074.1 17.99 0.04 SDSS_i
58074.195 17.49 0.04 ATLAS_o
58078.29 18.73 0.12 Swift_UVW1
58078.3 19.19 0.17 Swift_UVW2
58078.3 18.95 0.15 Swift_UVM2
58078.3 17.81 0.09 Swift_U
58078.68 18.24 0.09 Johnson_B
58079.06 18.26 0.18 Johnson_V
58079.07 18.24 0.02 SDSS_g
58079.08 18.16 0.03 SDSS_r
58079.08 18.1 0.05 SDSS_i
58083.01 18.09 0.14 Johnson_B
58083.01 18.64 0.11 Swift_UVW1
58083.01 19.19 0.14 Swift_UVW2
58083.01 17.94 0.09 Swift_U
58083.02 18.14 0.29 Johnson_V
58083.02 18.97 0.13 Swift_UVM2
58085.06 18.26 0.19 Johnson_V
58085.06 18.38 0.12 Johnson_B
58085.07 18.19 0.03 SDSS_g
58085.08 18.09 0.05 SDSS_i
58088.32 18.33 0.18 Johnson_B
58093.585 18.52 0.1 Johnson_B
58093.595 18.49 0.17 Johnson_V
58093.6 18.19 0.04 SDSS_r
58095.82 18.76 0.13 Swift_UVW1
58095.82 19.27 0.15 Swift_UVW2
58095.82 18.17 0.11 Swift_U
58095.83 19.14 0.15 Swift_UVM2
58096.04 18.55 0.14 Johnson_B
58096.07 18.37 0.15 Johnson_V
58096.1 18.21 0.04 SDSS_r
58098.36 19.22 0.16 Swift_UVW2
58098.36 18.05 0.12 Swift_U
58098.36 18.61 0.12 Swift_UVW1
58098.37 18.98 0.13 Swift_UVM2
58100.08 18.4 0.22 Johnson_V
58100.09 18.38 0.06 SDSS_r
58102.21 19.24 0.15 Swift_UVW2
58102.21 18.97 0.14 Swift_UVW1
58102.21 17.97 0.09 Swift_U
58102.22 18.65 0.53 Johnson_V
58102.22 19.14 0.15 Swift_UVM2
58115.51 18.58 0.25 Johnson_V
58118.51 18.88 0.18 Johnson_B
58118.52 18.68 0.28 Johnson_V
58118.52 18.52 0.04 SDSS_r
58118.52 18.49 0.07 SDSS_i
58123.53 18.55 0.26 Johnson_V
58123.53 18.46 0.07 SDSS_r
58123.53 18.68 0.17 Johnson_B
58123.54 18.52 0.09 SDSS_i
58133.5 18.78 0.17 Johnson_B
58133.5 18.61 0.26 Johnson_V
58133.51 18.5 0.11 SDSS_i
58136.5 18.74 0.15 Johnson_B
58136.51 18.58 0.03 SDSS_r
58136.52 18.26 0.04 SDSS_i
58144.5 18.85 0.17 Johnson_B
58144.51 18.64 0.03 SDSS_r
58144.52 18.51 0.04 SDSS_i
58149.5 19.1 0.22 Johnson_B
58149.52 18.82 0.04 SDSS_r
58149.53 18.59 0.04 SDSS_i
58180.66 17.76 0.15 ATLAS_o
58181.57 18.55 0.11 Swift_U
58181.57 19.07 0.14 Swift_UVW1
58181.57 18.83 0.21 Johnson_B
58181.57 19.49 0.17 Swift_UVW2
58181.58 19.21 0.14 Swift_UVM2
58208.5 18.04 0.07 ATLAS_o
58214.6 18.28 0.03 ATLAS_o
58220.59 18.52 0.01 ATLAS_o
58224.595 18.8 0.05 ATLAS_c
58233.555 18.88 0.02 ATLAS_o
58244.54 18.44 0.08 ATLAS_o
58249.524999999994 18.63 0.02 ATLAS_o
58254.6 18.61 0.07 ATLAS_o
58256.525 18.83 0.03 ATLAS_c
58259.61 18.22 0.06 ATLAS_o
58263.505000000005 18.47 0.05 ATLAS_o
58266.47 18.88 0.19 Johnson_B
58266.48 18.56 0.07 ATLAS_o
58271.485 18.28 0.04 ATLAS_o
58274.48 18.45 0.05 ATLAS_o
58278.48 18.57 0.05 ATLAS_o
58280.490000000005 19.08 0.15 ATLAS_c
58280.899999999994 19.17 0.17 Johnson_B
58281.39 19.77 0.05 SDSS_g
58281.4 19.31 0.09 SDSS_i
58281.4 19.85 0.07 SDSS_r
58282.49 18.5 0.04 ATLAS_o
58284.479999999996 19.21 0.04 ATLAS_c
58286.47 18.62 0.04 ATLAS_o
58291.4 19.02 0.2 Johnson_B
58291.46 18.5 0.03 ATLAS_o
58295.47 18.55 0.07 ATLAS_o
58297.94 18.52 0.07 ATLAS_o
58302.4 19.18 0.24 Johnson_B
58303.43 18.46 0.05 ATLAS_o
58308.455 19.43 0.08 ATLAS_c
58310.43 18.62 0.04 ATLAS_o
58312.44 19.4 0.08 ATLAS_c
58319.41 18.59 0.03 ATLAS_o
58323.405 18.58 0.06 ATLAS_o
58329.375 18.3 0.05 ATLAS_o
58338.38 18.86 0.05 ATLAS_o
58342.37 18.67 0.04 ATLAS_o
58344.380000000005 19.52 0.08 ATLAS_c
58348.35 19.05 0.02 ATLAS_o
58361.305 18.65 0.03 ATLAS_o
58365.295 18.67 0.03 ATLAS_o
58368.28 18.42 0.02 ATLAS_o
58373.265 18.6 0.01 ATLAS_o
58376.305 19.4 0.11 ATLAS_c
58377.3 20.04 0.32 Swift_UVW1
58377.3 20.31 0.38 Swift_UVM2
58377.3 19.05 0.19 Swift_U
58377.3 20.45 0.4 Swift_UVW2
58379.25 18.5 0.03 ATLAS_o
58383.235 18.54 0.06 ATLAS_o
58386.26 18.94 0.35 ATLAS_o
58391.225000000006 18.6 0.04 ATLAS_o
58394.22 18.81 0.07 ATLAS_o
58396.265 19.4 0.06 ATLAS_c
58400.25 19.45 0.09 ATLAS_c
58402.22 18.93 0.07 ATLAS_o
58408.22 18.71 0.06 ATLAS_o
58413.21 19.09 0.11 ATLAS_o
58416.21 18.8 0.19 ATLAS_o
58424.225 19.59 0.17 ATLAS_c
58428.205 19.78 0.2 ATLAS_c
58430.21 19.44 0.26 ATLAS_o
58432.205 19.79 0.12 ATLAS_c
58434.2 18.72 0.13 ATLAS_o
58436.2 19.56 0.19 ATLAS_c
58442.2 18.28 0.18 ATLAS_o
58503.67 18.72 0.24 ATLAS_o
58568.64 18.72 0.07 ATLAS_o
58572.62 19.05 0.02 ATLAS_o
58580.635 19.89 0.14 ATLAS_c
58582.61 19.09 0.05 ATLAS_o
58588.62 19.3 0.07 ATLAS_o
58595.11 19.02 0.07 ATLAS_o
58601.615000000005 19.44 0.14 ATLAS_o
58604.575 20.04 0.15 ATLAS_c
58606.6 19.09 0.09 ATLAS_o
58610.57 18.92 0.06 ATLAS_o
58612.47 20.48 0.18 ATLAS_c
58619.475 18.66 0.07 ATLAS_o
58622.47 19.29 0.22 ATLAS_o
58626.47 19.06 0.08 ATLAS_o
58630.46 18.86 0.04 ATLAS_o
58634.45 19.04 0.05 ATLAS_o
58636.425 20.49 0.17 ATLAS_c
58638.42 19.21 0.18 ATLAS_o
58643.42 18.66 0.01 ATLAS_o
58647.435 18.89 0.05 ATLAS_o
58650.45 19.01 0.16 ATLAS_o
58655.415 18.72 0.04 ATLAS_o
58658.41 19.62 0.19 ATLAS_o
58662.45 19.65 0.06 ATLAS_o
58664.380000000005 20.07 0.11 ATLAS_c
58666.41 19.59 0.06 ATLAS_o
58668.29 19.96 0.14 ATLAS_c
58672.37 19.17 0.09 ATLAS_o
58676.895000000004 19.15 0.03 ATLAS_o
58681.315 18.44 0.05 ATLAS_o
58684.37 19.11 0.05 ATLAS_o
58689.31 19.14 0.01 ATLAS_o
58694.36 19.08 0.02 ATLAS_o
58696.31 19.88 0.11 ATLAS_c
58710.31 18.73 0.12 ATLAS_o
58715.345 18.87 0.07 ATLAS_o
58720.31 19.96 0.1 ATLAS_c
58724.33 20.33 0.16 ATLAS_c
58726.27 18.85 0.02 ATLAS_o
58728.270000000004 20.53 0.2 ATLAS_c
58731.335 19.1 0.03 ATLAS_o
58735.28 18.74 0.03 ATLAS_o
58740.23 19.79 0.2 ATLAS_o
58745.28 18.49 0.01 ATLAS_o
58748.32 18.67 0.03 ATLAS_o
58754.29 18.86 0.03 ATLAS_o
58756.270000000004 20.76 0.35 ATLAS_c
58758.24 18.67 0.01 ATLAS_o
58763.265 18.98 0.04 ATLAS_o
58771.25 18.9 0.1 ATLAS_o
59051.905 20.06 0.27 Swift_UVW1
59051.905 19.35 0.21 Swift_U
59051.91 20.02 0.22 Swift_UVW2
59051.915 20.18 0.26 Swift_UVM2
