8.900000000000000000e+03 2.219894684136502079e-17
8.903559999999999491e+03 1.527316890218563372e-17
8.907120000000000800e+03 2.132129195384998998e-17
8.910680000000000291e+03 1.489878174458361677e-17
8.914239999999999782e+03 8.926204590696511976e-18
8.917799999999999272e+03 -9.244715319526881879e-18
8.921360000000000582e+03 9.923361981666432648e-18
8.924920000000000073e+03 1.071442271818434244e-18
8.928479999999999563e+03 -2.415103214511262845e-18
8.932040000000000873e+03 7.713351825589430953e-18
8.935600000000000364e+03 4.099265943486112465e-18
8.939159999999999854e+03 -7.456143600075401766e-20
8.942719999999999345e+03 -1.655267193465847166e-18
8.946280000000000655e+03 -3.681150366011850064e-18
8.949840000000000146e+03 1.001549723249962249e-18
8.953399999999999636e+03 -1.988016457112852902e-18
8.956959999999999127e+03 1.294983399843628336e-18
8.960520000000000437e+03 4.817171744362446170e-19
8.964079999999999927e+03 -1.596497222601815302e-18
8.967639999999999418e+03 -2.039203483580254809e-18
8.971200000000000728e+03 -2.557165526551110230e-18
8.974760000000000218e+03 1.420885681907613704e-18
8.978319999999999709e+03 1.862478257470897703e-18
8.981879999999999200e+03 1.027171503531100167e-18
8.985440000000000509e+03 -1.529527825430936149e-18
8.989000000000000000e+03 -2.397194926593902178e-19
8.992559999999999491e+03 1.292458708048276691e-18
8.996120000000000800e+03 4.723821354609586505e-19
8.999680000000000291e+03 -1.088367412835853748e-19
9.003239999999999782e+03 1.068561527374208305e-18
9.006799999999999272e+03 6.113837637900831809e-19
9.010360000000000582e+03 -5.168988156303887377e-19
9.013920000000000073e+03 9.276868168249536667e-19
9.017479999999999563e+03 1.178153494376513740e-18
9.021040000000000873e+03 1.184528454518484593e-18
9.024600000000000364e+03 1.328232300074790652e-18
9.028159999999999854e+03 1.856451459867675476e-18
9.031719999999999345e+03 1.038568389713296306e-18
9.035280000000000655e+03 8.100864458253753001e-19
9.038840000000000146e+03 9.491594135276310355e-19
9.042399999999999636e+03 5.464929445124075328e-19
9.045959999999999127e+03 6.429294041419964959e-19
9.049520000000000437e+03 2.138482320235757902e-19
9.053079999999999927e+03 7.152692145256545850e-19
9.056639999999999418e+03 9.444757254467435705e-19
9.060200000000000728e+03 6.155486544547079078e-20
9.063760000000000218e+03 8.009354157924558300e-20
9.067319999999999709e+03 3.069547895108239587e-19
9.070879999999999200e+03 4.196460632449405671e-19
9.074440000000000509e+03 4.165437123338198519e-19
9.078000000000000000e+03 1.628339075065412270e-18
9.081559999999999491e+03 1.317130398161820253e-18
9.085120000000000800e+03 3.613955772888476209e-19
9.088680000000000291e+03 5.416074494247569290e-20
9.092239999999999782e+03 8.614923527000210449e-19
9.095799999999999272e+03 8.172202985647939442e-19
9.099360000000000582e+03 7.462798849890746942e-19
9.102920000000000073e+03 2.272213176738284369e-19
9.106479999999999563e+03 4.157888355006593968e-19
9.110040000000000873e+03 1.271290923744549601e-18
9.113600000000000364e+03 6.303375253228511720e-19
9.117159999999999854e+03 6.563519235996015845e-19
9.120719999999999345e+03 8.713416443666554349e-19
9.124280000000000655e+03 1.146358100235384696e-18
9.127840000000000146e+03 2.906348089919030973e-20
9.131399999999999636e+03 8.272335879172093018e-20
9.134959999999999127e+03 4.658221468573198528e-19
9.138520000000000437e+03 3.290349939539598536e-19
9.142079999999999927e+03 -2.693250012694361975e-20
9.145639999999999418e+03 1.229001878113884574e-18
9.149200000000000728e+03 1.311440364202308377e-18
9.152760000000000218e+03 1.778007776977825835e-19
9.156319999999999709e+03 8.875737408274400980e-20
9.159879999999999200e+03 4.390057222629634191e-19
9.163440000000000509e+03 1.309522074602504442e-18
9.167000000000000000e+03 1.493305788875092195e-19
9.170559999999999491e+03 3.741456037843471457e-19
9.174120000000000800e+03 1.197105810656402523e-18
9.177680000000000291e+03 5.009301297922333135e-19
9.181239999999999782e+03 3.590549021139625427e-19
9.184799999999999272e+03 1.373644387066269898e-18
9.188360000000000582e+03 8.260383995744733172e-19
9.191920000000000073e+03 8.521798893236001205e-19
9.195479999999999563e+03 3.610064359617121171e-19
9.199040000000000873e+03 9.880690607981184437e-19
9.202600000000000364e+03 8.051348125797316763e-19
9.206159999999999854e+03 7.192319436910375869e-19
9.209719999999999345e+03 -2.440826740939867090e-20
9.213280000000000655e+03 2.005833629755358790e-19
9.216840000000000146e+03 6.578942509030720134e-19
9.220399999999999636e+03 1.015175283272027474e-18
9.223959999999999127e+03 4.786229537554271556e-19
9.227520000000000437e+03 5.472852203615849661e-19
9.231079999999999927e+03 8.377041721392846187e-19
9.234639999999999418e+03 7.707224678294867882e-19
9.238200000000000728e+03 7.015664073628189504e-19
9.241760000000000218e+03 1.544655512681645398e-18
9.245319999999999709e+03 6.295118236979061770e-19
9.248879999999999200e+03 5.911953926586054549e-19
9.252440000000000509e+03 6.787532402684189930e-19
9.256000000000000000e+03 1.157886902932319031e-18
9.259559999999999491e+03 7.990545516479050376e-19
9.263120000000000800e+03 1.003192793699854897e-18
9.266680000000000291e+03 6.851112313124553413e-19
9.270239999999999782e+03 1.197980088714848890e-18
9.273799999999999272e+03 1.420463179371755798e-18
9.277360000000000582e+03 9.312694266429780431e-19
9.280920000000000073e+03 9.228680921059337950e-19
9.284479999999999563e+03 1.074769139153984938e-18
9.288040000000000873e+03 9.816402029420182466e-19
9.291600000000000364e+03 1.560808683175985870e-19
9.295159999999999854e+03 5.721035140052533056e-19
9.298719999999999345e+03 5.358980878953405165e-19
9.302280000000000655e+03 4.547180532909585660e-19
9.305840000000000146e+03 3.687320342021855698e-19
9.309399999999999636e+03 7.954091713473422323e-19
9.312959999999999127e+03 2.119387367418260262e-19
9.316520000000000437e+03 3.205485100669851859e-19
9.320079999999999927e+03 6.551824248571826048e-19
9.323639999999999418e+03 7.174765007405435108e-19
9.327200000000000728e+03 3.986152970594014476e-19
9.330760000000000218e+03 7.917974193705031539e-19
9.334319999999999709e+03 2.477847576647911712e-19
9.337879999999999200e+03 7.938891265435979741e-19
9.341440000000000509e+03 9.257214092924148471e-19
9.345000000000000000e+03 9.692358814421937029e-19
9.348559999999999491e+03 1.005074836685138392e-18
9.352120000000000800e+03 5.820028920481161698e-19
9.355680000000000291e+03 9.500104237405333996e-19
9.359239999999999782e+03 3.801104584590953726e-19
9.362799999999999272e+03 4.226802672797534249e-19
9.366360000000000582e+03 4.183356603693604301e-19
9.369920000000000073e+03 1.670226485625364880e-19
9.373479999999999563e+03 1.091698195789921579e-18
9.377040000000000873e+03 7.205602604408642162e-19
9.380600000000000364e+03 7.064425463227929924e-19
9.384159999999999854e+03 7.490925957561982069e-19
9.387719999999999345e+03 1.424932845802900267e-18
9.391280000000000655e+03 1.014966478103323592e-18
9.394840000000000146e+03 1.143500583286213235e-18
9.398399999999999636e+03 5.119666098075307913e-19
9.401959999999999127e+03 6.102187755632700266e-19
9.405520000000000437e+03 6.386904510902791684e-19
9.409079999999999927e+03 9.374623908559500187e-19
9.412639999999999418e+03 6.949253713832089050e-19
9.416200000000000728e+03 1.053547395127438367e-18
9.419760000000000218e+03 2.755859033396606683e-19
9.423319999999999709e+03 8.331049162078897981e-19
9.426879999999999200e+03 6.263250343421078270e-19
9.430440000000000509e+03 4.008009527414785048e-19
9.434000000000000000e+03 7.150028236208389446e-19
9.437559999999999491e+03 2.241353547906834104e-19
9.441120000000000800e+03 3.016604063943036460e-19
9.444680000000000291e+03 1.032386145863453512e-18
9.448239999999999782e+03 1.322865902485776896e-18
9.451799999999999272e+03 1.205562372638426086e-18
9.455360000000000582e+03 6.004275427248430373e-19
9.458920000000000073e+03 3.301023531867746190e-19
9.462479999999999563e+03 6.026198734891074755e-19
9.466040000000000873e+03 5.484263703917643811e-19
9.469600000000000364e+03 7.258754604387998474e-19
9.473159999999999854e+03 4.881640179153599919e-19
9.476719999999999345e+03 8.480975260519804069e-19
9.480280000000000655e+03 3.996633299338493849e-19
9.483840000000000146e+03 9.513706515807204817e-19
9.487399999999999636e+03 7.633234314837135299e-19
9.490959999999999127e+03 1.047920625251213073e-18
9.494520000000000437e+03 5.433967114503185106e-19
9.498079999999999927e+03 7.276799702487945937e-19
9.501639999999999418e+03 5.734686556594431564e-19
9.505200000000000728e+03 1.426470319402242518e-18
9.508760000000000218e+03 7.383503141003421905e-19
9.512319999999999709e+03 5.794780258806415189e-19
9.515879999999999200e+03 6.147913357423868055e-19
9.519440000000000509e+03 4.858199090295039310e-19
9.523000000000000000e+03 7.683451404021695461e-19
9.526559999999999491e+03 1.044778672960339723e-18
9.530120000000000800e+03 8.077801001686516793e-19
9.533680000000000291e+03 9.752016814557298945e-19
9.537239999999999782e+03 9.201689624310924204e-19
9.540799999999999272e+03 6.982259434238162687e-19
9.544360000000000582e+03 3.121141575359292035e-19
9.547920000000000073e+03 4.104564842643003275e-19
9.551479999999999563e+03 5.544495886319329628e-19
9.555040000000000873e+03 3.867576810338726316e-19
9.558600000000000364e+03 6.680352574435818761e-19
9.562159999999999854e+03 9.835802974308669780e-19
9.565719999999999345e+03 7.584806628927259393e-19
9.569280000000000655e+03 9.877901096255738308e-19
9.572840000000000146e+03 1.131557817014213484e-18
9.576399999999999636e+03 1.234484229481887942e-18
9.579959999999999127e+03 7.369491639827175741e-19
9.583520000000000437e+03 7.680594965319571605e-19
9.587079999999999927e+03 7.097386261581105796e-19
9.590639999999999418e+03 9.942690764865030426e-19
9.594200000000000728e+03 5.230835196865668079e-19
9.597760000000000218e+03 -3.077230178199671448e-20
9.601319999999999709e+03 1.438417670846631606e-18
9.604879999999999200e+03 8.702534709093008873e-19
9.608440000000000509e+03 4.478808725655565041e-19
9.612000000000000000e+03 7.667958710760503637e-19
9.615559999999999491e+03 5.980618945130712854e-19
9.619120000000000800e+03 8.698193438660882480e-19
9.622680000000000291e+03 8.037319470566581478e-19
9.626239999999999782e+03 6.714619994738041750e-19
9.629799999999999272e+03 1.032572739022548693e-18
9.633360000000000582e+03 7.290577326127929147e-19
9.636920000000000073e+03 6.547854454822217241e-19
9.640479999999999563e+03 4.959014361234890147e-19
9.644040000000000873e+03 8.745530879394794507e-19
9.647600000000000364e+03 1.173743909536265449e-18
9.651159999999999854e+03 6.003928946312724079e-19
9.654719999999999345e+03 8.358114350481688989e-19
9.658280000000000655e+03 6.834695524963286104e-19
9.661840000000000146e+03 6.024591680981828585e-19
9.665399999999999636e+03 8.444032308239185084e-19
9.668959999999999127e+03 9.856946105942244816e-19
9.672520000000000437e+03 1.095007640212232769e-18
9.676079999999999927e+03 1.319542930349046500e-18
9.679639999999999418e+03 7.634749785861343153e-19
9.683200000000000728e+03 1.037408569650877661e-18
9.686760000000000218e+03 1.173537181047312510e-18
9.690319999999999709e+03 1.868257637938571077e-18
9.693879999999999200e+03 2.020562202488672020e-18
9.697440000000000509e+03 2.070783109879059997e-18
9.701000000000000000e+03 1.800265899770647524e-18
9.704559999999999491e+03 1.559492484631163077e-18
9.708120000000000800e+03 1.178069850334569352e-18
9.711680000000000291e+03 1.230667634000562945e-18
9.715239999999999782e+03 1.087706102820720834e-18
9.718799999999999272e+03 1.143045866600387757e-18
9.722360000000000582e+03 1.207925602716818703e-18
9.725920000000000073e+03 9.877661513122856528e-19
9.729479999999999563e+03 9.176268089112421141e-19
9.733040000000000873e+03 6.773778772776677971e-19
9.736600000000000364e+03 8.293945622627661157e-19
9.740159999999999854e+03 9.963905790631772444e-19
9.743719999999999345e+03 7.364040779092617037e-19
9.747280000000000655e+03 8.029096260242999667e-19
9.750840000000000146e+03 8.138795317702142715e-19
9.754399999999999636e+03 8.654959078519886846e-19
9.757959999999999127e+03 8.802150801604815824e-19
9.761520000000000437e+03 8.517635129305381946e-19
9.765079999999999927e+03 5.334074894159303550e-19
9.768639999999999418e+03 6.866699853980082123e-19
9.772200000000000728e+03 9.619465041680056099e-19
9.775760000000000218e+03 8.546377705135066466e-19
9.779319999999999709e+03 8.575625734524395027e-19
9.782879999999999200e+03 9.220252166207967688e-19
9.786440000000000509e+03 7.615152026372951903e-19
9.790000000000000000e+03 7.852450143330509226e-19
9.793559999999999491e+03 6.115084833368246273e-19
9.797120000000000800e+03 7.946275401852218668e-19
9.800680000000000291e+03 8.982167074558068129e-19
9.804239999999999782e+03 6.603039647781956993e-19
9.807799999999999272e+03 7.579731451312181543e-19
9.811360000000000582e+03 6.335215763404202414e-19
9.814920000000000073e+03 7.603432018064281772e-19
9.818479999999999563e+03 6.681379811206895844e-19
9.822040000000000873e+03 6.736491972724830282e-19
9.825600000000000364e+03 6.923171500375243299e-19
9.829159999999999854e+03 8.736716383913708944e-19
9.832719999999999345e+03 8.509414213771702299e-19
9.836280000000000655e+03 6.174071410305306359e-19
9.839840000000000146e+03 7.006286248780768293e-19
9.843399999999999636e+03 9.213466507511004787e-19
9.846959999999999127e+03 7.083352570683934756e-19
9.850520000000000437e+03 6.503395301070592122e-19
9.854079999999999927e+03 7.279752900883085838e-19
9.857639999999999418e+03 8.813212685246098531e-19
9.861200000000000728e+03 6.904781916079424760e-19
9.864760000000000218e+03 7.331786207642683894e-19
9.868319999999999709e+03 7.237276990678947484e-19
9.871879999999999200e+03 6.911216367486330178e-19
9.875440000000000509e+03 8.220765313716931472e-19
9.879000000000000000e+03 7.792318170941873746e-19
9.882559999999999491e+03 7.143873644084358322e-19
9.886120000000000800e+03 6.845669334881028080e-19
9.889680000000000291e+03 7.082685823161551781e-19
9.893239999999999782e+03 8.003533822638282594e-19
9.896799999999999272e+03 6.675033091336669850e-19
9.900360000000000582e+03 4.898504048889069643e-19
9.903920000000000073e+03 5.479009659540168044e-19
9.907479999999999563e+03 6.429030291738932384e-19
9.911040000000000873e+03 8.624889928542043228e-19
9.914600000000000364e+03 7.587047798760951009e-19
9.918159999999999854e+03 6.176032788375168635e-19
9.921719999999999345e+03 8.060430876261058121e-19
9.925280000000000655e+03 6.991128225279975213e-19
9.928840000000000146e+03 5.101851551463556330e-19
9.932399999999999636e+03 6.374226486361645651e-19
9.935959999999999127e+03 8.250019749151167755e-19
9.939520000000000437e+03 7.615502560744256819e-19
9.943079999999999927e+03 7.228159427304412539e-19
9.946639999999999418e+03 5.595876202220548346e-19
9.950200000000000728e+03 4.574143535801497631e-19
9.953760000000000218e+03 7.760056446034948068e-19
9.957319999999999709e+03 8.661416297576988473e-19
9.960880000000001019e+03 6.170535001405658728e-19
9.964440000000000509e+03 6.853458830869904948e-19
9.968000000000000000e+03 8.423787157433851963e-19
9.971559999999999491e+03 8.958936434706529114e-19
9.975120000000000800e+03 7.432517523285133263e-19
9.978680000000000291e+03 5.575269745378007180e-19
9.982239999999999782e+03 5.349792812792186659e-19
9.985799999999999272e+03 6.581512940204713357e-19
9.989360000000000582e+03 5.754184963838145770e-19
9.992920000000000073e+03 5.335738813800098689e-19
9.996479999999999563e+03 7.082319907733572740e-19
1.000004000000000087e+04 6.776905787431539522e-19
1.000360000000000036e+04 7.385373562385329466e-19
1.000715999999999985e+04 7.028995897863358219e-19
1.001071999999999935e+04 7.563240804401647109e-19
1.001428000000000065e+04 6.985076567025667172e-19
1.001784000000000015e+04 4.617076129812506017e-19
1.002139999999999964e+04 5.756197040022848553e-19
1.002495999999999913e+04 6.125848642733464431e-19
1.002852000000000044e+04 5.737436310896089282e-19
1.003207999999999993e+04 4.720658621130006728e-19
1.003563999999999942e+04 6.702739144851051180e-19
1.003920000000000073e+04 4.945573345330255718e-19
1.004276000000000022e+04 6.209489821525517115e-19
1.004631999999999971e+04 5.586633795017048868e-19
1.004988000000000102e+04 5.174920165209125784e-19
1.005344000000000051e+04 7.087155221486476030e-19
1.005700000000000000e+04 7.155541881962267517e-19
1.006055999999999949e+04 7.272860313008407996e-19
1.006412000000000080e+04 6.696861213215090715e-19
1.006768000000000029e+04 7.077921247622365270e-19
1.007123999999999978e+04 6.783609712460805357e-19
1.007479999999999927e+04 7.589060204345465012e-19
1.007836000000000058e+04 8.482640935564767793e-19
1.008192000000000007e+04 7.286729474296177801e-19
1.008547999999999956e+04 7.216250622259581483e-19
1.008904000000000087e+04 4.952841087661550985e-19
1.009260000000000036e+04 4.880253463014160662e-19
1.009615999999999985e+04 7.276308482527033548e-19
1.009971999999999935e+04 6.284004534134017103e-19
1.010328000000000065e+04 8.126543237303779011e-19
1.010684000000000015e+04 6.528240905789618741e-19
1.011039999999999964e+04 5.905353857239772942e-19
1.011395999999999913e+04 7.966208574151437040e-19
1.011752000000000044e+04 6.690499581159418750e-19
1.012107999999999993e+04 7.156223138766200172e-19
1.012463999999999942e+04 5.853266970103915639e-19
1.012820000000000073e+04 5.909841807716487523e-19
1.013176000000000022e+04 6.417123970365105000e-19
1.013531999999999971e+04 7.122825487003601738e-19
1.013888000000000102e+04 7.039663760420677458e-19
1.014244000000000051e+04 6.887673868660889596e-19
1.014600000000000000e+04 4.869258635946753865e-19
1.014955999999999949e+04 6.988424357969807275e-19
1.015312000000000080e+04 7.141033180656787316e-19
1.015668000000000029e+04 6.519368425925852879e-19
1.016023999999999978e+04 6.972915465631748006e-19
1.016379999999999927e+04 5.942423540323179787e-19
1.016736000000000058e+04 5.865436195073349496e-19
1.017092000000000007e+04 4.053011224246502841e-19
1.017447999999999956e+04 5.652214754901233420e-19
1.017804000000000087e+04 5.966558275979690679e-19
1.018160000000000036e+04 7.470875130050898097e-19
1.018515999999999985e+04 7.411702965014154143e-19
1.018871999999999935e+04 6.977282544577743310e-19
1.019228000000000065e+04 5.683554515012111046e-19
1.019584000000000015e+04 5.283965954062361898e-19
1.019939999999999964e+04 5.631397563100144687e-19
1.020295999999999913e+04 5.263960831007896181e-19
1.020652000000000044e+04 5.237862030848815091e-19
1.021007999999999993e+04 5.798751227830070580e-19
1.021363999999999942e+04 5.835915241165923393e-19
1.021720000000000073e+04 6.764759578436967264e-19
1.022076000000000022e+04 7.393442844351647526e-19
1.022431999999999971e+04 6.464456735073745072e-19
1.022788000000000102e+04 5.194122477884286406e-19
1.023144000000000051e+04 6.560910570590324433e-19
1.023500000000000000e+04 7.548759726570076964e-19
1.023855999999999949e+04 6.760135292607498073e-19
1.024212000000000080e+04 6.186177030040350133e-19
1.024568000000000029e+04 6.227428244482297534e-19
1.024923999999999978e+04 6.233971210805391505e-19
1.025279999999999927e+04 6.123611903711291649e-19
1.025636000000000058e+04 7.292694720323821165e-19
1.025992000000000007e+04 6.869245922619906663e-19
1.026347999999999956e+04 5.797549734954380997e-19
1.026704000000000087e+04 5.765077449996443809e-19
1.027060000000000036e+04 7.627125468765985293e-19
1.027415999999999985e+04 6.461962119521334218e-19
1.027771999999999935e+04 5.932962239953421568e-19
1.028128000000000065e+04 6.826017767164665281e-19
1.028484000000000015e+04 7.421399444125478878e-19
1.028839999999999964e+04 7.055557860533636446e-19
1.029195999999999913e+04 6.531028657644744670e-19
1.029552000000000044e+04 5.529198214395808536e-19
1.029907999999999993e+04 7.099760222224610540e-19
1.030263999999999942e+04 5.813520384341995124e-19
1.030620000000000073e+04 6.768328043507766089e-19
1.030976000000000022e+04 5.896662840277042148e-19
1.031331999999999971e+04 7.529586431124197511e-19
1.031688000000000102e+04 7.091074633963871942e-19
1.032044000000000051e+04 6.316380389351297806e-19
1.032400000000000000e+04 6.724277119686940445e-19
1.032755999999999949e+04 6.765054389286990957e-19
1.033112000000000080e+04 4.965678730291383086e-19
1.033468000000000029e+04 6.938174546569012361e-19
1.033823999999999978e+04 6.114207436161719731e-19
1.034179999999999927e+04 5.189947497133744907e-19
1.034536000000000058e+04 7.001594986365680088e-19
1.034892000000000007e+04 6.458091859436909731e-19
1.035247999999999956e+04 8.196316901639975198e-19
1.035604000000000087e+04 7.132708484365269401e-19
1.035960000000000036e+04 6.748704920173942249e-19
1.036315999999999985e+04 6.709308218863994813e-19
1.036671999999999935e+04 6.267848379306297651e-19
1.037028000000000065e+04 6.118629728532117717e-19
1.037384000000000015e+04 7.565737866499120987e-19
1.037739999999999964e+04 7.332682585381077178e-19
1.038095999999999913e+04 6.600174724471889817e-19
1.038452000000000044e+04 5.578414791816653609e-19
1.038807999999999993e+04 6.240080383043008133e-19
1.039163999999999942e+04 6.072858249907612009e-19
1.039520000000000073e+04 5.544039280665164661e-19
1.039876000000000022e+04 6.045050788062813381e-19
1.040231999999999971e+04 5.816423707312535731e-19
1.040588000000000102e+04 6.430468826029893110e-19
1.040944000000000051e+04 5.139877138921055638e-19
1.041300000000000000e+04 5.930642166936350409e-19
1.041655999999999949e+04 6.767155806592276529e-19
1.042012000000000080e+04 6.327664098953673580e-19
1.042368000000000029e+04 6.626393296709334023e-19
1.042723999999999978e+04 5.408809814368464037e-19
1.043079999999999927e+04 6.073910913450848312e-19
1.043436000000000058e+04 5.864400489174032428e-19
1.043792000000000007e+04 6.655966764548893418e-19
1.044147999999999956e+04 6.799734853428462994e-19
1.044504000000000087e+04 7.012603934155897538e-19
1.044860000000000036e+04 6.307904594885641330e-19
1.045215999999999985e+04 6.285606726501289126e-19
1.045571999999999935e+04 6.121495378530853280e-19
1.045928000000000065e+04 5.446452473921976735e-19
1.046284000000000015e+04 6.061865306445858253e-19
1.046639999999999964e+04 6.285677272578784272e-19
1.046995999999999913e+04 4.951012757792799255e-19
1.047352000000000044e+04 4.472084662434055223e-19
1.047707999999999993e+04 6.508558528456164799e-19
1.048063999999999942e+04 6.869140498131035188e-19
1.048420000000000073e+04 6.051747550236358849e-19
1.048776000000000022e+04 5.915464082190508564e-19
1.049131999999999971e+04 4.941100409155319136e-19
1.049488000000000102e+04 5.749783662359179742e-19
1.049844000000000051e+04 7.300969636144418945e-19
1.050200000000000000e+04 5.422729082267600322e-19
1.050555999999999949e+04 5.560442562982762857e-19
1.050912000000000080e+04 5.581072644581440292e-19
1.051268000000000029e+04 6.483058503457558126e-19
1.051623999999999978e+04 8.271662888096188693e-19
1.051979999999999927e+04 5.798820531444311840e-19
1.052336000000000058e+04 6.355196801130026061e-19
1.052692000000000007e+04 5.192828851330604461e-19
1.053047999999999956e+04 6.638162016506745260e-19
1.053404000000000087e+04 6.711844654582963184e-19
1.053760000000000036e+04 7.088186975284655762e-19
1.054115999999999985e+04 5.812257841238610268e-19
1.054471999999999935e+04 5.951552072843721163e-19
1.054828000000000065e+04 5.046620960081606274e-19
1.055184000000000015e+04 7.089589602607776515e-19
1.055539999999999964e+04 6.402415096111177801e-19
1.055895999999999913e+04 7.122533723390640193e-19
1.056252000000000044e+04 5.536720070228626003e-19
1.056607999999999993e+04 5.655459973717397141e-19
1.056963999999999942e+04 4.856079324554548536e-19
1.057320000000000073e+04 4.895897111228889402e-19
1.057676000000000022e+04 6.936499898610190020e-19
1.058031999999999971e+04 6.112099437468163026e-19
1.058388000000000102e+04 5.597489643896176841e-19
1.058744000000000051e+04 5.184175413116094557e-19
1.059100000000000000e+04 5.514360385685364778e-19
1.059455999999999949e+04 6.357383748359972050e-19
1.059812000000000080e+04 6.738995480731045873e-19
1.060168000000000029e+04 5.839147843630226892e-19
1.060523999999999978e+04 6.254771305907163233e-19
1.060879999999999927e+04 5.722278714034656461e-19
1.061236000000000058e+04 6.090214481678045657e-19
1.061592000000000007e+04 4.976569157647096979e-19
1.061947999999999956e+04 6.481069774142850024e-19
1.062304000000000087e+04 6.493086396346158797e-19
1.062660000000000036e+04 6.933862043074331866e-19
1.063015999999999985e+04 6.996617775557475745e-19
1.063371999999999935e+04 6.246477553045562254e-19
1.063728000000000065e+04 6.518436598047584130e-19
1.064084000000000015e+04 6.805225402877298746e-19
1.064439999999999964e+04 3.707169222888685514e-19
1.064795999999999913e+04 3.633599943429345880e-19
1.065152000000000044e+04 7.187396727708278626e-19
1.065507999999999993e+04 6.684076550015277688e-19
1.065863999999999942e+04 5.473632850256920908e-19
1.066220000000000073e+04 5.613703098090784563e-19
1.066576000000000022e+04 5.309962325272144608e-19
1.066931999999999971e+04 4.365854305583865270e-19
1.067288000000000102e+04 5.705591979994997962e-19
1.067644000000000051e+04 6.423123437256533903e-19
1.068000000000000000e+04 5.637213239738143379e-19
1.068355999999999949e+04 5.554084384867569184e-19
1.068712000000000080e+04 5.385876985857928808e-19
1.069068000000000029e+04 6.441277865319950594e-19
1.069423999999999978e+04 5.503754858551593785e-19
1.069779999999999927e+04 5.549593273663646176e-19
1.070136000000000058e+04 5.795040035091658367e-19
1.070492000000000007e+04 6.418607271438513444e-19
1.070847999999999956e+04 6.038205381420117165e-19
1.071204000000000087e+04 5.291656563287587913e-19
1.071560000000000036e+04 6.081715466810351339e-19
1.071915999999999985e+04 5.938959865767325351e-19
1.072271999999999935e+04 5.512330480119544691e-19
1.072628000000000065e+04 5.695276470953685366e-19
1.072984000000000015e+04 4.814696807096524666e-19
1.073339999999999964e+04 6.260633045695729263e-19
1.073695999999999913e+04 6.745335486191210221e-19
1.074052000000000044e+04 6.119146122068668438e-19
1.074407999999999993e+04 6.703808430614097226e-19
1.074763999999999942e+04 5.744396202799803054e-19
1.075120000000000073e+04 5.248793552669065285e-19
1.075476000000000022e+04 5.736733802638049449e-19
1.075831999999999971e+04 5.885340249038225817e-19
1.076188000000000102e+04 5.422127351030153000e-19
1.076544000000000051e+04 4.833696634543875783e-19
1.076900000000000000e+04 5.102907471622202095e-19
1.077255999999999949e+04 5.852543601185425131e-19
1.077612000000000080e+04 6.001555009558865551e-19
1.077968000000000029e+04 6.218180105458201920e-19
1.078323999999999978e+04 6.401134092598498850e-19
1.078679999999999927e+04 5.017689396003034940e-19
1.079036000000000058e+04 5.530214838950836295e-19
1.079392000000000007e+04 5.795507053060770453e-19
1.079747999999999956e+04 6.161475416854660261e-19
1.080104000000000087e+04 5.627645219209398265e-19
1.080460000000000036e+04 4.926764924208515853e-19
1.080815999999999985e+04 5.432761440903718275e-19
1.081171999999999935e+04 6.171068923748159825e-19
1.081528000000000065e+04 6.521031966868536456e-19
1.081884000000000015e+04 5.915181413692778610e-19
1.082239999999999964e+04 5.608704371509952281e-19
1.082595999999999913e+04 5.453586526647788644e-19
1.082952000000000044e+04 5.088679172860094739e-19
1.083307999999999993e+04 6.749443827955882441e-19
1.083663999999999942e+04 7.911673253386584114e-19
1.084020000000000073e+04 6.618941371728773810e-19
1.084376000000000022e+04 6.463173372949624274e-19
1.084731999999999971e+04 7.348242604054198288e-19
1.085088000000000102e+04 5.929317938258224478e-19
1.085444000000000051e+04 5.729008792242289166e-19
1.085800000000000000e+04 5.703039687488695741e-19
1.086155999999999949e+04 6.161025340694091999e-19
1.086512000000000080e+04 5.333381024563466990e-19
1.086868000000000029e+04 6.080327247667356503e-19
1.087223999999999978e+04 5.819566831746869445e-19
1.087579999999999927e+04 4.997941627531013507e-19
1.087936000000000058e+04 5.268275026682773491e-19
1.088292000000000007e+04 5.158374510691845885e-19
1.088647999999999956e+04 4.130517656672352773e-19
1.089004000000000087e+04 6.189988464477298796e-19
1.089360000000000036e+04 5.384394455678444393e-19
1.089715999999999985e+04 5.788324678112316828e-19
1.090071999999999935e+04 5.872829582034675430e-19
1.090428000000000065e+04 5.648029276118581064e-19
1.090784000000000015e+04 6.263835623198102139e-19
1.091139999999999964e+04 5.709893764275792696e-19
1.091495999999999913e+04 6.404115134774611589e-19
1.091852000000000044e+04 4.561930459699421822e-19
1.092207999999999993e+04 5.084165175978846739e-19
1.092563999999999942e+04 4.998126777227127238e-19
1.092920000000000073e+04 4.759651911665963660e-19
1.093276000000000022e+04 3.969370743300402290e-19
1.093631999999999971e+04 4.720925835020874577e-19
1.093988000000000102e+04 5.401370002566945507e-19
1.094344000000000051e+04 5.282556865416916160e-19
1.094700000000000000e+04 6.666106461622559272e-19
1.095055999999999949e+04 7.144356914262867159e-19
1.095411999999999898e+04 5.813065897136037123e-19
1.095768000000000029e+04 5.889111314928605255e-19
1.096123999999999978e+04 6.411159336010189820e-19
1.096479999999999927e+04 6.493345236285150506e-19
1.096836000000000058e+04 6.165874348339863361e-19
1.097192000000000007e+04 4.884606868428933786e-19
1.097547999999999956e+04 4.120911209359628708e-19
1.097904000000000087e+04 5.244325878733741426e-19
1.098260000000000036e+04 6.630746589211654147e-19
1.098615999999999985e+04 6.286828288354642942e-19
1.098972000000000116e+04 5.250013617684476905e-19
1.099328000000000065e+04 5.680105885535049938e-19
1.099684000000000015e+04 5.611896967349426818e-19
1.100039999999999964e+04 6.321985553947314863e-19
1.100395999999999913e+04 5.344568351125722015e-19
1.100752000000000044e+04 5.296771652684273426e-19
1.101107999999999993e+04 5.453880037448914149e-19
1.101463999999999942e+04 6.522276080146451548e-19
1.101820000000000073e+04 5.138852452584693826e-19
1.102176000000000022e+04 5.054260742309134497e-19
1.102531999999999971e+04 5.550244800806680059e-19
1.102888000000000102e+04 5.953745670457016909e-19
1.103244000000000051e+04 6.708978236233645268e-19
1.103600000000000000e+04 5.404143297600332399e-19
1.103955999999999949e+04 4.478999020065421609e-19
1.104311999999999898e+04 6.174376405360718478e-19
1.104668000000000029e+04 6.115670647636386619e-19
1.105023999999999978e+04 5.712946129454753638e-19
1.105379999999999927e+04 5.454396671428290852e-19
1.105736000000000058e+04 5.330761611594312740e-19
1.106092000000000007e+04 5.006532854721830873e-19
1.106447999999999956e+04 5.621036790067767390e-19
1.106804000000000087e+04 7.598401703054078315e-19
1.107160000000000036e+04 5.398623702119547011e-19
1.107515999999999985e+04 4.395573902421920352e-19
1.107872000000000116e+04 6.877743976776927861e-19
1.108228000000000065e+04 5.460207737515337388e-19
1.108584000000000015e+04 5.354429885685751745e-19
1.108939999999999964e+04 4.844028304051731633e-19
1.109295999999999913e+04 5.852037263168270258e-19
1.109652000000000044e+04 5.761927085639457520e-19
1.110007999999999993e+04 4.413891340054717450e-19
1.110363999999999942e+04 3.506066516306438957e-19
1.110720000000000073e+04 5.210151278332840681e-19
1.111076000000000022e+04 3.917071294353092831e-19
1.111431999999999971e+04 5.172103259142510353e-19
1.111788000000000102e+04 7.036331293297114797e-19
1.112144000000000051e+04 5.132084727634575915e-19
1.112500000000000000e+04 4.152512747312430139e-19
1.112855999999999949e+04 4.043405144409100774e-19
1.113211999999999898e+04 5.697642689339997338e-19
1.113568000000000029e+04 5.353057558024258851e-19
1.113923999999999978e+04 6.812560548888546310e-19
1.114279999999999927e+04 7.817148384393699677e-19
1.114636000000000058e+04 5.947724021541820301e-19
1.114992000000000007e+04 3.679719795199846543e-19
1.115347999999999956e+04 4.915537222553634834e-19
1.115704000000000087e+04 7.544846186137575766e-19
1.116060000000000036e+04 3.530594021559212008e-19
1.116415999999999985e+04 3.489515958557185109e-19
1.116772000000000116e+04 5.397865958640238275e-19
1.117128000000000065e+04 4.812693112665852079e-19
1.117484000000000015e+04 9.762664126776151961e-19
1.117839999999999964e+04 6.151795965547550855e-19
1.118195999999999913e+04 3.693020810828695484e-19
1.118552000000000044e+04 4.701516969425432229e-19
1.118907999999999993e+04 3.736496138796914995e-19
1.119263999999999942e+04 5.019400239483437692e-19
1.119620000000000073e+04 4.943176398953999808e-19
1.119976000000000022e+04 7.182899370831903033e-19
1.120331999999999971e+04 6.944398392141411703e-19
1.120688000000000102e+04 7.976233946203871827e-19
1.121044000000000051e+04 4.694303459165405603e-19
1.121400000000000000e+04 1.775470184821764478e-19
1.121755999999999949e+04 3.663347179002553231e-19
1.122111999999999898e+04 2.026672682168944029e-19
1.122468000000000029e+04 3.906250786816117391e-19
1.122823999999999978e+04 1.454464772187927945e-18
1.123179999999999927e+04 1.021915118551714471e-18
1.123536000000000058e+04 2.279141231156399013e-19
1.123892000000000007e+04 5.740883925622855184e-19
1.124247999999999956e+04 7.005036272801552723e-19
1.124604000000000087e+04 4.990605793529152670e-19
1.124960000000000036e+04 2.293967113222857935e-19
1.125315999999999985e+04 9.166069873218507307e-20
1.125672000000000116e+04 3.355078494838215648e-19
1.126028000000000065e+04 7.419634912821017726e-19
1.126384000000000015e+04 1.269911086134617434e-18
1.126739999999999964e+04 9.932503700206671157e-19
1.127095999999999913e+04 3.785300968598983552e-19
1.127452000000000044e+04 2.373651531386064884e-19
1.127807999999999993e+04 3.090934737173564587e-19
1.128163999999999942e+04 8.085335390086843961e-19
1.128520000000000073e+04 6.711553502043022201e-19
1.128876000000000022e+04 5.123680319529044579e-19
1.129231999999999971e+04 3.468239466100498758e-19
1.129588000000000102e+04 1.106253517556352862e-19
1.129944000000000051e+04 6.549156962699067217e-19
1.130300000000000000e+04 1.600608858409136660e-18
1.130655999999999949e+04 8.508664346923717670e-19
1.131011999999999898e+04 6.853105415335765435e-19
1.131368000000000029e+04 4.806772346753179486e-19
1.131723999999999978e+04 8.123714555184661980e-19
1.132079999999999927e+04 3.625864220510327019e-19
1.132436000000000058e+04 5.381962765681420062e-19
1.132792000000000007e+04 2.596213001985116094e-19
1.133147999999999956e+04 4.022456385656261276e-19
1.133504000000000087e+04 1.194192497711604572e-19
1.133860000000000036e+04 3.177405193522197574e-19
1.134215999999999985e+04 4.804550204233379333e-19
1.134572000000000116e+04 1.198581606008373509e-19
1.134928000000000065e+04 5.331703355265101204e-19
1.135284000000000015e+04 1.372239800557312288e-18
1.135639999999999964e+04 3.720349415648137783e-19
1.135995999999999913e+04 4.546153455320683155e-19
1.136352000000000044e+04 8.026300321777416339e-19
1.136707999999999993e+04 8.923084482289667631e-19
1.137063999999999942e+04 5.319310909684988115e-19
1.137420000000000073e+04 4.627145614036310303e-19
1.137776000000000022e+04 5.861938720876496776e-19
1.138131999999999971e+04 4.847339839357844114e-19
1.138488000000000102e+04 7.310017700192486870e-19
1.138844000000000051e+04 7.292994413853359478e-19
1.139200000000000000e+04 6.693759759560923268e-19
1.139555999999999949e+04 3.877832111181950500e-19
1.139911999999999898e+04 4.560383159942142139e-19
1.140268000000000029e+04 4.370373477601940401e-19
1.140623999999999978e+04 4.589862982918677040e-19
1.140979999999999927e+04 6.617299728760248453e-19
1.141336000000000058e+04 5.457992141515752874e-19
1.141692000000000007e+04 6.622477272165974680e-19
1.142047999999999956e+04 4.659908710971249147e-19
1.142404000000000087e+04 3.969657327689876584e-19
1.142760000000000036e+04 6.237287668361293689e-19
1.143115999999999985e+04 5.179479507141108506e-19
1.143472000000000116e+04 2.502993926130845790e-19
1.143828000000000065e+04 4.078929229670606105e-19
1.144184000000000015e+04 5.849684566081265037e-20
1.144539999999999964e+04 7.196687015946128316e-19
1.144895999999999913e+04 9.150542147092732201e-19
1.145252000000000044e+04 4.698809305796886886e-19
1.145607999999999993e+04 4.267883082119978089e-19
1.145963999999999942e+04 5.182173885905484996e-19
1.146320000000000073e+04 3.168687674664593163e-19
1.146676000000000022e+04 3.824808501742148800e-19
1.147031999999999971e+04 6.801553763529759671e-19
1.147388000000000102e+04 6.985944847638535902e-19
1.147744000000000051e+04 9.141337026650387715e-19
1.148100000000000000e+04 4.601199928257749117e-19
1.148455999999999949e+04 3.773292125132127629e-19
1.148811999999999898e+04 4.818905528612142419e-19
1.149168000000000029e+04 4.610729558071545540e-19
1.149523999999999978e+04 3.520200967153200039e-19
1.149879999999999927e+04 4.935670360474749097e-19
1.150236000000000058e+04 7.793948237781062199e-19
1.150592000000000007e+04 7.458684624166603147e-19
1.150947999999999956e+04 4.231235006932451013e-19
1.151304000000000087e+04 2.834808885975731973e-19
1.151660000000000036e+04 2.956643741168148506e-19
1.152015999999999985e+04 5.466803339737977580e-19
1.152372000000000116e+04 2.539371477431906104e-19
1.152728000000000065e+04 5.043521684480408084e-19
1.153084000000000015e+04 7.661593391095489089e-19
1.153439999999999964e+04 4.119158378384720197e-19
1.153795999999999913e+04 3.411423038389714737e-19
1.154152000000000044e+04 3.703708546972202863e-19
1.154507999999999993e+04 5.220959983639418937e-19
1.154863999999999942e+04 6.994829399016477031e-19
1.155220000000000073e+04 5.548773266989223010e-19
1.155576000000000022e+04 4.127092818073227399e-19
1.155931999999999971e+04 6.184951326151747572e-19
1.156288000000000102e+04 5.918841510161743343e-19
1.156644000000000051e+04 9.166862059416616835e-19
1.157000000000000000e+04 7.942348284318850419e-19
1.157355999999999949e+04 5.899619601755637031e-19
1.157711999999999898e+04 6.329732851450276033e-19
1.158068000000000029e+04 4.791575966693307545e-20
1.158423999999999978e+04 7.707731119369118599e-19
1.158779999999999927e+04 5.340479829694262415e-19
1.159136000000000058e+04 6.814187344261717353e-19
1.159492000000000007e+04 5.483858954468831859e-19
1.159847999999999956e+04 5.521164513487209917e-19
1.160204000000000087e+04 4.654503291722182970e-19
1.160560000000000036e+04 4.971792277616836354e-19
1.160915999999999985e+04 6.203832240729759353e-19
1.161272000000000116e+04 7.471481345395056638e-19
1.161628000000000065e+04 5.768226570726123930e-19
1.161984000000000015e+04 4.307207782978603489e-19
1.162339999999999964e+04 4.976332633264516406e-19
1.162695999999999913e+04 6.591445276403055758e-19
1.163052000000000044e+04 6.817028414796004497e-19
1.163407999999999993e+04 5.675596274807740260e-19
1.163763999999999942e+04 5.445441625952972885e-19
1.164120000000000073e+04 5.936977353602554841e-19
1.164476000000000022e+04 6.106013864300301738e-19
1.164831999999999971e+04 6.960521208842638933e-19
1.165188000000000102e+04 7.085348900678054153e-19
1.165544000000000051e+04 3.472849818704685176e-19
1.165900000000000000e+04 4.565602768164058716e-19
1.166255999999999949e+04 4.757880146958027461e-19
1.166611999999999898e+04 6.820481676983494221e-19
1.166968000000000029e+04 5.539775957469436113e-19
1.167323999999999978e+04 5.465081110459129421e-19
1.167679999999999927e+04 5.426674749719130834e-19
1.168036000000000058e+04 6.266119129647468698e-19
1.168392000000000007e+04 5.012907510097728423e-19
1.168747999999999956e+04 3.193381977600262833e-19
1.169104000000000087e+04 5.926201241457637175e-19
1.169460000000000036e+04 6.240376094281314193e-19
1.169815999999999985e+04 4.692376974619543633e-19
1.170172000000000116e+04 5.888219456019294603e-19
1.170528000000000065e+04 6.418221208147264983e-19
1.170884000000000015e+04 7.841020594335866178e-19
1.171239999999999964e+04 6.013545158300814145e-19
1.171595999999999913e+04 6.804939483496005142e-19
1.171952000000000044e+04 7.388534051741838574e-19
1.172307999999999993e+04 7.387195533913494268e-19
1.172663999999999942e+04 7.128574230358285988e-19
1.173020000000000073e+04 6.310260931710780491e-19
1.173376000000000022e+04 6.041964026656010335e-19
1.173731999999999971e+04 6.198788884967553494e-19
1.174088000000000102e+04 6.790220921082363555e-19
1.174444000000000051e+04 5.627014503721099102e-19
1.174800000000000000e+04 4.467745459375177599e-19
1.175155999999999949e+04 6.016539823362986207e-19
1.175511999999999898e+04 6.661120127351058116e-19
1.175868000000000029e+04 7.081738063844995941e-19
1.176223999999999978e+04 6.305460778900083329e-19
1.176579999999999927e+04 6.909108296804532973e-19
1.176936000000000058e+04 5.009929810772398854e-19
1.177292000000000007e+04 4.795755496176216021e-19
1.177647999999999956e+04 4.686488347671079278e-19
1.178004000000000087e+04 7.461634626008422388e-19
1.178360000000000036e+04 6.871234948020564179e-19
1.178715999999999985e+04 5.534808998630875513e-19
1.179072000000000116e+04 6.409152561995196334e-19
1.179428000000000065e+04 6.383230139428953498e-19
1.179784000000000015e+04 5.355700985870288841e-19
1.180139999999999964e+04 7.442026361015445949e-19
1.180495999999999913e+04 6.297848939850744448e-19
1.180852000000000044e+04 6.198689298744318771e-19
1.181207999999999993e+04 5.608414116752654896e-19
1.181563999999999942e+04 3.648504864449725632e-19
1.181920000000000073e+04 6.582901724474602889e-19
1.182276000000000022e+04 7.244944536111742572e-19
1.182631999999999971e+04 6.530513817159970398e-19
1.182988000000000102e+04 5.890938068641456625e-19
1.183344000000000051e+04 6.663024702440080574e-19
1.183700000000000000e+04 6.507091875476982307e-19
1.184055999999999949e+04 5.269356773341066435e-19
1.184411999999999898e+04 4.776556312120258536e-19
1.184768000000000029e+04 6.376475645528838454e-19
1.185123999999999978e+04 7.396265484131950968e-19
1.185479999999999927e+04 6.995163147698226903e-19
1.185836000000000058e+04 6.446914097146701935e-19
1.186192000000000007e+04 6.153693024990575366e-19
1.186547999999999956e+04 4.913180849060877239e-19
1.186904000000000087e+04 4.255838066658429436e-19
1.187260000000000036e+04 5.864274798463966949e-19
1.187615999999999985e+04 5.484287259734595793e-19
1.187972000000000116e+04 6.478021415572352887e-19
1.188328000000000065e+04 7.924419278137043032e-19
1.188684000000000015e+04 5.457983139746994570e-19
1.189039999999999964e+04 5.058407680698324744e-19
1.189395999999999913e+04 5.495626450270207593e-19
1.189752000000000044e+04 5.447216482565447171e-19
1.190107999999999993e+04 4.978907071193975816e-19
1.190463999999999942e+04 6.054898359259886344e-19
1.190820000000000073e+04 6.364935280899798614e-19
1.191176000000000022e+04 6.284643202699901212e-19
1.191531999999999971e+04 5.368588162795348541e-19
1.191888000000000102e+04 4.302340559416866724e-19
1.192244000000000051e+04 5.761690508777834930e-19
1.192600000000000000e+04 5.774064082697015549e-19
1.192955999999999949e+04 5.477990086986791569e-19
1.193311999999999898e+04 4.091844690374158959e-19
1.193668000000000029e+04 4.579068968846044627e-19
1.194023999999999978e+04 5.829707643640264931e-19
1.194379999999999927e+04 6.545036846182744481e-19
1.194736000000000058e+04 6.814254464073390321e-19
1.195092000000000007e+04 6.179873241881998159e-19
1.195447999999999956e+04 5.543139728128651369e-19
1.195804000000000087e+04 5.057967585076628181e-19
1.196160000000000036e+04 6.117198049368331874e-19
1.196515999999999985e+04 6.640711810429064619e-19
1.196872000000000116e+04 7.507016704403292432e-19
1.197228000000000065e+04 6.914291877436738936e-19
1.197584000000000015e+04 6.273442531153016484e-19
1.197939999999999964e+04 5.818673628495765521e-19
1.198295999999999913e+04 4.709261855053229826e-19
1.198652000000000044e+04 5.274636573195077636e-19
1.199007999999999993e+04 6.639924772947251965e-19
1.199363999999999942e+04 6.862196880950862328e-19
1.199720000000000073e+04 6.057562020429124214e-19
1.200076000000000022e+04 5.493289664094189762e-19
1.200431999999999971e+04 3.613903458698017124e-19
1.200788000000000102e+04 5.457949715560983377e-19
1.201144000000000051e+04 5.091212440354944152e-19
1.201500000000000000e+04 5.589466050085337615e-19
1.201855999999999949e+04 5.479721377859550266e-19
1.202211999999999898e+04 5.811178199014613495e-19
1.202568000000000029e+04 7.027896197014254369e-19
1.202923999999999978e+04 4.718135375938425562e-19
1.203279999999999927e+04 4.480956841442807868e-19
1.203636000000000058e+04 4.835783726711973227e-19
1.203992000000000007e+04 6.342466416590936513e-19
1.204347999999999956e+04 5.467043714720791485e-19
1.204704000000000087e+04 5.866577465425602075e-19
1.205060000000000036e+04 4.061455017858696099e-19
1.205415999999999985e+04 4.928257575330759659e-19
1.205772000000000116e+04 5.794833243057814989e-19
1.206128000000000065e+04 4.330930458999316470e-19
1.206484000000000015e+04 3.775258550325334639e-19
1.206839999999999964e+04 4.982750877865971808e-19
1.207195999999999913e+04 5.289022804174050072e-19
1.207552000000000044e+04 6.205323881622097606e-19
1.207907999999999993e+04 7.278735927049679085e-19
1.208263999999999942e+04 6.874306394080345168e-19
1.208620000000000073e+04 4.885787043362779760e-19
1.208976000000000022e+04 5.016171053582891684e-19
1.209331999999999971e+04 5.721824360445850734e-19
1.209688000000000102e+04 5.590986115871601645e-19
1.210044000000000051e+04 5.600933381596657754e-19
1.210400000000000000e+04 6.413773035339179942e-19
1.210755999999999949e+04 6.106677749448537987e-19
1.211111999999999898e+04 4.765411212299676534e-19
1.211468000000000029e+04 5.525044163556925761e-19
1.211823999999999978e+04 6.812328943450241432e-19
1.212179999999999927e+04 3.941352225858333413e-19
1.212536000000000058e+04 5.807513184786050131e-19
1.212892000000000007e+04 4.954078282171925668e-19
1.213247999999999956e+04 4.871174434386584784e-19
1.213604000000000087e+04 5.191760565346473495e-19
1.213960000000000036e+04 6.477236332373660299e-19
1.214315999999999985e+04 6.025353639404009670e-19
1.214672000000000116e+04 6.476786120918234263e-19
1.215028000000000065e+04 5.356983350766591955e-19
1.215384000000000015e+04 7.023744747888525339e-19
1.215739999999999964e+04 4.619584120837375816e-19
1.216095999999999913e+04 6.239129944817965554e-19
1.216452000000000044e+04 5.708686713738706583e-19
1.216807999999999993e+04 6.003017686601550679e-19
1.217163999999999942e+04 7.174922011670207643e-19
1.217520000000000073e+04 6.911041774001238917e-19
1.217876000000000022e+04 5.545556903241037293e-19
1.218231999999999971e+04 4.827227085156390645e-19
1.218588000000000102e+04 5.256425759463755852e-19
1.218944000000000051e+04 5.959767535777629196e-19
1.219300000000000000e+04 6.166792434843189782e-19
1.219655999999999949e+04 6.068870387864740888e-19
1.220011999999999898e+04 5.863020357117361630e-19
1.220368000000000029e+04 4.474049675151476985e-19
1.220723999999999978e+04 5.389547713110052495e-19
1.221079999999999927e+04 6.314731571403398193e-19
1.221436000000000058e+04 5.876279390990717008e-19
1.221792000000000007e+04 4.790716475452510129e-19
1.222147999999999956e+04 5.872679805776110459e-19
1.222504000000000087e+04 4.545343165045722410e-19
1.222860000000000036e+04 6.177710145962549072e-19
1.223215999999999985e+04 7.436592505732329195e-19
1.223572000000000116e+04 5.648238964566480638e-19
1.223928000000000065e+04 5.763789954277231136e-19
1.224284000000000015e+04 6.202283357217888196e-19
1.224639999999999964e+04 5.990716974797526888e-19
1.224995999999999913e+04 5.075321104785617026e-19
1.225352000000000044e+04 6.117640831326108601e-19
1.225707999999999993e+04 5.066377257337487052e-19
1.226063999999999942e+04 6.054958269306959958e-19
1.226420000000000073e+04 7.250181097384818061e-19
1.226776000000000022e+04 5.201681928021244850e-19
1.227131999999999971e+04 5.701135796992790134e-19
1.227488000000000102e+04 6.240281830460506168e-19
1.227844000000000051e+04 4.797775933404832085e-19
1.228200000000000000e+04 5.654380556023156998e-19
1.228555999999999949e+04 4.984773037633700846e-19
1.228911999999999898e+04 4.527292435705958229e-19
1.229268000000000029e+04 5.939549982917927681e-19
1.229623999999999978e+04 6.081068443734175952e-19
1.229979999999999927e+04 7.037663637117665749e-19
1.230336000000000058e+04 6.064346250452280107e-19
1.230692000000000007e+04 6.214188740145955879e-19
1.231047999999999956e+04 6.531044768119363913e-19
1.231404000000000087e+04 5.954060915135386837e-19
1.231760000000000036e+04 5.444526127304728924e-19
1.232115999999999985e+04 4.082356850042524623e-19
1.232472000000000116e+04 6.393124828936087616e-19
1.232828000000000065e+04 5.877965327738247308e-19
1.233184000000000015e+04 5.254508935420092933e-19
1.233539999999999964e+04 4.927282450910635744e-19
1.233895999999999913e+04 5.015503640061251691e-19
1.234252000000000044e+04 6.498071840363067247e-19
1.234607999999999993e+04 4.997023043719779748e-19
1.234963999999999942e+04 5.677538075002327953e-19
1.235320000000000073e+04 6.394859647807180015e-19
1.235676000000000022e+04 6.702353471709289582e-19
1.236031999999999971e+04 5.954213949974233517e-19
1.236388000000000102e+04 5.381698528190585966e-19
1.236744000000000051e+04 4.607519726637181450e-19
1.237100000000000000e+04 5.456712428322203883e-19
1.237455999999999949e+04 5.422030067299330734e-19
1.237811999999999898e+04 4.958168728775203703e-19
1.238168000000000029e+04 5.948895763931984181e-19
1.238523999999999978e+04 5.564939071809356250e-19
1.238879999999999927e+04 4.959499554381068598e-19
1.239236000000000058e+04 5.830656322879117230e-19
1.239592000000000007e+04 5.827805353469524928e-19
1.239947999999999956e+04 6.331757674671340230e-19
1.240304000000000087e+04 6.611538278174257398e-19
1.240660000000000036e+04 5.533699963628938061e-19
1.241015999999999985e+04 5.061899532583251671e-19
1.241372000000000116e+04 6.044177330356282178e-19
1.241728000000000065e+04 5.804184789704346988e-19
1.242084000000000015e+04 5.868564189256161504e-19
1.242439999999999964e+04 4.571694354625387359e-19
1.242795999999999913e+04 5.027587021279131293e-19
1.243152000000000044e+04 7.015485128655974031e-19
1.243507999999999993e+04 6.802002144807702812e-19
1.243863999999999942e+04 7.242326683195987750e-19
1.244220000000000073e+04 5.621424777489293298e-19
1.244576000000000022e+04 6.396386112478724533e-19
1.244931999999999971e+04 6.646603705861980533e-19
1.245288000000000102e+04 5.643114671767540407e-19
1.245644000000000051e+04 4.723964906989185103e-19
1.246000000000000000e+04 5.432210968869070099e-19
1.246355999999999949e+04 6.282409393433573378e-19
1.246711999999999898e+04 6.512741287129585190e-19
1.247068000000000029e+04 5.390012445967417648e-19
1.247423999999999978e+04 6.051550410771935229e-19
1.247779999999999927e+04 5.635607099760402725e-19
1.248136000000000058e+04 5.326300904031559730e-19
1.248492000000000007e+04 5.581620342550975776e-19
1.248847999999999956e+04 6.245375301501744517e-19
1.249204000000000087e+04 6.565249429907638616e-19
1.249560000000000036e+04 6.411556495267543396e-19
1.249915999999999985e+04 5.056323690220078397e-19
1.250272000000000116e+04 4.977485382894566252e-19
1.250628000000000065e+04 6.429120754742750803e-19
1.250984000000000015e+04 6.097383300549904912e-19
1.251339999999999964e+04 5.031391329020544593e-19
1.251695999999999913e+04 5.804570350391480911e-19
1.252052000000000044e+04 4.204541061477503310e-19
1.252407999999999993e+04 2.431062315276329431e-19
1.252763999999999942e+04 4.831990323034415008e-19
1.253120000000000073e+04 3.928641927041878555e-19
1.253476000000000022e+04 5.998791744264599680e-19
1.253831999999999971e+04 5.389379529682061550e-19
1.254188000000000102e+04 5.809052287405451412e-19
1.254544000000000051e+04 6.344770622030953681e-19
1.254900000000000000e+04 6.432440836740590290e-19
1.255255999999999949e+04 6.943071850368369933e-19
1.255611999999999898e+04 6.153627848777003576e-19
1.255968000000000029e+04 5.681972330196276350e-19
1.256323999999999978e+04 6.155618179618003714e-19
1.256679999999999927e+04 5.651571102806301378e-19
1.257036000000000058e+04 4.850169979101072632e-19
1.257392000000000007e+04 4.818107921123012140e-19
1.257747999999999956e+04 8.427705602389488840e-19
1.258104000000000087e+04 8.881515644417043470e-19
1.258460000000000036e+04 6.190908620069597343e-19
1.258815999999999985e+04 6.405881004792326120e-19
1.259172000000000116e+04 6.405311643656841233e-19
1.259528000000000065e+04 6.372668133015691495e-19
1.259884000000000015e+04 4.124917337160454153e-19
1.260239999999999964e+04 5.059829631208067633e-19
1.260595999999999913e+04 5.994964643008687982e-19
1.260952000000000044e+04 4.932726893748720515e-19
1.261307999999999993e+04 6.162646693782182876e-19
1.261663999999999942e+04 7.723116650649104477e-19
1.262020000000000073e+04 8.884808210780917391e-19
1.262376000000000022e+04 9.141135104396871599e-19
1.262731999999999971e+04 5.757456491899463773e-19
1.263088000000000102e+04 4.644088105846127331e-19
1.263444000000000051e+04 5.824643852295570066e-19
1.263800000000000000e+04 4.647001438949083531e-19
1.264155999999999949e+04 5.392635103853524655e-19
1.264511999999999898e+04 6.674510046629877729e-19
1.264868000000000029e+04 7.059680151870925252e-19
1.265223999999999978e+04 5.992746388349694905e-19
1.265579999999999927e+04 5.554429333660486507e-19
1.265936000000000058e+04 5.219905343687137736e-19
1.266292000000000007e+04 6.715367457662013544e-19
1.266647999999999956e+04 5.776702639420300808e-19
1.267004000000000087e+04 8.880634822431953704e-19
1.267360000000000036e+04 4.202229296034415348e-19
1.267715999999999985e+04 4.834018538675896394e-19
1.268072000000000116e+04 3.644206696308598285e-19
1.268428000000000065e+04 3.321308846981696836e-19
1.268784000000000015e+04 7.218550809780446800e-19
1.269139999999999964e+04 6.927754456941042355e-19
1.269495999999999913e+04 6.421861326330768343e-19
1.269852000000000044e+04 6.707709177775492244e-19
1.270207999999999993e+04 6.801589590876913218e-19
1.270563999999999942e+04 6.371862940990920642e-19
1.270920000000000073e+04 6.518181221787923551e-19
1.271276000000000022e+04 6.128839176219562460e-19
1.271631999999999971e+04 5.820370012597435605e-19
1.271988000000000102e+04 7.838406215163719707e-19
1.272344000000000051e+04 6.716735091495479263e-19
1.272700000000000000e+04 5.255850809310688641e-19
1.273055999999999949e+04 6.347341797804862959e-19
1.273411999999999898e+04 5.906223800457383889e-19
1.273768000000000029e+04 6.691680111257164294e-19
1.274123999999999978e+04 7.309012606129876275e-19
1.274479999999999927e+04 7.961090616476089739e-19
1.274836000000000058e+04 6.261167661419859548e-19
1.275192000000000007e+04 4.300242712262558657e-19
1.275547999999999956e+04 6.418862627184022405e-19
1.275904000000000087e+04 5.013915701680247489e-19
1.276260000000000036e+04 6.105833725495467699e-19
1.276615999999999985e+04 5.320625034510254832e-19
1.276972000000000116e+04 4.987041719223877493e-19
1.277328000000000065e+04 6.311296845486221442e-19
1.277684000000000015e+04 9.541212114117797259e-19
1.278039999999999964e+04 8.396940556759313509e-19
1.278395999999999913e+04 5.747037497154833431e-19
1.278752000000000044e+04 6.461412564384785228e-19
1.279107999999999993e+04 6.197118248891001668e-19
1.279463999999999942e+04 6.716679440596457565e-19
1.279820000000000073e+04 6.295717737095955775e-19
1.280176000000000022e+04 6.333373302328226006e-19
1.280531999999999971e+04 7.259083534814578887e-19
1.280888000000000102e+04 6.644180463949491834e-19
1.281244000000000051e+04 5.302057215693865921e-19
1.281600000000000000e+04 4.882890567382770243e-19
1.281955999999999949e+04 6.136454830788544143e-19
1.282311999999999898e+04 8.180792180554773919e-19
1.282668000000000029e+04 8.157832415989705309e-19
1.283023999999999978e+04 9.171369500426479314e-19
1.283379999999999927e+04 6.393430252102910842e-19
1.283736000000000058e+04 8.638779521269835692e-19
1.284092000000000007e+04 6.002825692909987885e-19
1.284447999999999956e+04 6.037426649553357918e-19
1.284804000000000087e+04 6.982603046047670908e-19
1.285160000000000036e+04 6.064290726208415638e-19
1.285515999999999985e+04 6.671672658479428784e-19
1.285872000000000116e+04 7.884609145871617495e-19
1.286228000000000065e+04 6.042057126647726026e-19
1.286584000000000015e+04 7.136419205383610183e-19
1.286939999999999964e+04 7.187274897721358637e-19
1.287295999999999913e+04 5.916681574949521159e-19
1.287652000000000044e+04 8.798084232693180401e-19
1.288007999999999993e+04 7.211218369520916206e-19
1.288363999999999942e+04 7.110282311993048140e-19
1.288720000000000073e+04 5.989249349565031933e-19
1.289076000000000022e+04 8.523103757572877130e-19
1.289431999999999971e+04 9.617426985985032509e-19
1.289788000000000102e+04 8.587244504719263759e-19
1.290144000000000051e+04 6.586981683229004278e-19
1.290500000000000000e+04 7.668472387805861869e-19
1.290855999999999949e+04 8.720718723647096351e-19
1.291211999999999898e+04 6.667917507481223542e-19
1.291568000000000029e+04 6.869959920201870058e-19
1.291923999999999978e+04 6.840814138745489963e-19
1.292279999999999927e+04 5.304845657389497428e-19
1.292636000000000058e+04 7.635304835330106240e-19
1.292992000000000007e+04 6.708267302732316794e-19
1.293347999999999956e+04 7.915609089543095142e-19
1.293704000000000087e+04 7.450566763774918211e-19
1.294060000000000036e+04 7.111334675532817299e-19
1.294415999999999985e+04 8.795713835947618931e-19
1.294772000000000116e+04 9.455586526254876755e-19
1.295128000000000065e+04 8.092138385826704752e-19
1.295484000000000015e+04 6.625065976195257185e-19
1.295839999999999964e+04 8.796414953099015251e-19
1.296195999999999913e+04 8.292864397070617568e-19
1.296552000000000044e+04 7.687964902051455272e-19
1.296907999999999993e+04 9.033374724307011419e-19
1.297263999999999942e+04 9.215032432735136589e-19
1.297620000000000073e+04 8.014945286076761680e-19
1.297976000000000022e+04 8.761942367571935376e-19
1.298331999999999971e+04 8.556107748493110558e-19
1.298688000000000102e+04 8.356734190701130492e-19
1.299044000000000051e+04 7.556752525548549822e-19
1.299400000000000000e+04 7.614496972384311167e-19
1.299756000000000131e+04 9.469435609041613123e-19
1.300111999999999898e+04 9.624018590450108845e-19
1.300468000000000029e+04 9.124739605519830846e-19
1.300823999999999978e+04 9.976146198326371074e-19
1.301179999999999927e+04 1.038565032102134813e-18
1.301536000000000058e+04 1.120575243559684661e-18
1.301892000000000007e+04 1.211445345830914654e-18
1.302247999999999956e+04 1.144799608758533263e-18
1.302604000000000087e+04 1.186410253535670248e-18
1.302960000000000036e+04 1.153864503380732817e-18
1.303315999999999985e+04 1.055591784513977677e-18
1.303672000000000116e+04 9.130017447843921874e-19
1.304027999999999884e+04 8.647455461253595933e-19
1.304384000000000015e+04 1.131141882212431867e-18
1.304739999999999964e+04 1.073288707690791963e-18
1.305095999999999913e+04 1.033515740859729986e-18
1.305452000000000044e+04 1.150864767716136180e-18
1.305807999999999993e+04 1.149618452236690333e-18
1.306163999999999942e+04 1.334432643004839450e-18
1.306520000000000073e+04 1.203779637687663849e-18
1.306876000000000022e+04 1.322777816328039362e-18
1.307231999999999971e+04 1.825735022731346396e-18
1.307588000000000102e+04 1.777449911434259270e-18
1.307944000000000051e+04 2.507653019947207318e-18
1.308300000000000000e+04 3.720751410941672963e-18
1.308656000000000131e+04 4.901600862154186261e-18
1.309011999999999898e+04 5.173743138715955756e-18
1.309368000000000029e+04 4.181329998000779406e-18
1.309723999999999978e+04 3.453432266940904366e-18
1.310079999999999927e+04 2.253941692393450534e-18
1.310436000000000058e+04 1.828664320125687967e-18
1.310792000000000007e+04 1.687420440563038957e-18
1.311147999999999956e+04 1.579601394533283931e-18
1.311504000000000087e+04 1.331658756189396809e-18
1.311860000000000036e+04 1.077299265537229341e-18
1.312215999999999985e+04 1.041050000723242103e-18
1.312572000000000116e+04 1.078552196426580448e-18
1.312927999999999884e+04 1.138035057991254861e-18
1.313284000000000015e+04 8.665544185961395691e-19
1.313639999999999964e+04 1.147455360701193978e-18
1.313995999999999913e+04 1.133579159918256073e-18
1.314352000000000044e+04 9.464141316888423898e-19
1.314707999999999993e+04 8.973674692755733583e-19
1.315063999999999942e+04 9.625720425946138916e-19
1.315420000000000073e+04 8.927003918306076880e-19
1.315776000000000022e+04 1.008175649819143451e-18
1.316131999999999971e+04 9.440565114819135202e-19
1.316488000000000102e+04 6.917136950656749035e-19
1.316844000000000051e+04 7.670041285440811175e-19
1.317200000000000000e+04 7.349206525900122428e-19
1.317556000000000131e+04 8.992348966711724426e-19
1.317911999999999898e+04 7.297332136153468974e-19
1.318268000000000029e+04 6.408343037471621406e-19
1.318623999999999978e+04 7.536986311106186272e-19
1.318979999999999927e+04 7.749190318913277535e-19
1.319336000000000058e+04 8.767184098651290504e-19
1.319692000000000007e+04 6.881294813561727486e-19
1.320047999999999956e+04 7.087728871095649280e-19
1.320404000000000087e+04 7.250502098432072382e-19
1.320760000000000036e+04 7.701410299658943921e-19
1.321115999999999985e+04 6.777506389383756288e-19
1.321472000000000116e+04 8.526537935370726821e-19
1.321827999999999884e+04 7.623272204049229345e-19
1.322184000000000015e+04 5.801083730723947399e-19
1.322539999999999964e+04 5.337616866817426876e-19
1.322895999999999913e+04 4.831313143461586774e-19
1.323252000000000044e+04 6.691273646025905244e-19
1.323607999999999993e+04 7.400477733331147694e-19
1.323963999999999942e+04 5.310754809229916838e-19
1.324320000000000073e+04 5.870883024062448464e-19
1.324676000000000022e+04 5.332103724610153754e-19
1.325031999999999971e+04 3.044080786580285312e-19
1.325388000000000102e+04 2.209004132554972372e-19
1.325744000000000051e+04 4.462511939522375306e-19
1.326100000000000000e+04 5.406071056536809020e-19
1.326456000000000131e+04 2.663078541734576228e-19
1.326811999999999898e+04 2.798141436880332310e-20
1.327168000000000029e+04 9.589970867703400217e-19
1.327523999999999978e+04 3.358334623380583079e-19
1.327879999999999927e+04 4.152127520372449877e-19
1.328236000000000058e+04 3.953036551925283205e-19
1.328592000000000007e+04 5.476063695883382568e-19
1.328947999999999956e+04 5.164649332428033282e-20
1.329304000000000087e+04 4.153061093705497969e-19
1.329660000000000036e+04 8.233059366306786264e-19
1.330015999999999985e+04 9.705290460733769263e-19
1.330372000000000116e+04 1.055943688498142327e-18
1.330727999999999884e+04 2.679170417390818535e-19
1.331084000000000015e+04 -1.784070255639439296e-19
1.331439999999999964e+04 6.569564017157319023e-19
1.331795999999999913e+04 1.640904711649238454e-18
1.332152000000000044e+04 6.368784562255795633e-19
1.332507999999999993e+04 6.971705644331649499e-19
1.332863999999999942e+04 1.271932874361176820e-18
1.333220000000000073e+04 4.525354087386592295e-19
1.333576000000000022e+04 -1.589123461255516704e-19
1.333931999999999971e+04 -2.033007411520751587e-19
1.334288000000000102e+04 -4.071683411340988319e-18
1.334644000000000051e+04 -9.361782146692266464e-19
1.335000000000000000e+04 -8.781684391169115732e-19
1.335356000000000131e+04 5.852688866365924237e-19
1.335711999999999898e+04 2.208248551878825769e-20
1.336068000000000029e+04 -8.755168944887806674e-19
1.336423999999999978e+04 2.103016823584988965e-19
1.336779999999999927e+04 -1.791642951455763597e-18
1.337136000000000058e+04 -9.325844136248519344e-19
1.337492000000000007e+04 2.849507053097327433e-19
1.337847999999999956e+04 -5.069467505326706556e-18
1.338204000000000087e+04 -5.436778447465778675e-19
1.338560000000000036e+04 1.482637186404823364e-18
1.338915999999999985e+04 1.671100950246813882e-18
1.339272000000000116e+04 2.458674619542078652e-19
1.339627999999999884e+04 3.266675545932049281e-19
1.339984000000000015e+04 7.998998965319800163e-19
1.340339999999999964e+04 -4.696956476123764206e-19
1.340695999999999913e+04 4.592871304525664802e-19
1.341052000000000044e+04 -2.758714837034154623e-19
1.341407999999999993e+04 7.065407615530258806e-19
1.341763999999999942e+04 2.007620728453525753e-18
