 objectId SherlockClass MJD_First MJD_Peak MJD_Last N_pre_g N_post_g slope_g slope_err_g Rsq_g N_pre_r N_post_r slope_r slope_err_r Rsq_r
24 ZTF17aadqfyl AGN 58547.72208999982 59219.75413190015 60397.70473380014 60 107 0.001 2e-05 0.65715 53 73 0.00117 3e-05 0.72777
32 ZTF18aaaibua AGN 58425.981860000174 59275.82583330013 59914.96586810006 54 70 0.00179 6e-05 0.91104 82 75 0.00182 9e-05 0.84617
37 ZTF18aaajvfv AGN 58307.72839119984 59300.841550900135 60398.83969909977 131 74 0.00172 4e-05 0.60193 108 63 0.00126 5e-05 0.51885
41 ZTF18aaaqgan AGN 58466.0177000002 59200.949849499855 60374.92179400008 47 94 0.00059 3e-05 0.73816 21 52 0.00057 6e-05 0.50848
99 ZTF18aacvzqi AGN 58736.98761569988 59255.71756940009 60403.82175929984 88 141 0.00077 2e-05 0.85519 99 133 0.00074 3e-05 0.88448
100 ZTF18aacvzwt AGN 58743.02504999982 59255.71756940009 60397.80732640019 26 140 0.00077 2e-05 0.84635 90 126 0.00074 3e-05 0.89612
111 ZTF18aadcima AGN 58864.735679999925 59899.9652315001 60354.84947919985 86 55 0.00106 8e-05 0.5324 104 52 0.00097 0.0001 0.61166
186 ZTF18aafecui AGN 58806.9871100001 59328.69740739977 60293.99861110002 146 54 0.00138 6e-05 0.83551 127 146 0.00142 7e-05 0.64377
196 ZTF18aafodqj AGN 58424.01903000008 59128.01116900006 60397.73791670008 46 144 0.00093 2e-05 0.84767 57 200 0.00084 2e-05 0.7836
318 ZTF18aaqwnho AGN 58308.69909719983 59683.88237270014 60355.98725689994 277 94 0.00292 6e-05 0.6512 266 93 0.00276 6e-05 0.64909
332 ZTF18aarmvye AGN 58831.07172450004 59200.97958330018 60353.93312499998 79 188 0.00089 2e-05 0.74531 74 172 0.00085 3e-05 0.69131
335 ZTF18aarntmx AGN 58482.9753899998 59303.859375 60351.871944400016 52 60 0.00079 5e-05 0.51714 23 83 0.0011 5e-05 0.60531
349 ZTF18aastmqw AGN 58431.03026620019 58695.70717590023 59345.82348380005 42 149 0.00122 6e-05 0.60898 72 171 0.00174 4e-05 0.82575
373 ZTF18aauupmr AGN 58270.75 59207.05238430016 60355.91958330013 83 91 0.0011 5e-05 0.72993 76 112 0.00099 6e-05 0.52993
415 ZTF18aawvilc AGN 58273.0 59670.887928199954 60262.65888890019 231 125 0.00208 5e-05 0.63752 172 100 0.00242 6e-05 0.57581
461 ZTF18aazgneo AGN 58279.685636600014 59280.73734949995 60403.80864580022 105 119 0.00086 3e-05 0.62719 104 113 0.00085 3e-05 0.66406
688 ZTF18absaxmn AGN 58361.74224539986 59423.84079860011 60064.97241900023 277 101 0.00219 6e-05 0.83932 185 118 0.00189 5e-05 0.83551
697 ZTF18absoisf AGN 58364.77957180003 59719.98549770005 60237.70295140008 167 76 0.00137 5e-05 0.86997 160 95 0.00151 6e-05 0.81485
742 ZTF18abtyhnk AGN 58373.88658560021 59951.69734949991 60358.63655090006 434 87 0.00178 0.00011 0.76471 509 171 0.00197 9e-05 0.79272
771 ZTF18abvjykk AGN 58373.86403940013 60103.93159720022 60311.62359949993 261 57 0.00341 0.00025 0.61887 233 87 0.00288 0.00014 0.74589
808 ZTF18abxeftd AGN 58379.832245400175 59078.893472199794 60290.61239580018 106 211 0.00123 2e-05 0.88945 169 137 0.00148 4e-05 0.83103
825 ZTF18abybmrh AGN 58382.86896990007 59793.90244209999 60326.6179860998 23 87 0.00091 6e-05 0.5745 32 79 0.00103 6e-05 0.54851
842 ZTF18abzzror AGN 58390.0022454001 59128.94987270003 60397.80638890015 74 179 0.00075 2e-05 0.82325 30 87 0.00096 4e-05 0.76877
909 ZTF18acchlel AGN 58423.71814000001 59082.88923610002 59524.65079860017 68 75 0.00159 8e-05 0.87548 49 53 0.00155 0.0001 0.83932
920 ZTF18accqkzx AGN 58426.73926999979 59392.932118100114 60285.61515050009 126 102 0.00091 5e-05 0.50478 98 76 0.00169 5e-05 0.78017
994 ZTF18acekctg AGN 58423.743530000094 59180.67258099979 60290.71302080015 75 67 0.00077 3e-05 0.61667 35 109 0.00065 3e-05 0.561
1052 ZTF18achjpcx AGN 58425.69395999983 59801.91945599997 60341.6317592999 28 82 0.00148 6e-05 0.74238 18 69 0.00138 7e-05 0.80928
1122 ZTF18actkvlg AGN 58539.69461000012 59215.85695599997 60397.646909699775 52 86 0.00077 3e-05 0.64833 65 72 0.00063 3e-05 0.51272
1150 ZTF18acvgnkf AGN 58434.98364999984 59505.03160879994 60327.98490739986 117 59 0.00145 5e-05 0.64411 136 128 0.00167 4e-05 0.58211
1186 ZTF18acvwdew AGN 58449.00979000004 58887.97651620023 60396.86273150006 55 103 0.00096 6e-05 0.80259 69 65 0.00091 0.00013 0.55732
1359 ZTF19aaafhop AGN 58463.00883000018 59724.80140049989 60398.83177080005 191 199 0.00115 4e-05 0.77148 318 63 0.00131 8e-05 0.7675
1365 ZTF19aaafoil AGN 58470.02491000015 59901.05555560021 60388.95577549981 150 75 0.00136 6e-05 0.8244 142 60 0.00163 0.00012 0.64944
1378 ZTF19aaaitgl AGN 58462.82435999997 59951.7213078998 60403.717453700025 368 109 0.00267 8e-05 0.65151 221 130 0.00183 6e-05 0.61981
1389 ZTF19aaapkxr AGN 58475.99628000008 59628.94997690013 60383.91180559993 134 106 0.0009 5e-05 0.65638 165 127 0.00106 4e-05 0.85852
1404 ZTF19aaaqhbb AGN 58467.03280999977 59478.69675929984 60403.94863429992 338 189 0.00116 3e-05 0.54039 309 172 0.00101 4e-05 0.61983
1422 ZTF19aabzagc AGN 58463.00883000018 59272.92709490005 60353.91266199993 83 78 0.00068 4e-05 0.64545 80 74 0.00063 5e-05 0.62809
1432 ZTF19aacixeg AGN 58482.05139000015 59204.07497690013 60356.00447920011 40 149 0.00094 3e-05 0.61291 29 123 0.00093 4e-05 0.59323
1515 ZTF19aadgpcb AGN 58513.023980000056 59697.8572338 60398.930786999874 79 59 0.00156 8e-05 0.62437 70 67 0.00159 7e-05 0.7556
1542 ZTF19aafmqbn AGN 58488.020450000186 59530.0513888998 60353.91694439994 55 88 0.00116 3e-05 0.68499 110 68 0.0024 6e-05 0.68397
1563 ZTF19aahwicx AGN 58556.70759999985 59180.97873840016 59906.92364579998 49 72 0.00171 6e-05 0.90657 42 57 0.00171 9e-05 0.82541
1645 ZTF19aalmwdr AGN 58513.928969999775 59169.00497689983 60398.81484950008 34 129 0.00127 2e-05 0.61458 34 136 0.00145 3e-05 0.69245
1660 ZTF19aalzjpx AGN 58522.96074000001 59695.80283559999 60323.9401273001 162 88 0.00102 6e-05 0.81487 167 137 0.00091 5e-05 0.55803
1708 ZTF19aanjhzy AGN 58572.65787000023 59441.005046300124 60324.88288189983 98 69 0.00071 4e-05 0.56287 95 73 0.00108 5e-05 0.67949
1774 ZTF19aanyjzx AGN 58557.98182869982 59476.67711810023 60352.01922449982 70 134 0.00111 3e-05 0.62645 148 106 0.00118 4e-05 0.59508
1809 ZTF19aaomgcd AGN 58556.92800999992 59802.78518520016 60184.683553200215 152 54 0.00337 0.00015 0.51892 72 92 0.00164 6e-05 0.85722
1854 ZTF19aapfzlm AGN 58939.9785000002 59743.88922449993 60398.97793979989 66 83 0.00186 7e-05 0.77154 68 96 0.0012 6e-05 0.66502
1887 ZTF19aaprxyx AGN 58601.992037000135 59922.721446800046 60311.62406249996 192 56 0.00173 0.00014 0.52906 214 65 0.00198 0.00015 0.57265
1901 ZTF19aapwadf AGN 58878.01775459992 59743.88686340023 60178.75884260005 340 118 0.00186 7e-05 0.78407 243 149 0.0012 6e-05 0.56647
2065 ZTF19aasdkah AGN 58583.85440000007 59637.02577550011 60403.941365700215 70 79 0.00107 6e-05 0.69278 70 65 0.00114 7e-05 0.72362
2136 ZTF19aasgxbm AGN 58580.999660000205 59628.97050930001 60390.00421300018 137 117 0.00058 5e-05 0.6309 162 116 0.00055 5e-05 0.66391
2173 ZTF19aaslpcj AGN 58944.98998000007 59164.66023149993 60259.620243099984 42 91 0.00049 3e-05 0.50972 71 93 0.0005 3e-05 0.67504
2181 ZTF19aasltcj AGN 58668.80740999989 59626.035937500186 60391.970694399904 336 230 0.00165 4e-05 0.70291 338 241 0.00126 4e-05 0.69533
2195 ZTF19aasqsdq AGN 58572.708629999775 59152.984259299934 60388.73201389983 26 114 0.00048 3e-05 0.76663 42 122 0.00042 3e-05 0.57362
2213 ZTF19aatnrlg AGN 58580.79798609996 59273.89778940007 60326.02847220004 80 114 0.00148 3e-05 0.76894 76 87 0.00109 4e-05 0.76084
2224 ZTF19aatubsj SN 58580.94169999985 58700.674016200006 60392.03439809987 20 185 0.00112 2e-05 0.66045 27 184 0.00117 2e-05 0.69505
2232 ZTF19aatvmme AGN 58607.97329859994 60108.910937500186 60311.62453699997 211 55 0.00162 0.00026 0.55072 256 58 0.00188 0.00026 0.54867
2266 ZTF19aauoadx AGN 58886.98382999981 59837.67340280023 60391.953229200095 324 100 0.00273 0.00017 0.63103 278 147 0.00211 7e-05 0.75426
2305 ZTF19aavvlyk AGN 58607.97238430008 59110.7905323999 60236.694513900205 40 86 0.00078 4e-05 0.6272 37 58 0.00081 6e-05 0.61823
2317 ZTF19aavxjju AGN 58607.73071999988 59727.71092589991 60403.836666699965 69 55 0.00119 5e-05 0.78233 109 57 0.00103 7e-05 0.60718
2396 ZTF19aaxonvq AGN 58617.96689999988 59788.88771989988 60403.96976849996 113 77 0.00237 7e-05 0.62576 124 81 0.00226 6e-05 0.6751
2410 ZTF19aaxvubr AGN 58617.96596999979 59283.04696760001 60390.02723379992 295 263 0.00109 3e-05 0.70442 207 492 0.00074 2e-05 0.73795
2412 ZTF19aaxxsex AGN 58612.970160000026 58979.77498839982 60140.86614579987 132 262 0.00096 2e-05 0.74648 76 138 0.00129 4e-05 0.73234
2444 ZTF19aazdeyg AGN 58642.92063659988 59762.937650499865 60290.65136570018 109 90 0.00182 6e-05 0.92433 116 101 0.00098 5e-05 0.81216
2473 ZTF19abbwpby AGN 58634.922790000215 59685.98807869991 60201.7119907001 60 56 0.0016 0.0001 0.65054 67 69 0.00262 0.00013 0.8113
2535 ZTF19abdyisy AGN 58643.9586920999 59226.6879745 60261.70650460012 72 82 0.0008 4e-05 0.65344 78 60 0.0009 7e-05 0.5764
2547 ZTF19abegloi AGN 58646.94129629992 59497.79856480006 60284.60864580004 94 98 0.00142 5e-05 0.83478 95 77 0.00139 6e-05 0.78801
2646 ZTF19abizcpc AGN 59047.95474540023 59863.79504630016 60290.65041670017 60 51 0.00071 9e-05 0.52292 27 80 0.00059 5e-05 0.72229
2663 ZTF19abjfnnn AGN 58964.95447919984 59302.01708329981 60205.75989580015 30 120 0.00099 3e-05 0.70033 46 80 0.001 5e-05 0.66926
2693 ZTF19abjpgjl AGN 58677.97409000015 59166.80002309987 60392.65972220013 130 158 0.00052 3e-05 0.5203 57 236 0.00044 2e-05 0.50353
2820 ZTF19abnsmyn AGN 58672.92962000007 59783.88831020007 60285.65769679984 65 91 0.00177 6e-05 0.87435 71 60 0.00171 9e-05 0.77861
2849 ZTF19abpgtkp AGN 58706.95930999983 59158.83616899978 60314.61421300005 17 128 0.00056 2e-05 0.52514 29 54 0.00057 4e-05 0.65348
2876 ZTF19abrjtbw AGN 58721.95685000019 59795.933252300136 60353.65623839991 95 83 0.00252 6e-05 0.90456 97 58 0.00249 0.00011 0.87157
2986 ZTF19abyjmrj AGN 58723.98078700015 59151.89553239988 59966.73549770005 17 54 0.00126 5e-05 0.72529 5 52 0.00133 6e-05 0.76293
3031 ZTF19acbvvem AGN 58732.91954000015 59260.66695600003 60261.77464119997 39 79 0.00118 4e-05 0.70232 71 75 0.00095 4e-05 0.62909
3134 ZTF19ackzuvg AGN 58763.8560899999 59260.66601849999 60324.65674770018 91 77 0.00081 5e-05 0.56189 83 73 0.00077 5e-05 0.52558
3202 ZTF19acvijou AGN 58785.81882000016 59867.7720718002 60287.66175930016 93 53 0.00202 9e-05 0.88086 75 73 0.0018 7e-05 0.88776
3303 ZTF19adcbvyz AGN 58821.04434000002 59845.027002300136 60378.71675929986 91 52 0.00124 7e-05 0.61987 144 73 0.00144 7e-05 0.7995
3601 ZTF20aaghjsn AGN 58846.96525460016 59742.73825229984 60374.90337960003 170 55 0.00226 9e-05 0.82405 185 62 0.00273 0.00016 0.5935
3637 ZTF20aahideg NT 58852.62649000017 59530.789513899945 60334.66901620012 28 65 0.00148 6e-05 0.54725 33 55 0.00161 7e-05 0.65876
3676 ZTF20aaiokhw AGN 58846.93533999985 59899.97283559991 60398.891076399945 126 66 0.00134 7e-05 0.60754 131 52 0.00175 0.0001 0.76105
3686 ZTF20aaisbor AGN 59092.98875000002 59708.72053240007 60294.8922569002 83 59 0.00197 7e-05 0.88471 79 51 0.00276 0.00018 0.75598
3695 ZTF20aaixutj AGN 58871.76894999994 59638.71724539995 60403.78467589989 86 94 0.00072 5e-05 0.74469 102 150 0.00056 4e-05 0.59245
3745 ZTF20aakddye AGN 58964.919550000224 59600.96873839991 60221.63372689998 40 79 0.00078 6e-05 0.63046 49 54 0.00073 8e-05 0.52679
3782 ZTF20aamawcx AGN 58871.97512000008 59675.84755790001 60396.86226850003 188 176 0.00425 4e-05 0.57501 176 86 0.00613 8e-05 0.5769
3796 ZTF20aanakau AGN 59018.89166670013 59722.98432870023 60311.64089119993 139 108 0.00084 5e-05 0.60165 146 62 0.00194 0.0002 0.50107
3953 ZTF20aasivft AGN 58889.01970000006 59403.75587960007 60396.9560647998 62 114 0.0012 4e-05 0.80691 108 125 0.00072 4e-05 0.55845
4000 ZTF20aauowyg AGN 58914.9635999999 59356.81185190007 60392.03393519996 74 134 0.0012 3e-05 0.86425 78 139 0.00123 4e-05 0.8862
4029 ZTF20aavdvvt SN 58941.66010419978 59489.93343750015 60374.764270800166 73 56 0.00138 6e-05 0.80372 85 70 0.00142 5e-05 0.80937
4358 ZTF20abcojrd AGN 58970.923429999966 59393.90076390002 59849.67410880001 49 62 0.00136 8e-05 0.76727 43 56 0.00093 0.0001 0.54013
4754 ZTF20abovitj AGN 59371.91488429997 59680.00974539993 60284.65190970013 36 55 0.00095 8e-05 0.56952 18 88 0.00103 5e-05 0.70673
4840 ZTF20abualoz AGN 59316.99685190013 59711.90585649992 60311.62406249996 63 128 0.00096 5e-05 0.54998 104 148 0.00104 5e-05 0.56818
4845 ZTF20abujykh AGN 59092.948989999946 59263.63290510001 60352.62283559982 38 75 0.00066 3e-05 0.5708 6 82 0.00046 3e-05 0.577
4880 ZTF20abwsnzg AGN 59057.92145999987 59858.82204859983 60353.62315970007 80 66 0.00212 7e-05 0.91775 71 65 0.00199 8e-05 0.85712
4929 ZTF20abxvjja AGN 59093.00659719994 59808.00913190004 60399.66260420019 89 56 0.00158 8e-05 0.81506 51 85 0.00083 6e-05 0.62857
4933 ZTF20abxyfft AGN 59092.99577549985 59270.691064800136 60357.71460650023 55 96 0.0009 3e-05 0.71889 51 69 0.00073 4e-05 0.74259
4947 ZTF20acaazzf AGN 59092.94664000021 59623.755046300124 60323.79700230016 56 58 0.00119 7e-05 0.74086 66 77 0.00092 6e-05 0.61733
5007 ZTF20accwzkt AGN 59105.98674000008 59483.94320600014 60357.68971059984 46 63 0.00066 5e-05 0.51384 34 72 0.00067 4e-05 0.63712
5044 ZTF20aceumsy AGN 59088.901560000144 59768.91094909981 60284.68116899999 55 63 0.00189 7e-05 0.85953 58 58 0.00152 8e-05 0.83523
5101 ZTF20achuumj AGN 59108.87054000003 59970.76571760001 60353.62626159983 163 62 0.00274 0.00013 0.7856 151 79 0.00197 9e-05 0.76288
5426 ZTF20acrtmsp AGN 59142.72460999992 59711.98692130018 60358.63655090006 49 116 0.00113 5e-05 0.7713 93 172 0.00103 4e-05 0.73324
5453 ZTF20actrgfm AGN 59150.690349999815 59505.68981479993 60284.662118100096 34 97 0.00071 5e-05 0.54709 20 106 0.00072 4e-05 0.65181
5610 ZTF21aabvpwo AGN 59306.73712959979 59859.94696759991 60352.78570599994 43 55 0.00128 8e-05 0.79175 15 55 0.00102 9e-05 0.57726
6072 ZTF21aapwiox AGN 59263.994340300094 59685.90949069988 60205.65629629977 63 73 0.0014 8e-05 0.63747 71 71 0.0014 9e-05 0.64295
6108 ZTF21aarsvfc AGN 59305.02682870021 59318.01518520014 60311.63900459977 2 142 0.00102 3e-05 0.58445 31 232 0.00094 2e-05 0.65703
6575 ZTF21abeiszg AGN 59352.98190970021 59781.91184030008 60355.65568289999 46 97 0.00131 5e-05 0.68276 113 68 0.00144 7e-05 0.7504
6694 ZTF21abkfvho AGN 59390.95194440009 59894.85708330013 60285.72728009988 66 57 0.00206 0.0001 0.85352 37 60 0.00108 9e-05 0.64699
7034 ZTF21acapvei AGN 59452.95076389983 59902.88057869999 60397.783969900105 46 64 0.00102 8e-05 0.56207 45 54 0.00099 9e-05 0.57642
7655 ZTF22aadesap SN 59673.844722200185 59784.75949069997 60391.90858800011 45 85 0.0027 8e-05 0.90037 40 79 0.00232 8e-05 0.91484
10544 ZTF18aachmlj AGN 58580.71438999986 59270.80003469996 60403.82222220022 100 129 0.00067 2e-05 0.54383 96 122 0.00054 3e-05 0.56759
10582 ZTF18aadyush AGN 59224.79966000002 59629.88598380005 60403.80386570003 34 85 0.00125 5e-05 0.71813 56 102 0.00115 5e-05 0.72373
10592 ZTF18aaejdht AGN 58464.97109000012 59479.01320599997 60403.77902780008 123 163 0.00041 2e-05 0.62429 154 105 0.00058 4e-05 0.60889
10768 ZTF18aatprdf AGN 58720.66153000016 59063.76701389998 60163.74174770014 85 107 0.001 4e-05 0.64877 90 61 0.00193 0.00014 0.68147
10769 ZTF18aatxsvu AGN 58273.832592600025 59253.01557870023 60398.9284144002 67 119 0.00198 4e-05 0.58163 108 202 0.00137 2e-05 0.75615
10777 ZTF18aavllyn AGN 58287.84334489983 59802.78754629986 60398.99311339995 208 97 0.00151 7e-05 0.73214 184 111 0.00119 6e-05 0.72474
10954 ZTF18abmatxu AGN 58338.89699070016 59301.02711809985 60263.631458300166 60 123 0.00094 3e-05 0.79859 98 142 0.00084 4e-05 0.60864
10961 ZTF18abmmupl AGN 58366.75457180012 59359.95280090021 60311.61980320001 115 203 0.00077 2e-05 0.60047 147 232 0.00072 2e-05 0.53001
10980 ZTF18abosglv AGN 58355.83966440009 59755.9514930998 60341.65931709996 565 249 0.00169 3e-05 0.56841 942 395 0.00191 3e-05 0.52911
11170 ZTF18acaopar AGN 58423.02745370008 59685.82627309999 60378.72153940005 302 124 0.00224 4e-05 0.84741 423 197 0.00142 4e-05 0.72471
11253 ZTF18aceixgv AGN 58634.93065 58996.95395829994 60252.70079859998 65 152 0.00067 2e-05 0.69283 33 89 0.00091 5e-05 0.50814
11297 ZTF18achfxcy AGN 58434.63942130003 58814.62810190022 59935.629756900016 77 150 0.00165 3e-05 0.87171 41 237 0.00153 2e-05 0.84361
11351 ZTF18acsvwfn AGN 59696.97331020003 60030.031400499865 60290.63636570005 33 65 0.00147 8e-05 0.74774 68 72 0.00282 0.00016 0.77067
11357 ZTF18acughck AGN 58469.59811000014 59937.70019679982 60315.68122689985 340 66 0.00194 0.00013 0.79865 484 126 0.00241 0.0001 0.89896
11409 ZTF18acvvudh SN 58450.87953000004 58547.69083329989 59531.91640050011 9 61 0.00211 5e-05 0.88331 12 82 0.00184 4e-05 0.86539
11454 ZTF18acwzfao AGN 58477.03711999999 59958.053310200106 60391.91628469992 164 55 0.00323 0.00017 0.93605 199 58 0.00205 0.00014 0.85231
11459 ZTF18acxhpnu AGN 58440.7126000002 58671.93302079989 60119.95920140017 71 151 0.00047 2e-05 0.5438 21 222 0.00041 1e-05 0.67051
11515 ZTF18adcbcud AGN 58574.98594000004 59399.88188660005 59899.61125000008 93 119 0.00162 5e-05 0.70371 149 89 0.00143 7e-05 0.63758
11518 ZTF18adccbwh AGN 58455.7699099998 59358.97635419993 59936.75950230006 126 92 0.00123 4e-05 0.81382 156 72 0.00109 9e-05 0.56007
11656 ZTF19aaciuqb AGN 58482.051839999855 58557.9380092998 59434.67471060017 12 53 0.00079 5e-05 0.73927 1 103 0.00053 4e-05 0.61594
11701 ZTF19aadgohx AGN 58467.030530000106 59216.07668979978 59707.81200229982 3 67 0.00165 0.0001 0.66323 3 69 0.00138 9e-05 0.6377
11732 ZTF19aagoauz AGN 58487.943279999774 59176.02583329985 60398.86633099988 21 123 0.00061 2e-05 0.72176 16 208 0.00074 2e-05 0.80764
11763 ZTF19aaiphbf AGN 58495.740639999975 58833.80549769988 59872.863321799785 40 76 0.0011 6e-05 0.65691 30 132 0.00094 3e-05 0.77289
11817 ZTF19aalcohu AGN 58513.0520601999 58972.92246530019 60205.68130790023 199 219 0.00097 2e-05 0.71735 160 305 0.00082 2e-05 0.62777
11818 ZTF19aalcrch AGN 58527.02725689998 59324.88365740003 60403.95739579992 101 175 0.00068 3e-05 0.59917 115 168 0.00064 3e-05 0.61429
11871 ZTF19aamvnkd AGN 58538.98142000008 59410.69515050016 60398.84789349977 142 94 0.00225 4e-05 0.7016 116 71 0.00258 6e-05 0.83586
11883 ZTF19aanfhok AGN 58538.738470000215 59711.68118060008 60374.90863429988 143 58 0.00118 7e-05 0.86954 139 69 0.00086 7e-05 0.73386
11933 ZTF19aanykrj AGN 58558.0189100001 59231.06744210003 59820.67513890006 66 102 0.0015 6e-05 0.82018 47 65 0.00149 0.00013 0.68299
11942 ZTF19aaocivj AGN 58568.83770000003 59417.7083796002 60398.92792819999 80 95 0.00098 4e-05 0.72036 85 161 0.00078 3e-05 0.81628
11996 ZTF19aapkxke AGN 58557.76808999991 58890.77879629983 60403.82613429986 58 116 0.00066 3e-05 0.6127 46 118 0.00046 3e-05 0.50177
12003 ZTF19aaprezk AGN 58574.9850300001 59151.66228009993 60285.633506900165 89 220 0.0016 2e-05 0.89401 90 244 0.00149 2e-05 0.89589
12030 ZTF19aaqekvu AGN 58556.98137999978 59203.0650231 60354.042928200215 59 154 0.00058 3e-05 0.69065 45 165 0.00046 2e-05 0.53285
12057 ZTF19aarqhgk AGN 58618.95777999982 59395.89956020005 60311.62501160009 98 159 0.00064 3e-05 0.646 106 204 0.00071 3e-05 0.67339
12085 ZTF19aasbewy AGN 58606.76501000021 58969.89317130018 60194.665057899896 61 185 0.00116 2e-05 0.71632 70 112 0.00134 3e-05 0.63393
12281 ZTF19aatvkxl AGN 58593.94640999986 58999.92898150021 60255.67156249983 36 153 0.00084 2e-05 0.72207 38 115 0.0012 4e-05 0.76761
12285 ZTF19aatvmyz AGN 58601.992037000135 58743.885509300046 60206.80856479984 23 117 0.00066 2e-05 0.57978 23 60 0.00123 9e-05 0.51847
12318 ZTF19aavajik AGN 58593.94596000016 59279.05070600007 59883.64126159996 68 91 0.00148 6e-05 0.83687 75 107 0.00136 5e-05 0.82669
12398 ZTF19aawtpso AGN 58608.69310999988 59478.00560190016 60354.84751159977 45 119 0.0011 3e-05 0.83065 138 118 0.00121 4e-05 0.80359
12501 ZTF19abctuwd AGN 58643.95643999986 59039.86270829989 60261.73579860013 31 146 0.00081 2e-05 0.81895 77 128 0.00079 3e-05 0.71626
12516 ZTF19abdkfia AGN 58655.94499999983 58867.645671300124 60181.9566434999 40 114 0.00107 4e-05 0.54441 38 93 0.001 5e-05 0.51312
12537 ZTF19abdyhjw AGN 58643.95869000023 59743.92533560004 60285.64810189977 113 93 0.00118 6e-05 0.79577 89 106 0.0009 4e-05 0.86134
12552 ZTF19abeievz AGN 58644.94719999982 59806.94809029997 60254.68368060002 137 127 0.00256 6e-05 0.89971 142 65 0.00246 8e-05 0.84607
12634 ZTF19abjascw AGN 58669.96199999983 59125.880092599895 59935.686145800166 63 93 0.00085 4e-05 0.70849 62 78 0.00094 4e-05 0.71781
12692 ZTF19abkfcln AGN 58667.950358800124 59380.97487269994 60354.63668979984 137 138 0.00086 3e-05 0.74429 147 163 0.0009 3e-05 0.75266
12713 ZTF19abknctr AGN 58875.99957180023 59684.90936340019 60355.98104170011 58 52 0.00158 7e-05 0.75535 80 69 0.0011 5e-05 0.53461
12727 ZTF19ablmnng AGN 58757.78239999991 59684.99967590021 60202.71928239986 80 70 0.00145 9e-05 0.6563 66 62 0.00239 0.00014 0.6203
12795 ZTF19abpfqvx AGN 58676.9868999999 59810.90151620004 60325.69233800005 82 72 0.00062 6e-05 0.51419 66 66 0.00072 7e-05 0.61607
13170 ZTF19adcegrz AGN 58820.00009999983 59128.97447919985 60324.947384300176 79 147 0.00115 5e-05 0.63855 175 87 0.0008 4e-05 0.62708
13266 ZTF20aaaxvnt AGN 58820.00193999987 59485.02847220004 60352.85930560017 47 66 0.00104 4e-05 0.8098 77 111 0.00078 4e-05 0.66769
13367 ZTF20aafdank AGN 58833.67322919984 59477.83356480021 60314.6160995001 57 89 0.00066 4e-05 0.66611 69 62 0.00058 6e-05 0.61495
13402 ZTF20aagjrjd AGN 59061.94964119978 59540.8156365999 60354.6314468002 45 103 0.00112 3e-05 0.87047 83 82 0.00107 5e-05 0.77214
13464 ZTF20aaigazh AGN 58853.02442000015 59628.96327550011 60355.97478009993 63 72 0.00101 6e-05 0.63985 93 97 0.00091 5e-05 0.65904
13578 ZTF20aanvvdw AGN 58878.01820599986 59775.8431712999 60391.96975689987 212 83 0.00105 7e-05 0.50821 230 102 0.00086 7e-05 0.54623
13640 ZTF20aapxajk AGN 58939.68164000008 59627.9556481 60398.73835649993 101 82 0.00144 5e-05 0.90154 94 62 0.00147 6e-05 0.86444
13644 ZTF20aaqbewp AGN 58875.95893519977 59628.87767359987 60390.96120369993 63 58 0.00102 6e-05 0.73569 88 58 0.00083 8e-05 0.60498
13662 ZTF20aarvujv AGN 58880.006020000204 59776.828229200095 60391.95797450002 131 104 0.00134 6e-05 0.84307 145 97 0.00102 6e-05 0.72557
13674 ZTF20aasiykz AGN 58911.98365740013 59628.95048609981 60398.82841440011 88 64 0.0022 0.0001 0.77623 53 65 0.00093 8e-05 0.5467
13677 ZTF20aasjndf AGN 58885.969949999824 59478.80247690016 60207.658669000026 170 112 0.00116 5e-05 0.70865 139 85 0.00114 7e-05 0.67859
13678 ZTF20aasjohn AGN 58885.95607999992 59230.017824099865 60205.6798843001 78 117 0.00063 3e-05 0.65109 73 184 0.00056 2e-05 0.60516
13697 ZTF20aattqoe AGN 58907.01928000013 59216.0729398001 60383.93148150016 36 143 0.0007 3e-05 0.59645 54 140 0.0006 3e-05 0.59118
13721 ZTF20aaurzyt SN 58939.6534500001 59124.954421299975 59346.68180559995 5 62 0.003 0.00018 0.8136 4 52 0.00316 0.00021 0.82625
13743 ZTF20aavdwlj AGN 58941.63756000018 59899.83972219983 60403.71651619999 66 71 0.00177 7e-05 0.7664 104 78 0.00175 9e-05 0.72616
13744 ZTF20aaveaul AGN 58940.69021000015 59269.81525459979 60397.7327083 37 94 0.00047 3e-05 0.74084 39 95 0.00036 3e-05 0.69933
13755 ZTF20aavldtg SN 58940.99787000008 59151.66228009993 59823.81528940005 47 62 0.00129 6e-05 0.58009 38 60 0.00152 5e-05 0.77826
13847 ZTF20aawxdbl AGN 58936.943520000204 59688.88097220007 60391.9363425998 51 109 0.00071 5e-05 0.6136 34 98 0.00056 5e-05 0.5358
13942 ZTF20aazpown AGN 58986.88402999984 59780.767696800176 60194.66552079981 280 128 0.00121 7e-05 0.54317 166 65 0.00152 8e-05 0.80694
13996 ZTF20abajicv AGN 58963.69258099981 59905.94086810015 60403.79038190004 76 58 0.00097 7e-05 0.78746 135 51 0.00139 0.0001 0.70773
14157 ZTF20abhjded AGN 59046.95031000022 59758.96216440015 60294.69444439979 94 77 0.00134 6e-05 0.87936 152 95 0.0011 6e-05 0.67568
14175 ZTF20abjubno AGN 59020.76219000016 59441.73909719987 60356.033669000026 84 96 0.00104 4e-05 0.51502 51 52 0.00113 6e-05 0.70396
14185 ZTF20abldtrf AGN 59035.85576000018 59771.88456019992 60284.60864580004 64 71 0.00138 7e-05 0.70528 61 62 0.00142 7e-05 0.67652
14198 ZTF20ablrejn AGN 59024.97362999991 59865.76274310006 60311.63429399999 109 58 0.00095 9e-05 0.62544 90 51 0.001 0.0001 0.6435
14203 ZTF20ablrohr AGN 59016.89266999997 59684.99773149984 60173.83013889985 84 56 0.00169 0.00011 0.71899 71 83 0.00123 8e-05 0.69592
14210 ZTF20ablvyha AGN 59035.85528999986 59167.669803199824 60234.68971059984 17 75 0.00082 4e-05 0.78374 19 62 0.00054 4e-05 0.75045
14268 ZTF20abmlxsc AGN 59047.95474540023 59193.6480556 60284.6266667 17 59 0.00089 4e-05 0.65206 25 60 0.00096 5e-05 0.66131
14349 ZTF20aboezgt AGN 59032.97928000009 59744.96168980002 60314.65542820003 90 95 0.00126 6e-05 0.83011 206 134 0.00129 5e-05 0.79424
14466 ZTF20abwfuju AGN 59087.951539999805 59806.89981479989 60291.6962731001 49 62 0.00155 7e-05 0.76637 25 53 0.00167 9e-05 0.80882
14531 ZTF20acbdfqv AGN 59084.883289999794 59391.89866899978 59879.76123839989 9 64 0.00123 6e-05 0.61132 28 59 0.00098 7e-05 0.69972
14629 ZTF20acgcnjt NT 59123.030798600055 59125.00834489986 60378.70667820005 0 98 0.00051 2e-05 0.69135 54 75 0.00058 3e-05 0.59518
14652 ZTF20achvpct AGN 59124.97807000019 59859.001296299975 60403.64918980002 77 52 0.00187 8e-05 0.87665 72 55 0.00205 8e-05 0.91381
14764 ZTF20aclvmxu AGN 59124.62715000007 59444.796747699846 60254.608020800166 24 82 0.00111 5e-05 0.77118 33 71 0.00102 6e-05 0.78322
14775 ZTF20acmfaue AGN 59126.98412000016 59888.94188660011 60403.71219909983 79 53 0.00122 9e-05 0.75337 83 53 0.00104 9e-05 0.78246
14865 ZTF20acpzjri AGN 59157.99509999994 59207.04105320014 59551.04124999978 15 57 0.00375 0.00019 0.61404 11 56 0.00417 0.0002 0.68235
14904 ZTF20acrkkrd AGN 59141.97074999986 59830.0208796002 60403.821284700185 66 66 0.00148 8e-05 0.83467 84 78 0.00091 7e-05 0.6345
15229 ZTF21aahjaxr AGN 59222.68424999993 59808.95394679997 60352.623773099855 24 77 0.00096 6e-05 0.71335 23 61 0.0009 7e-05 0.65942
15404 ZTF21aamqfiz AGN 59248.94162999978 59677.89818290016 60291.05802079989 7 65 0.0039 7e-05 0.6091 23 94 0.00298 5e-05 0.58686
15597 ZTF21aavabtm AGN 59308.00695599988 59816.81800930016 60250.74162039999 29 62 0.00124 9e-05 0.61607 47 75 0.00096 9e-05 0.57352
15801 ZTF21abccckw AGN 59324.87253470021 59768.81946759997 60355.9662269 61 61 0.00068 9e-05 0.62539 61 56 0.0007 0.00011 0.64271
16038 ZTF21abqsbcn AGN 59401.7525231 59771.83806709992 60356.04030090012 35 61 0.00157 8e-05 0.74027 10 55 0.00097 9e-05 0.60402
16087 ZTF21abryxpn AGN 59407.92840280011 59790.88887730008 60252.66006939998 25 55 0.00198 0.00012 0.77287 19 52 0.00135 0.0001 0.73252
18966 ZTF18aafpuxr AGN 58371.97396990005 59873.92519679992 60403.65015049977 85 57 0.00115 8e-05 0.76072 68 66 0.00119 0.00011 0.53664
18980 ZTF18aagkgpc AGN 58464.79569000006 59232.87331019994 60397.757338 189 152 0.00096 2e-05 0.72775 182 381 0.00102 2e-05 0.80652
19004 ZTF18aajvtbl AGN 58269.75 59791.75490739988 60396.9670833 272 104 0.00289 6e-05 0.55843 210 93 0.00237 7e-05 0.5261
19070 ZTF18aavmrqy AGN 58270.75 59695.80283559999 60403.838090300094 216 140 0.00095 5e-05 0.66813 296 185 0.00096 4e-05 0.60122
19077 ZTF18aavzfjr AGN 58367.69252309995 59303.8802546002 60399.00775460014 156 189 0.0012 3e-05 0.63607 143 179 0.00102 3e-05 0.61743
19099 ZTF18aaxvvwx AGN 58281.76567129977 59688.904305600096 60396.910196799785 266 122 0.00158 5e-05 0.74242 175 116 0.00125 5e-05 0.7491
19121 ZTF18abafydg AGN 58282.7658218001 59550.99137730012 60398.91140050022 70 229 0.00079 3e-05 0.60587 44 112 0.00081 5e-05 0.53993
19145 ZTF18abedvgr AGN 58473.03531000018 58966.86359950015 59841.65365740005 68 158 0.00079 3e-05 0.68018 53 152 0.00072 3e-05 0.69039
19187 ZTF18abkicej AGN 58329.97680559987 59113.82311340002 60353.63430560008 164 468 0.00209 1e-05 0.62556 368 542 0.0021 1e-05 0.50256
19259 ZTF18abrdaqn AGN 58462.761520000175 59064.93980319984 59933.64840279985 46 97 0.0008 4e-05 0.79357 35 84 0.00088 4e-05 0.74017
19268 ZTF18abrzkru AGN 58365.72267360008 58944.994629600085 60058.97583330004 60 215 0.00119 2e-05 0.67722 85 111 0.0011 3e-05 0.62444
19270 ZTF18absaazu AGN 58364.72074070014 59150.6570255002 60398.99359950004 137 191 0.00077 2e-05 0.52974 109 208 0.00077 2e-05 0.61092
19340 ZTF18abvzroq AGN 58635.903150000144 59035.85864580004 59526.7243170999 72 142 0.00127 5e-05 0.66667 67 148 0.00128 6e-05 0.69758
19381 ZTF18abzptvg AGN 58388.62473380007 59739.88804400014 60403.95358800003 49 124 0.00224 5e-05 0.5418 30 67 0.00175 7e-05 0.57901
19404 ZTF18acatltx AGN 59018.88885000022 59707.98981480021 60290.67703700019 101 93 0.00086 5e-05 0.66404 131 133 0.00075 5e-05 0.58374
19411 ZTF18acbvzxr AGN 58397.922549999785 59249.76333330013 60403.80231480021 122 157 0.00102 2e-05 0.66537 68 558 0.00099 2e-05 0.65126
19414 ZTF18acbxsyl AGN 58423.740790000185 59780.92166669993 60287.627488399856 44 82 0.0019 6e-05 0.92193 40 62 0.00172 7e-05 0.89862
19427 ZTF18accdlmk AGN 58423.98735000007 59712.7083796002 60398.89060189994 184 73 0.00146 6e-05 0.84409 204 64 0.00142 7e-05 0.81409
19508 ZTF18achbdgb AGN 58423.80178999994 59082.84326389991 60355.62456020014 67 127 0.00119 2e-05 0.71206 196 80 0.00208 5e-05 0.69069
19558 ZTF18acszhqa AGN 58428.8308199998 59103.02337960014 59991.66939810012 60 133 0.00184 3e-05 0.89423 64 126 0.0018 3e-05 0.88512
19563 ZTF18acugmwi AGN 58642.92159719998 59862.81697920011 60291.610115699936 143 64 0.00203 8e-05 0.85881 136 63 0.00217 8e-05 0.91438
19575 ZTF18acvcfsc AGN 58462.7745099999 59422.96302080015 60358.63089120016 101 129 0.0007 3e-05 0.68646 102 109 0.00064 3e-05 0.54428
19577 ZTF18acvdbrn AGN 58434.92873999989 58966.72223380022 60399.66260420019 73 154 0.00063 2e-05 0.566 75 166 0.00053 2e-05 0.5139
19597 ZTF18acvsvre AGN 58462.82911999989 58834.01781249978 60397.642766200006 22 177 0.00048 2e-05 0.69148 71 216 0.00045 2e-05 0.56699
19627 ZTF18acwzbeb AGN 58482.04532410018 59929.06425930001 60398.93032409996 146 52 0.00295 0.00019 0.50121 184 90 0.00349 8e-05 0.87415
19770 ZTF19aaapjem AGN 58467.02870000014 59304.91258100001 60078.82915510005 105 76 0.00167 5e-05 0.84503 98 67 0.00224 9e-05 0.83871
19795 ZTF19aacprqy AGN 58464.78183999984 59408.96423610021 59942.70756939985 140 77 0.00206 6e-05 0.85355 118 148 0.0016 4e-05 0.77231
19811 ZTF19aaczefh AGN 58467.96568999998 58977.67987270001 60403.82806710014 188 374 0.00052 1e-05 0.71006 136 306 0.00048 2e-05 0.6407
20003 ZTF19aanuitg AGN 58557.9905555998 59181.63709490001 60403.96402780013 122 190 0.00103 2e-05 0.55758 171 166 0.00107 3e-05 0.57885
20006 ZTF19aanutve AGN 58543.97807000019 59301.96049770014 60398.92541670008 66 82 0.00106 4e-05 0.60741 85 83 0.00089 3e-05 0.62614
20029 ZTF19aaoiyxe AGN 58547.91379630007 59625.851412000135 60391.89431709983 96 110 0.00157 5e-05 0.84184 97 70 0.00154 6e-05 0.74631
20058 ZTF19aaozooc AGN 58557.831879999954 59188.060624999925 60109.70822919998 23 82 0.00183 5e-05 0.9456 27 105 0.00142 4e-05 0.87385
20089 ZTF19aapgcbj AGN 58605.91015999997 59504.69806709979 60205.70067129983 74 82 0.00096 6e-05 0.52164 84 105 0.00101 5e-05 0.69238
20127 ZTF19aaqfefw AGN 58558.00312000001 58795.57729170006 59491.65159719996 20 85 0.00107 5e-05 0.64432 35 87 0.00122 5e-05 0.71387
20129 ZTF19aaqtrvq AGN 58601.99112999998 60103.93394679995 60311.62453699997 204 110 0.00637 0.00019 0.8649 213 83 0.00622 0.00027 0.74905
20145 ZTF19aarmzko AGN 58567.75494999997 59504.03935190011 60398.88097220007 102 62 0.00074 5e-05 0.54548 116 137 0.00076 4e-05 0.56922
20291 ZTF19aaslshh AGN 58893.03134000022 59936.63146989979 60403.9521643999 268 90 0.00185 9e-05 0.85389 262 75 0.00149 0.00016 0.66854
20293 ZTF19aaslzkx AGN 58607.86634000018 59813.763194399886 60261.7405555998 213 96 0.00149 7e-05 0.52303 292 97 0.00164 7e-05 0.58505
20308 ZTF19aatghco AGN 58575.72118999995 59983.852557899896 60398.89012729982 152 57 0.00203 0.0001 0.8216 114 52 0.00144 0.00013 0.83262
20327 ZTF19aatvmms AGN 58582.96582000004 59301.014305599965 60238.69491899992 89 153 0.00128 3e-05 0.84928 114 143 0.00106 3e-05 0.78381
20368 ZTF19aavlmzu AGN 58853.0230556 59196.07155090012 59765.69060190022 10 60 0.00127 6e-05 0.66403 29 78 0.00143 6e-05 0.7881
20385 ZTF19aavxwci AGN 58606.96163999988 59217.04975689994 60390.99271989986 106 137 0.00063 2e-05 0.56372 98 163 0.0006 2e-05 0.65775
20464 ZTF19aayhllm AGN 58638.78596000001 59688.88238430023 60398.945185199846 162 140 0.00105 4e-05 0.75058 194 139 0.00124 5e-05 0.77759
20529 ZTF19abcewbr AGN 58654.94291999983 59530.62695599999 60290.60809030011 39 72 0.00113 6e-05 0.67758 28 60 0.00084 7e-05 0.51609
20546 ZTF19abcucgu AGN 59082.86127999984 59494.67884259997 59853.78876159992 108 54 0.00173 0.00011 0.61702 55 81 0.00168 0.00012 0.64312
20549 ZTF19abcvgea AGN 58638.80924999993 59739.780173600186 60398.96462959983 134 64 0.00154 9e-05 0.63482 76 73 0.00103 7e-05 0.60097
20558 ZTF19abdkfyg AGN 58667.94629629981 59422.921759299934 60358.63325229986 146 114 0.00065 3e-05 0.66164 109 135 0.0006 3e-05 0.67225
20582 ZTF19abegshi AGN 58662.94665510021 59758.96413190011 60341.65379629983 201 58 0.0026 0.0001 0.84707 167 164 0.00118 5e-05 0.62535
20622 ZTF19abfvoit AGN 58677.97514000023 59709.99131939979 60358.63561340002 184 107 0.00094 5e-05 0.78691 262 245 0.00061 3e-05 0.5641
20623 ZTF19abfvpat AGN 58646.95275000017 59722.98241900001 60358.641307900194 129 81 0.00129 7e-05 0.72125 105 118 0.00103 6e-05 0.64243
20646 ZTF19abiqqxn AGN 58692.9859491 58878.62939810008 59527.7952430998 26 67 0.00115 6e-05 0.695 25 60 0.00122 8e-05 0.65774
20667 ZTF19abjflfu AGN 58966.940196800046 59304.009953700006 60285.617592600174 97 126 0.00095 4e-05 0.73339 68 209 0.00055 2e-05 0.56997
20685 ZTF19abjpaox AGN 58665.95357999997 59982.68000000017 60354.656990699936 247 66 0.00125 0.0001 0.83965 328 116 0.00085 0.00011 0.54469
20688 ZTF19abjpdrj AGN 58665.952209999785 59226.685601899866 59819.97135420004 106 54 0.00108 8e-05 0.68483 129 63 0.00161 0.00011 0.63154
20693 ZTF19abjploa AGN 58681.95750000002 59418.94612269988 60358.63089120016 82 91 0.00083 4e-05 0.68007 63 89 0.00063 4e-05 0.70766
20762 ZTF19ablfzmq AGN 58667.949020000175 59876.88539349986 60358.6422569002 201 66 0.00097 9e-05 0.70282 284 120 0.00087 7e-05 0.52738
20990 ZTF19acgkvud AGN 58747.77022999991 60103.90900459979 60288.6097569 129 69 0.00085 0.0001 0.6281 135 51 0.00118 0.00029 0.56069
21023 ZTF19acnwgld AGN 58761.65464999992 58914.94498840021 60233.70565970009 16 280 0.0006 1e-05 0.69537 102 131 0.00057 3e-05 0.52486
21050 ZTF19acvjfmx AGN 58783.63218000019 59810.86473379983 60311.64089119993 162 83 0.00215 7e-05 0.82204 229 184 0.00113 4e-05 0.52942
21104 ZTF19adcdcot AGN 58823.93561000005 59125.027604199946 59531.97677080007 43 75 0.00147 0.0001 0.70413 46 57 0.00143 0.00014 0.52327
21114 ZTF19adcecqs AGN 58820.01330999984 59509.98984949989 60356.95662039984 154 275 0.00071 2e-05 0.60171 282 153 0.00131 4e-05 0.76281
21148 ZTF19adcqykk AGN 59459.76134259999 59744.947164400015 60284.63341439981 23 120 0.00159 5e-05 0.8732 67 99 0.00171 7e-05 0.88458
21161 ZTF19adfrdjq AGN 59673.801967599895 59788.80422449997 60355.967650500126 85 87 0.00235 7e-05 0.68657 34 94 0.00144 6e-05 0.71886
21289 ZTF20aaentve AGN 58851.01326389983 59682.84774310002 60355.95113429986 143 79 0.00085 6e-05 0.50492 148 75 0.00089 6e-05 0.63011
21312 ZTF20aafxvth AGN 58835.01483999984 59830.01516199997 60403.78613429982 64 70 0.00128 6e-05 0.62746 119 58 0.00149 8e-05 0.62928
21353 ZTF20aaifzix AGN 58852.04791999981 59064.69370369986 59782.76953699999 26 56 0.00156 8e-05 0.68266 32 77 0.00125 5e-05 0.8239
21658 ZTF20aawnglo AGN 58936.98515000008 59727.84930559993 60173.74929400021 96 98 0.0012 6e-05 0.62193 53 79 0.00109 7e-05 0.54908
21758 ZTF20aaztcwr AGN 58955.9001042 59363.87493060017 60113.75613430003 70 75 0.00105 5e-05 0.75199 70 76 0.00093 5e-05 0.64011
22156 ZTF20abtkcbk AGN 59084.928390000015 59904.81581019983 60354.651493099984 54 69 0.00073 7e-05 0.51743 82 55 0.00088 9e-05 0.56417
22170 ZTF20abvatsy AGN 59064.95875000022 59851.94967589993 60325.734895799775 97 84 0.00216 6e-05 0.86029 124 87 0.00212 7e-05 0.89776
22256 ZTF20acbbsve AGN 59095.79295000015 59802.90083329985 60291.6242244998 45 62 0.00119 7e-05 0.87366 43 59 0.00098 7e-05 0.88113
22325 ZTF20acflswh AGN 59092.92493000021 59707.685324099846 60294.88641199982 93 75 0.00157 6e-05 0.78641 115 68 0.00158 0.00012 0.62696
22376 ZTF20acivmkm AGN 59124.956300000194 59466.00980320014 60378.720601900015 43 87 0.0009 5e-05 0.65331 57 121 0.0007 3e-05 0.66372
22414 ZTF20acklcyp SN 59110.86785000004 59331.99809029978 59904.703807900194 2 106 0.00378 5e-05 0.73814 52 202 0.00419 4e-05 0.9715
22437 ZTF20aclhxoq AGN 59128.97354000015 59882.98907409981 60403.778553199954 99 75 0.00186 7e-05 0.86958 173 100 0.00167 8e-05 0.8544
22512 ZTF20acpgzcf AGN 59135.96859000018 59355.702384300064 60357.81991899992 113 177 0.00089 3e-05 0.71427 113 198 0.0009 3e-05 0.78634
22737 ZTF21aacugwj AGN 59194.029953700025 59476.68758099992 60173.67230319977 68 74 0.00153 7e-05 0.82157 63 88 0.00102 6e-05 0.75363
22836 ZTF21aagxcek AGN 59248.78582180012 59485.02847220004 60354.83802080015 11 60 0.00103 4e-05 0.81424 35 99 0.00077 4e-05 0.6726
23517 ZTF21abquztl AGN 59411.90622689994 59810.95144680003 60355.64068289986 31 61 0.00124 8e-05 0.60395 68 132 0.00101 6e-05 0.60952
23544 ZTF21abrpewg AGN 59404.96493060002 59764.98541670013 60378.66603010008 88 59 0.00109 0.00012 0.66584 39 139 0.0007 5e-05 0.68377
23789 ZTF21acjdqgz AGN 59487.77035879996 59699.00091439998 60291.6807407001 11 102 0.00108 5e-05 0.69062 8 105 0.0013 5e-05 0.71277
23969 ZTF22aaaelic AGN 59600.94181710016 59722.85446760012 60398.80959489988 20 52 0.00166 8e-05 0.58898 19 84 0.0014 5e-05 0.60246
23980 ZTF22aaakran AGN 59740.92667819979 59848.818726900034 60285.64810189977 30 71 0.00163 7e-05 0.7973 29 66 0.0015 8e-05 0.74973
24234 ZTF22aakkilt AGN 59689.78278939985 59897.851331000216 60354.84947919985 17 55 0.00307 8e-05 0.94368 22 63 0.00187 9e-05 0.85071
25618 ZTF17aaadhjr AGN 58373.01697919984 59887.96128469985 60399.65403940016 131 66 0.00341 8e-05 0.77695 207 74 0.00337 8e-05 0.76008
25737 ZTF18aaogimr AGN 58473.0362300002 59637.99197919993 60109.79790510005 106 70 0.00426 9e-05 0.82034 91 56 0.00357 0.00022 0.51013
25777 ZTF18aaujtcj AGN 58526.96986000007 59769.70218749996 60398.91612270009 151 62 0.00087 0.0001 0.50497 160 51 0.00049 9e-05 0.60453
25800 ZTF18aawxosg AGN 58556.89545139996 59505.02245370019 60380.7680902998 31 128 0.00284 4e-05 0.91278 35 150 0.00348 4e-05 0.83888
25813 ZTF18aaybrlv AGN 58880.00646999991 59679.79800930014 60117.82053240016 114 82 0.00325 8e-05 0.94452 115 69 0.00361 0.00014 0.90503
25820 ZTF18aayjwjk AGN 58276.75981480023 59385.797268500086 60165.70048609981 142 107 0.00123 4e-05 0.79406 126 83 0.00095 5e-05 0.70226
25842 ZTF18abauccy AGN 58336.73710650019 58975.77422450017 60403.9358680998 82 195 0.0007 2e-05 0.65561 70 169 0.00066 3e-05 0.62275
25860 ZTF18abeenrs AGN 58877.03489580005 59056.85121530015 59850.63657409977 169 191 0.00194 4e-05 0.80326 112 308 0.00174 3e-05 0.86525
25930 ZTF18abqovca AGN 58654.945210000034 59102.918182900175 60314.64461810002 126 156 0.00084 2e-05 0.77718 88 174 0.0005 2e-05 0.66075
25969 ZTF18abszugm AGN 58851.05378000019 59523.65557869989 60398.996944400016 173 97 0.00118 6e-05 0.5685 89 113 0.00082 5e-05 0.58228
26007 ZTF18abvlwmc AGN 58696.93333999999 59449.98140050005 60314.66586809978 60 74 0.00126 4e-05 0.57605 56 60 0.00132 4e-05 0.67294
26025 ZTF18abwhumn AGN 59046.93911000015 59408.95778940013 60314.664456000086 190 78 0.00214 0.00029 0.5515 40 169 -0.0008 3e-05 0.53091
26060 ZTF18acakvgo AGN 58397.88641199982 59198.71907409979 60327.674918999895 99 128 0.00138 2e-05 0.72492 110 124 0.00152 3e-05 0.72585
26085 ZTF18accdokx AGN 58423.96521000005 58888.92702550022 60088.78667820012 65 161 0.00066 2e-05 0.5217 62 126 0.00085 4e-05 0.77592
26096 ZTF18acctvpm AGN 58423.02939999988 58794.01712960005 60403.80178239988 83 217 0.00099 2e-05 0.67036 72 302 0.00093 1e-05 0.80123
26181 ZTF18acrhkca AGN 58449.00979000004 58692.68753470015 60398.91612270009 43 220 0.00053 2e-05 0.54785 50 204 0.00054 2e-05 0.63175
26269 ZTF18acxfmbb AGN 58502.99249000009 58834.07121529989 59753.73725689994 30 142 0.00127 3e-05 0.87161 19 97 0.00126 5e-05 0.83205
26289 ZTF18aczvdam AGN 58708.97475690022 59843.94645830011 60379.63653940009 138 85 0.0017 6e-05 0.90175 131 80 0.00136 6e-05 0.868
26434 ZTF19aaermov AGN 58480.98359999992 59627.80243059993 60403.78896989999 63 85 0.00202 5e-05 0.66255 64 116 0.00219 5e-05 0.80794
26475 ZTF19aajxarz AGN 58503.965239999816 59361.721203700174 60311.77780089993 92 159 0.00123 2e-05 0.7911 175 74 0.00084 4e-05 0.51052
26498 ZTF19aalevkv AGN 58513.052511599846 58975.76668980019 60207.70328699984 88 130 0.00065 2e-05 0.52726 57 71 0.00108 6e-05 0.56604
26560 ZTF19aannrvy AGN 58726.98747690022 59149.84491899982 60324.91576390015 44 60 0.00074 3e-05 0.84975 26 52 0.00068 5e-05 0.72677
26624 ZTF19aapgbyf AGN 59263.9919906999 59967.991713 60398.99788190005 90 58 0.00206 0.00021 0.67333 92 62 0.00175 0.00021 0.6343
26639 ZTF19aapumjw AGN 58556.70152000012 59271.89224540023 60398.73930560006 248 285 0.00083 2e-05 0.86456 129 202 0.00061 2e-05 0.66952
26785 ZTF19aaskrrm AGN 58831.04475999996 59216.9047801001 60058.707314800005 22 55 0.00091 4e-05 0.6822 26 71 0.00098 5e-05 0.69154
26790 ZTF19aasljgl AGN 59155.98429400008 59266.80052080005 60398.86350690015 29 77 0.00046 3e-05 0.51106 27 117 0.00062 3e-05 0.6291
26816 ZTF19aatvkqu AGN 58602.00168000022 59713.89996530023 60144.85256939987 45 60 0.00174 0.00011 0.61798 32 62 0.0015 0.0001 0.61838
26825 ZTF19aaucwsg AGN 58608.95829859981 59755.91302079987 60170.8119212999 45 59 0.00151 0.0001 0.59229 29 63 0.00148 0.0001 0.68081
26863 ZTF19aavvvup AGN 58643.95643519983 59356.98648149986 59906.65277779987 66 160 0.00078 3e-05 0.53247 185 86 0.00151 7e-05 0.75347
26877 ZTF19aawfjsd AGN 58607.91809999989 59374.919155099895 60193.73252309999 59 149 0.0012 3e-05 0.64155 29 108 0.0013 5e-05 0.64381
26886 ZTF19aawlmtf AGN 58618.95777999982 59438.84035879979 60314.65879630018 148 195 0.00192 2e-05 0.87567 182 248 0.00134 3e-05 0.6008
26926 ZTF19aayhuvl AGN 58616.92022999981 59272.05690969992 60148.85145829991 118 258 0.00157 2e-05 0.76558 134 241 0.00133 3e-05 0.81992
26979 ZTF19abdkgfj AGN 58667.94810190005 59477.75711809984 60358.65296299989 144 119 0.00101 3e-05 0.70564 176 112 0.00085 4e-05 0.6684
26987 ZTF19abdxxzz AGN 58647.97297 59330.0001968001 60284.621307900175 158 98 0.00084 3e-05 0.61098 61 163 0.00091 3e-05 0.67063
27035 ZTF19abgjfdj AGN 58665.95176000008 59149.7043980998 59531.78516199999 45 100 0.0014 7e-05 0.73876 110 91 0.0018 9e-05 0.68422
27084 ZTF19abjnctt AGN 58674.98655000003 59151.69081019983 60290.64709489979 32 121 0.00063 3e-05 0.77919 23 122 0.00054 2e-05 0.81865
27141 ZTF19ablrcwd AGN 58693.94437499996 59776.9754050998 60340.72275459999 40 60 0.00127 7e-05 0.81694 51 63 0.00136 7e-05 0.8016
27161 ZTF19aboqtsg AGN 58673.98713999987 59694.997511600144 60311.63854169985 51 115 0.00138 5e-05 0.8914 48 156 0.00095 4e-05 0.60283
27162 ZTF19aborkeq AGN 58676.98824999994 59800.88106480008 60290.744259300176 111 64 0.00158 7e-05 0.79917 75 51 0.00166 8e-05 0.65198
27195 ZTF19abtssiw AGN 58713.98534000013 59152.94075229997 60261.91196760023 34 92 0.00057 3e-05 0.59079 33 78 0.00061 3e-05 0.63993
27232 ZTF19abxqzny AGN 58908.98935189983 59783.8819213002 60205.68177080015 157 72 0.002 8e-05 0.78597 162 61 0.00186 9e-05 0.73441
27256 ZTF19acbazea AGN 58721.95449999999 59744.97296300018 60378.662708300166 165 92 0.00141 6e-05 0.8805 230 141 0.00095 5e-05 0.68192
27294 ZTF19acdjjme AGN 58733.99241899978 60187.99854170019 60403.78467589989 104 58 0.0042 0.00038 0.68352 183 59 0.0037 0.00028 0.72737
27347 ZTF19acszpyk AGN 58836.04565969994 59300.8368286998 60357.94089120021 41 69 0.00097 4e-05 0.76077 65 81 0.00115 5e-05 0.74681
27351 ZTF19actszna AGN 58776.69344000006 59674.01857639989 60257.70414349996 152 82 0.00222 7e-05 0.91694 183 125 0.0017 6e-05 0.82121
27367 ZTF19acxyrsb AGN 58829.05426000012 59417.69560190011 60379.84754629992 154 209 0.00125 3e-05 0.56187 159 96 0.00162 8e-05 0.74056
27434 ZTF19adddcvh AGN 59476.6941550998 59673.8879976999 60399.00721060019 7 72 0.00107 5e-05 0.78128 13 79 0.00122 5e-05 0.84861
27554 ZTF20aafycnr AGN 58835.9032800002 59627.71386570018 60352.69255790021 103 77 0.00088 6e-05 0.65195 137 89 0.00097 6e-05 0.59531
27605 ZTF20aajcbyy AGN 58853.05527999997 59200.954120399896 60353.90831020009 86 219 0.00074 2e-05 0.7228 100 141 0.00069 4e-05 0.6019
27659 ZTF20aanxkso AGN 58938.6746100001 59638.84611110017 60403.82364579989 54 65 0.0009 5e-05 0.66089 47 55 0.00093 6e-05 0.66622
27719 ZTF20aatvmou AGN 58908.84410999995 59272.92709490005 60077.82751160022 38 64 0.00135 6e-05 0.83827 29 66 0.00103 6e-05 0.79899
27739 ZTF20aavbjfj AGN 58940.74954999983 59249.93687500013 60327.9000116 36 72 0.00085 6e-05 0.59645 44 63 0.00053 4e-05 0.64
27763 ZTF20aavyvdj AGN 58936.9472099999 59449.68266199995 60147.76503469981 93 61 0.00098 7e-05 0.5572 55 61 0.00084 6e-05 0.52697
27831 ZTF20aazlfmi AGN 59016.70449999999 59802.72810189985 60355.9848495 120 69 0.00147 8e-05 0.61317 143 59 0.00116 0.0001 0.56535
27929 ZTF20abdaxdw AGN 59017.76280000014 59805.72322920011 60398.82700229995 155 79 0.0026 9e-05 0.84633 117 105 0.00191 6e-05 0.90655
28023 ZTF20ablrlai AGN 59018.96607640013 59829.9250810002 60291.61249999981 67 90 0.00206 6e-05 0.86904 116 129 0.00177 7e-05 0.81272
28061 ZTF20abmdoyt AGN 59036.98144999985 59449.88859950006 60307.682430599816 76 71 0.00107 4e-05 0.90426 101 51 0.00092 5e-05 0.76888
28113 ZTF20abnnlge AGN 59036.89100999991 59744.96516200015 60355.64115739986 20 83 0.00115 5e-05 0.65875 45 124 0.001 5e-05 0.56
28169 ZTF20abthqxn AGN 59047.91852999991 59865.83067130018 60290.65325229988 128 160 0.00191 5e-05 0.80092 140 109 0.00165 7e-05 0.67352
28213 ZTF20abxtitr AGN 59091.956180599984 59826.93888889998 60357.62697920017 51 83 -0.00086 5e-05 0.51248 70 81 -0.00103 6e-05 0.62482
28253 ZTF20accpakm AGN 59373.903229199816 59795.879536999855 60290.60950230016 43 84 0.00128 6e-05 0.73021 40 68 0.00123 7e-05 0.71084
28262 ZTF20acdcjgn AGN 59085.914940000046 59776.92561340006 60290.729409699794 65 96 0.00113 6e-05 0.70501 41 87 0.00133 6e-05 0.81406
28574 ZTF21aabypln AGN 59194.02847220004 59639.805659700185 60151.707314800005 149 167 0.00247 5e-05 0.88987 123 150 0.00202 5e-05 0.87895
28936 ZTF21aaygpin AGN 59316.88802079996 59968.01387730008 60234.633784700185 60 69 0.00203 0.00011 0.71512 72 55 0.00306 0.00021 0.74188
28937 ZTF21aaygpqi AGN 59334.98393520014 59393.86658560019 60284.6305670999 5 128 0.00066 3e-05 0.60459 24 84 0.00077 4e-05 0.57638
29063 ZTF21abdjbxf AGN 59366.96187500004 59816.92131939996 60315.67035879986 32 82 0.00104 7e-05 0.72406 44 84 0.00089 6e-05 0.66704
29127 ZTF21abiggqx SN 59364.84729170008 59971.96302080015 60398.97840279993 10 212 0.0012 3e-05 0.60655 234 135 0.00125 0.00014 0.73687
29375 ZTF21acfjviv AGN 59484.00984949991 59629.9093865999 60352.94879630022 27 156 0.0017 4e-05 0.9149 29 209 0.00136 4e-05 0.85346
29634 ZTF22aafujzv SN 59673.844722200185 59784.75949069997 60398.90508100018 42 83 0.00277 9e-05 0.89418 39 82 0.00233 8e-05 0.90725
30077 ZTF22abnfjsm SN 59885.0165161998 59888.9691319 60403.84760419978 0 62 0.00154 0.0001 0.54231 0 65 0.00115 9e-05 0.5668
30701 ZTF18aadcngu AGN 58738.00605319999 59905.90534720011 60378.720601900015 62 52 0.00095 0.0001 0.52642 35 58 0.00084 9e-05 0.71904
30731 ZTF18aailtrs AGN 59702.782245399896 59993.97019679984 60398.82459490001 27 78 0.00411 0.00028 0.67068 11 71 0.00335 0.00026 0.635
30787 ZTF18aaulefp AGN 58281.79116899986 59217.99284720002 59710.93087959988 121 122 0.00238 6e-05 0.8587 119 107 0.00269 8e-05 0.91538
31014 ZTF18accdgos AGN 58538.83311000001 59820.010868099984 60296.91958330013 68 63 0.00195 5e-05 0.68531 128 80 0.00195 6e-05 0.79194
31043 ZTF18acejxql AGN 58400.72265999997 59739.94974539988 59956.637280100025 32 57 0.00411 0.00025 0.86698 33 61 0.0036 0.00022 0.88518
31053 ZTF18aceqygm AGN 58584.76928240014 58847.07725689979 60105.71805559984 55 119 0.00095 3e-05 0.68962 17 127 0.0012 4e-05 0.7796
31211 ZTF19aaapjhg AGN 58470.02993000019 59249.94633099996 60116.70700229984 6 106 0.00095 3e-05 0.7353 7 53 0.00113 7e-05 0.65648
31214 ZTF19aaaplnh AGN 58477.03391999984 59271.96392360004 60163.76271989988 122 98 0.00098 4e-05 0.71538 123 128 0.00081 4e-05 0.69445
31251 ZTF19aadgnls AGN 58469.03808999993 59142.63567129988 60120.82106480002 71 156 0.0007 3e-05 0.62117 85 135 0.00074 3e-05 0.62346
31327 ZTF19aalfuch AGN 58523.00454000011 58975.89168980019 59401.81938660005 64 59 0.00187 9e-05 0.81709 57 60 0.00135 9e-05 0.73043
31346 ZTF19aamuovz AGN 58577.91535999999 59217.9678588002 60379.80532409996 131 150 0.00096 3e-05 0.8588 150 166 0.00069 3e-05 0.75336
31372 ZTF19aanvipq AGN 58543.97300999984 58976.99186340021 59529.621088000014 69 129 0.00109 5e-05 0.64789 49 95 0.0013 6e-05 0.692
31521 ZTF19aasfmcu AGN 58994.77065999992 59447.70576390019 60172.7212152998 50 80 0.00083 5e-05 0.64189 43 85 0.00086 6e-05 0.57205
31591 ZTF19aavvvuy AGN 58643.95643519983 59036.97001159983 60212.91245369986 71 208 0.00062 2e-05 0.67716 88 202 0.00071 2e-05 0.6808
31641 ZTF19abaejvq AGN 58641.94622689998 59761.93223380018 60254.68611110002 130 70 0.00155 7e-05 0.55059 97 53 0.00133 8e-05 0.68617
31662 ZTF19abceybb AGN 58646.94038000005 59150.685636600014 59871.66821759986 21 69 0.00128 5e-05 0.81223 40 56 0.00114 7e-05 0.63595
31668 ZTF19abctjnx AGN 58637.9349799999 58978.95178239979 59529.71706019994 16 91 0.00205 8e-05 0.77958 10 74 0.00205 0.00013 0.67784
31679 ZTF19abdjvdl AGN 58647.963657400105 59391.91850689985 60226.68891200004 25 79 0.00102 4e-05 0.78314 31 60 0.00086 5e-05 0.76214
31687 ZTF19abdoixr AGN 58688.83155089989 59780.78465279983 60398.99788190005 305 99 0.00143 6e-05 0.73213 222 136 0.00107 4e-05 0.79575
31756 ZTF19abjfmay AGN 59016.963784699794 59861.69520829991 60262.66747689992 115 68 0.00119 9e-05 0.61365 97 77 0.00077 7e-05 0.51981
31784 ZTF19abkeshy AGN 58667.93876999989 59540.62468749983 60260.69026619988 54 65 0.00153 7e-05 0.8719 50 64 0.00117 6e-05 0.81176
31834 ZTF19abqypot AGN 58713.99624999985 59206.89153939998 60294.85920140008 73 106 0.00101 2e-05 0.72165 80 76 0.00117 3e-05 0.74442
31847 ZTF19abucfgu AGN 58695.94058999978 59786.968518500216 60324.62885419978 79 93 0.00124 6e-05 0.82238 71 58 0.00119 8e-05 0.80261
31914 ZTF19accsxdw AGN 58750.005969999824 59712.687951399945 60403.7894444 263 111 0.00176 5e-05 0.84048 280 203 0.00173 4e-05 0.84235
32267 ZTF20aasxacm AGN 58885.96725000022 60044.97800929984 60399.00721060019 160 69 0.00101 0.00018 0.50531 170 68 0.00102 0.00018 0.54584
32337 ZTF20aavzcbx AGN 58940.87643999979 59207.06079859985 60119.71115740016 28 79 0.00082 4e-05 0.71808 21 98 0.00057 3e-05 0.53115
32405 ZTF20aazlthc AGN 58978.95225689979 58978.95225689979 59491.78473380022 0 118 0.00234 6e-05 0.91814 52 63 0.00218 0.00012 0.6675
32430 ZTF20aazsfxn AGN 58956.7418399998 59627.94938659994 60398.90753469989 189 193 0.00154 3e-05 0.77108 231 134 0.00167 5e-05 0.79006
32468 ZTF20abchgsj AGN 58987.95210999996 59309.01481480012 59877.74451390002 68 102 0.0013 4e-05 0.7592 78 116 0.00119 5e-05 0.69332
32515 ZTF20abgbulk AGN 59018.88604169991 59818.83282409981 60284.667060200125 96 74 0.0013 7e-05 0.60146 98 66 0.00094 8e-05 0.54623
32648 ZTF20abpplyz SN 59033.84305999987 59146.80521989986 60358.65824070014 3 234 0.00417 2e-05 0.76017 1 204 0.00299 2e-05 0.62597
32696 ZTF20abxkvlk AGN 59092.98501159996 59296.80004630005 60294.02983799996 39 91 0.00094 4e-05 0.76111 72 73 0.00118 5e-05 0.81464
32776 ZTF20aciprtk AGN 59110.793750000186 59543.61804400012 60205.80002309987 46 61 0.00088 7e-05 0.63849 55 56 0.00133 9e-05 0.76014
32783 ZTF20aciwezu AGN 59115.66149999993 59423.80255790008 60115.9034258998 81 84 0.00277 6e-05 0.82139 59 95 0.00266 6e-05 0.89389
33537 ZTF21abxycfx AGN 59439.95630790014 59805.91827550018 60358.62806709996 19 62 0.00099 6e-05 0.6041 11 61 0.00104 6e-05 0.65817
34503 ZTF18aacjtlo AGN 58423.01329000015 59450.00283560017 60357.80160879996 312 105 0.00498 6e-05 0.95479 335 236 0.00385 3e-05 0.92991
34550 ZTF18aampkkf AGN 58272.75 58963.00206020009 60398.99311339995 99 332 0.00049 1e-05 0.58144 93 366 0.0005 1e-05 0.60882
34562 ZTF18aaqhlrk AGN 58469.03764000023 59776.84195599984 60398.90364579996 229 93 0.00233 6e-05 0.64173 220 63 0.00185 8e-05 0.551
34589 ZTF18aavvdfa AGN 58539.01338999998 58695.804837999865 60088.8271296001 37 304 0.00074 2e-05 0.66398 109 188 0.00077 3e-05 0.64096
34595 ZTF18aawgylp AGN 58605.87706999993 59794.71986109996 60356.01611110009 55 80 0.00239 9e-05 0.84058 54 67 0.00214 8e-05 0.92777
34597 ZTF18aawlgyx AGN 58539.96665999992 60072.92961810017 60398.99454860017 352 68 0.00255 0.00019 0.56237 284 69 0.00212 0.00018 0.54991
34722 ZTF18abvucyn AGN 58607.97827549977 59694.00006939983 60290.71987270005 145 196 0.00099 4e-05 0.5269 112 243 0.00133 3e-05 0.72959
34727 ZTF18abvziyf SN 58400.69131000014 59676.98960650014 60212.77306709997 201 133 0.00132 4e-05 0.53063 206 138 0.00159 5e-05 0.5084
34818 ZTF18acsvwqp AGN 59010.96805999987 60022.03791669989 60284.622280099895 322 93 0.00387 0.00021 0.68625 274 119 0.00227 0.00013 0.59407
34929 ZTF19aacqijv AGN 58464.75730000017 59110.95305560017 60294.7721644002 66 118 0.00168 3e-05 0.88208 58 217 0.00122 2e-05 0.58591
34951 ZTF19aafnkzj AGN 58482.05641999981 58884.96630789992 60398.92590280017 49 226 0.00101 2e-05 0.71336 40 153 0.00124 3e-05 0.75978
34990 ZTF19aamjgim AGN 58547.91050929995 58891.97332180012 59853.63457180001 72 201 0.00071 2e-05 0.57911 54 147 0.00059 3e-05 0.54559
34992 ZTF19aamqvge AGN 58583.84584489977 59304.93365739984 59812.73980320012 107 100 0.0012 6e-05 0.63949 90 68 0.00132 8e-05 0.71052
34998 ZTF19aamrhjb AGN 58572.96751999995 59859.63252309989 60398.998356500175 146 71 0.00147 0.00011 0.7304 110 62 0.00144 0.00013 0.65972
35013 ZTF19aanuqur AGN 58568.01454999996 59628.972916699946 60399.01052080002 236 161 0.00049 4e-05 0.62496 230 175 0.00055 4e-05 0.62717
35086 ZTF19aarxahc AGN 58583.80484999996 59281.76611110009 60379.82524310006 180 241 0.00061 2e-05 0.64889 206 144 0.00052 3e-05 0.52684
35107 ZTF19aaschec AGN 58936.984247699846 60064.95576390019 60398.998356500175 175 67 0.00085 0.00016 0.59096 161 62 0.00093 0.0002 0.50274
35185 ZTF19aatxzlv AGN 58580.71530999988 59126.970671299845 59531.912986100186 55 80 0.00228 0.00011 0.81004 60 80 0.00216 0.0001 0.8638
35222 ZTF19aawgckf AGN 58608.95829859981 59122.80197919998 60250.62803239981 32 123 0.00065 3e-05 0.70741 38 60 0.00068 5e-05 0.60352
35287 ZTF19abcctgw AGN 58640.94310190016 59152.6705093002 60146.83025459992 17 114 0.00075 3e-05 0.76514 30 103 0.00084 4e-05 0.72997
35318 ZTF19abfdxus AGN 58644.814619999845 59773.7551851999 60231.63072919985 183 82 0.00508 7e-05 0.97435 229 90 0.00461 7e-05 0.96405
35326 ZTF19abfrlhf AGN 58674.946053199936 59126.78437499981 59880.73346060002 28 87 0.00108 4e-05 0.80505 21 52 0.0009 6e-05 0.72892
35363 ZTF19abjgcof AGN 58679.95383000001 58887.69972220017 59530.8422801001 33 69 0.00136 7e-05 0.73755 33 64 0.00128 8e-05 0.65632
35371 ZTF19abjqvkz AGN 58674.94655090012 59129.85659720004 60230.87297450006 46 114 0.00126 3e-05 0.79525 28 124 0.00126 2e-05 0.81832
35392 ZTF19ablfcmi AGN 58666.92206020001 59210.677511599846 60261.70603010012 49 137 0.00087 3e-05 0.58681 99 60 0.00189 7e-05 0.82995
35431 ZTF19abrdytw AGN 58690.67082000012 59386.8208217998 59842.64355320018 115 91 0.00188 7e-05 0.91724 112 80 0.00176 8e-05 0.86501
35595 ZTF19adhxdmb AGN 59698.94503469998 59758.85659720004 60150.86745369993 12 60 0.00187 0.0001 0.76137 13 54 0.00224 0.00011 0.76892
35605 ZTF20aaawczs AGN 58846.92485000007 59301.78609950002 60352.83244210016 45 64 0.00105 4e-05 0.72624 66 127 0.00059 3e-05 0.58236
35628 ZTF20aadxpot AGN 58831.06393999979 59540.03856479982 60403.836666699965 119 96 0.00102 6e-05 0.62734 125 112 0.00095 5e-05 0.69141
35656 ZTF20aagyzzn AGN 58846.62678240007 59197.70682869991 60260.71412040014 67 97 0.00085 3e-05 0.75275 74 95 0.00071 3e-05 0.7828
35724 ZTF20aaohlyu AGN 58940.68975999998 59271.86584489979 60062.67237270018 39 73 0.00076 4e-05 0.72396 12 105 0.00057 3e-05 0.66655
35780 ZTF20aauvhbd AGN 58939.82684999984 59538.866504599806 60262.97909720009 91 83 0.00138 6e-05 0.72823 81 106 0.00126 5e-05 0.77839
35819 ZTF20aawirjb AGN 58964.95673609991 59711.90251159994 60255.65077550011 57 93 0.00142 6e-05 0.75902 45 116 0.00089 4e-05 0.72718
35985 ZTF20ablvxbx AGN 59024.87871999992 59440.899536999874 59903.64776619989 44 60 0.00119 8e-05 0.66038 28 61 0.00083 6e-05 0.64492
35996 ZTF20abmdoyy AGN 59046.951249999925 59878.819004599936 60321.6870255 114 59 0.00205 8e-05 0.70033 142 67 0.00176 8e-05 0.72887
36048 ZTF20abodaps AGN 59046.93863000022 59076.89675930003 60262.7042824002 65 88 0.00116 4e-05 0.89243 3 122 0.00106 3e-05 0.90577
36089 ZTF20abwypdj AGN 59622.64313660003 59628.65969910007 60311.63995369989 1 231 0.00103 3e-05 0.72968 25 242 0.00098 3e-05 0.65659
36123 ZTF20accqglh AGN 59142.64333330002 59390.93914349983 60148.92564810021 8 74 0.00088 5e-05 0.5142 13 66 0.0008 5e-05 0.62876
36516 ZTF21aazmezm AGN 59313.92063659988 59600.967777799815 60150.72178239981 30 80 0.00148 7e-05 0.742 12 59 0.00127 9e-05 0.71596
36706 ZTF21abxowzx SN 59436.840428200085 59531.68920140015 60263.61303240014 18 104 0.00249 5e-05 0.94359 17 97 0.00242 5e-05 0.95533
36707 ZTF21abxpsxu AGN 59435.86927080015 59806.950000000186 60252.78918980016 68 96 0.00178 7e-05 0.85164 73 76 0.00142 9e-05 0.68034
36721 ZTF21acagogs AGN 59483.65965279983 59697.89012729982 60224.63570600003 26 156 0.00141 5e-05 0.60111 35 129 0.00148 6e-05 0.61732
36722 ZTF21acathne SN 59439.84677080018 59743.90912039997 60092.88398149982 41 51 0.0025 0.00013 0.66388 26 58 0.00213 0.00015 0.55689
37083 ZTF22abbozjd SN 59811.98703699978 59933.84988430003 60403.82317129988 28 56 0.00154 0.0001 0.83656 32 66 0.00129 8e-05 0.74717
37476 ZTF18aamncub AGN 58278.80722220009 58943.97229170008 60398.99740740005 203 382 0.00077 1e-05 0.63112 208 390 0.00078 1e-05 0.60495
37624 ZTF18acefqom AGN 58425.861060000025 59905.85021989979 60403.80178239988 203 70 0.00263 8e-05 0.6426 220 63 0.00235 8e-05 0.66818
37633 ZTF18aceyyly AGN 58423.98830999993 59206.98855319992 60089.77415509988 262 180 0.00095 3e-05 0.70231 228 193 0.00065 3e-05 0.50629
37692 ZTF19aacpqxw AGN 58464.781390000135 59795.94638889981 60353.65812500008 359 256 0.00127 4e-05 0.61031 467 409 0.00105 3e-05 0.57141
37756 ZTF19aamrjar AGN 58568.00432999991 59164.63916670019 60398.99025460007 120 234 0.00097 2e-05 0.95991 133 244 0.001 2e-05 0.97175
37810 ZTF19aaqtrtz AGN 58607.97329859994 59674.02008099994 60259.644814800005 151 51 0.00148 6e-05 0.62154 175 88 0.00191 6e-05 0.69012
37819 ZTF19aarucif AGN 58580.88077550009 58939.92780089984 59375.737222199794 25 59 0.00117 8e-05 0.56001 31 51 0.00101 9e-05 0.51442
37827 ZTF19aasbyvx AGN 58605.88413000014 60042.885659699794 60398.90364579996 552 122 0.0057 0.00014 0.89263 456 113 0.00504 0.00015 0.91977
37905 ZTF19aatvkbu AGN 58607.96740739979 59758.85659720004 60163.91574069997 64 62 0.00192 9e-05 0.81089 39 57 0.0021 0.0001 0.76966
37939 ZTF19aawousb AGN 58675.75903999992 59216.02697920008 60398.998356500175 259 105 0.00114 6e-05 0.69914 102 263 0.00045 2e-05 0.55532
37946 ZTF19aaxfyyu AGN 58608.88230999978 59263.97197919991 60398.99025460007 120 148 0.00085 3e-05 0.78468 74 197 0.00066 2e-05 0.6406
37983 ZTF19abctpek AGN 58637.932256899774 59098.86957179988 59529.67679399997 79 51 0.00157 0.00011 0.5635 54 68 0.00157 8e-05 0.83395
38034 ZTF19abjfowa AGN 59267.06195600005 59418.84030089993 60255.67677079979 69 175 0.00095 3e-05 0.58005 41 150 0.00088 3e-05 0.68527
38073 ZTF19abrjlke AGN 58705.96982999984 58883.69535879977 59280.65695599979 17 55 0.00208 9e-05 0.87914 43 67 0.00181 0.00011 0.68322
38122 ZTF19acjwsfq AGN 58757.79663190013 59134.67086810013 60262.6904397998 31 162 0.00079 2e-05 0.78626 35 170 0.00083 2e-05 0.78823
38192 ZTF19adgyhup AGN 59673.8655208 59688.88413190004 60140.78540509986 12 60 0.0025 0.0001 0.84476 6 73 0.00255 9e-05 0.86905
38206 ZTF20aabqgyu AGN 58831.06674000016 59304.87700230023 60137.7207986 93 203 0.00093 2e-05 0.77649 110 223 0.00084 2e-05 0.71509
38279 ZTF20aamogcz AGN 58864.05833999999 59805.74187499983 60398.90658560023 188 84 0.00166 9e-05 0.7097 147 58 0.00211 0.00016 0.64832
38295 ZTF20aapcvpj AGN 58907.016480000224 59805.72229170008 60398.90317129996 83 100 0.00159 8e-05 0.597 61 52 0.00125 0.0001 0.67566
38306 ZTF20aarbmrk AGN 58880.00781999994 59034.71461809985 59489.69479170023 31 70 0.00159 8e-05 0.68486 23 60 0.00108 8e-05 0.6437
38358 ZTF20aawmgha AGN 58937.01595999999 59744.92868060013 60184.6640625 132 77 0.00212 7e-05 0.83729 158 57 0.00178 0.0001 0.7823
38367 ZTF20aaxbymx AGN 59016.70450229989 59300.88718750002 60145.727812500205 36 90 0.00076 4e-05 0.60679 30 110 0.00056 4e-05 0.61344
38452 ZTF20abgbhml AGN 59018.85523150023 59385.85505789984 60234.629490700085 13 83 0.00056 4e-05 0.69845 8 89 0.00059 4e-05 0.67276
38669 ZTF20acpzwrb AGN 59176.00308000017 59302.75697920006 59763.69854169991 27 59 0.00214 7e-05 0.94695 24 56 0.00192 8e-05 0.89059
38963 ZTF21abhrmnk AGN 59371.91347219981 59476.76900460012 60150.88070600014 26 55 0.00119 8e-05 0.65126 36 57 0.00099 9e-05 0.51193
39098 ZTF21acjephe AGN 59497.88078700006 59873.81966440007 60238.833171300124 33 87 0.00143 7e-05 0.77182 44 55 0.00112 9e-05 0.65808
39628 ZTF18aaxvxzp AGN 58278.870034699794 58886.98892359994 59878.68546300009 116 271 0.00071 2e-05 0.69088 92 273 0.00067 2e-05 0.63437
39669 ZTF18abschej AGN 58361.90116900019 59079.96332179988 59542.67997690011 142 160 0.00267 5e-05 0.85112 151 133 0.0026 6e-05 0.88158
39683 ZTF18abudcmw AGN 58568.033460000064 59537.65890049981 60147.783194399904 233 115 0.00249 6e-05 0.89583 185 112 0.00197 6e-05 0.90296
39753 ZTF18aczpgwm AGN 58456.69191000005 58674.98421300016 60253.79074069997 7 157 0.00161 2e-05 0.86949 5 173 0.00184 2e-05 0.93383
39781 ZTF19aacodaq AGN 58464.76738000009 59485.87451389991 60287.70657410007 268 189 0.00107 3e-05 0.61941 255 120 0.00108 4e-05 0.52357
39792 ZTF19aadgmyc AGN 58469.03764000023 59502.65358800022 60165.69849540014 201 94 0.00118 5e-05 0.80773 225 89 0.00109 6e-05 0.70205
39802 ZTF19aailpwl AGN 58495.028460000176 58712.73972220021 59292.89023149992 24 100 0.00355 6e-05 0.95735 53 97 0.00322 7e-05 0.95742
39859 ZTF19aaqelll AGN 59291.96322919987 59450.77982639987 60212.66672449978 39 112 0.0007 5e-05 0.53772 18 145 0.0007 4e-05 0.61536
39864 ZTF19aartelz AGN 58572.69798999978 59538.84615739994 60403.80178239988 259 120 0.00123 6e-05 0.7281 268 122 0.00082 6e-05 0.64671
39935 ZTF19aawjglp AGN 58608.89111999981 59452.78570599994 60145.7254050998 207 121 0.00249 4e-05 0.73899 183 107 0.00248 5e-05 0.7136
39937 ZTF19aawsvkt AGN 58644.72141000023 59419.78259260021 60171.75612269994 104 89 0.00083 5e-05 0.53403 85 92 0.00125 5e-05 0.79392
39968 ZTF19abcegpf AGN 58646.94038000005 58741.70451389998 60234.68971059984 12 145 0.00108 2e-05 0.81968 19 105 0.00096 2e-05 0.78882
39999 ZTF19abisaww SN 59036.980339999776 59399.92159719998 59935.68709489983 47 62 0.0015 6e-05 0.56103 49 57 0.00135 7e-05 0.5783
40038 ZTF19ablfitu AGN 58692.98957000021 59876.88252309989 60352.70108800009 55 61 0.00175 9e-05 0.70089 40 57 0.00177 8e-05 0.84588
40041 ZTF19abljdlw AGN 58909.01341000013 59727.827893500216 60173.68082180014 51 52 0.00158 0.0001 0.64655 28 75 0.00141 7e-05 0.77036
40053 ZTF19aboyffz AGN 58680.94077999983 59863.81190969981 60261.69046299998 72 82 0.00188 8e-05 0.76883 52 63 0.00152 0.0001 0.69512
40059 ZTF19abqyohb AGN 58713.99346000003 59690.76099540014 60238.99506939994 166 59 0.00314 9e-05 0.864 210 143 0.00258 5e-05 0.8128
40067 ZTF19abuohbf AGN 58696.86660999991 59494.69185189996 60259.68312499998 40 133 0.00058 3e-05 0.60249 61 104 0.00051 4e-05 0.51944
40070 ZTF19abvqwoq AGN 58907.016480000224 59780.755312500056 60145.74282409996 190 61 0.00269 0.0001 0.88848 180 52 0.00234 0.00012 0.88883
40085 ZTF19acauxdk AGN 58721.99971000012 59099.903182900045 60262.90101849986 39 148 0.00078 2e-05 0.64203 39 134 0.00082 2e-05 0.65964
40151 ZTF20aaaaktm AGN 58819.61512999982 59710.98211809993 60259.77689810004 12 124 0.00144 7e-05 0.60028 42 215 0.00116 4e-05 0.65159
40274 ZTF20aawimhu AGN 58936.990659699775 59685.90854169987 60403.96402780013 169 166 0.00153 4e-05 0.60453 127 141 0.0011 4e-05 0.57735
40278 ZTF20aawossg AGN 58936.98425000021 59675.93512730021 59874.63464119984 95 56 0.00335 0.00028 0.60151 119 66 0.0024 0.00022 0.62991
40481 ZTF20acrxxvi SN 59189.78457000013 59867.91645829985 60294.76048609987 47 69 0.00175 0.0001 0.6395 66 54 0.00151 0.00011 0.5872
40518 ZTF21aacukqy AGN 59217.05971999979 59315.97826390015 60175.68054400012 15 109 0.00083 3e-05 0.5685 20 77 0.001 4e-05 0.6853
40570 ZTF21aalmrsl AGN 59248.89483800018 59538.84615739994 60403.80081020016 89 106 0.00142 7e-05 0.74919 108 104 0.00083 8e-05 0.55849
40650 ZTF21aazmsyx AGN 59371.912534699775 59736.95777780004 60200.86556709977 73 119 0.00143 6e-05 0.73014 31 78 0.00137 9e-05 0.68056
40709 ZTF21abgyxma AGN 59382.937673599925 59474.83738429984 60262.72777780006 20 79 0.00079 5e-05 0.67421 13 72 0.00076 5e-05 0.69543
41185 ZTF18aayafzx AGN 59224.99733999977 59887.62204860011 60234.635659699794 133 59 0.00134 0.00016 0.59869 148 65 0.00171 0.00017 0.68596
41239 ZTF18acatyzh AGN 58400.75568290008 59773.93523149984 60238.74767359998 223 98 0.002 6e-05 0.92386 266 119 0.00236 7e-05 0.88376
41261 ZTF18acpwmrv AGN 58434.92258000001 59532.99496529997 60403.82464119978 136 93 0.00156 6e-05 0.6479 133 83 0.00143 7e-05 0.58332
41354 ZTF19aaprbyt AGN 58574.98080000002 59772.91390050016 60260.60423609987 85 51 0.00212 0.0001 0.74252 99 73 0.00156 8e-05 0.76079
41373 ZTF19aasbtzx AGN 58605.91344999988 59383.720046299975 60356.033669000026 310 242 0.00158 3e-05 0.78438 235 277 0.00077 2e-05 0.56029
41393 ZTF19aashgdf AGN 58831.07171999989 58893.99974540016 59321.90462959977 11 65 0.00151 0.0001 0.53625 13 61 0.00129 0.0001 0.5865
41397 ZTF19aaslpsg AGN 58940.99050999992 59480.80726849986 60162.71957179997 137 210 0.00101 4e-05 0.64443 26 214 0.00075 3e-05 0.6163
41410 ZTF19aavaheg SN 58593.94093000004 59468.8208912001 60148.85673609981 66 81 0.00199 6e-05 0.76615 60 63 0.00205 7e-05 0.78402
41565 ZTF19acvmkur AGN 58785.87605000008 59079.97728009988 60294.67106480012 28 92 0.0006 3e-05 0.65718 16 77 0.00065 6e-05 0.5135
41658 ZTF20aaswxjw AGN 58885.05616899999 59217.99332180014 59807.67825229978 36 74 0.00088 6e-05 0.64641 34 120 0.00079 5e-05 0.65039
41670 ZTF20aavkuwb AGN 58936.99020829983 59349.90967589989 59762.84437499987 38 80 0.00206 8e-05 0.76728 23 72 0.00148 8e-05 0.70233
41691 ZTF20aazppcj AGN 59220.030910000205 59853.64273149986 60194.70590279997 120 63 0.00185 0.00016 0.71874 103 51 0.00213 0.00023 0.67609
41705 ZTF20abchfnx AGN 58978.95271999994 59862.72432869999 60284.65332179982 226 86 0.00168 8e-05 0.58889 152 195 0.00109 4e-05 0.53289
41771 ZTF20abvyktf AGN 59084.94856479997 59180.71496530017 60261.93405089993 24 74 0.00102 4e-05 0.58281 37 63 0.00082 4e-05 0.56525
41969 ZTF21abepiyb AGN 59344.9598495001 59781.92341439985 60252.6811573999 62 83 0.00178 7e-05 0.75666 53 73 0.00174 8e-05 0.72935
42115 ZTF22aanwibf SN 59710.7670948999 59786.74295140011 60174.7269444 31 86 0.00981 0.00013 0.93732 29 142 0.00632 8e-05 0.90826
42302 ZTF18aaevefk AGN 58425.99812000012 58846.9579977002 59291.73318290012 45 78 0.00125 8e-05 0.51797 38 120 0.00092 6e-05 0.565
42397 ZTF18acevfyn AGN 58424.696130000055 59425.92966439994 60238.732199099846 292 161 0.00109 3e-05 0.67817 169 109 0.00088 4e-05 0.5431
42448 ZTF19aaleofk AGN 58543.94874999998 59805.7256018999 60398.996944400016 739 242 0.00142 4e-05 0.80898 666 170 0.00115 9e-05 0.63451
42524 ZTF19aawfyvf AGN 58607.97238000017 59689.95601850003 60399.01599540003 161 145 0.00142 4e-05 0.7958 221 162 0.00139 4e-05 0.85265
42734 ZTF20abdnozq AGN 59026.74789000023 59625.99453700008 60403.95739579992 123 244 0.00112 3e-05 0.55604 127 248 0.00127 3e-05 0.63564
42783 ZTF20abmtgfs AGN 59434.85974540003 59991.66167820012 60235.82116900012 73 67 0.00334 0.0001 0.88369 133 61 0.00523 0.00025 0.7726
43222 ZTF18aaybfte AGN 58284.78577549989 58534.896238400135 59764.75914350012 10 230 0.00102 2e-05 0.67241 12 244 0.00105 2e-05 0.77025
43308 ZTF19aamhihx AGN 58606.748649999965 58968.88060190016 59406.74020829983 31 79 0.00123 7e-05 0.70568 29 87 0.0011 7e-05 0.60096
43318 ZTF19aaojsfw AGN 58547.877997700125 59201.03789350018 59762.72201390006 79 57 0.00124 8e-05 0.72937 78 76 0.00145 7e-05 0.77922
43328 ZTF19aarqili AGN 58618.95777999982 59123.69076390006 59543.6237269002 106 83 0.00296 8e-05 0.8749 57 141 0.0024 5e-05 0.89701
43346 ZTF19aasmhni AGN 58572.95451000007 59828.70280090021 60163.748356500175 121 95 0.00281 9e-05 0.81837 110 77 0.00263 0.00011 0.82252
43359 ZTF19aawhcra AGN 58605.89890050003 59447.68155089999 60145.745185200125 95 90 0.00085 4e-05 0.55924 100 75 0.00076 6e-05 0.5031
43408 ZTF19abkhezi AGN 58694.96896990016 59125.98893520003 60403.722638899926 93 314 0.00093 2e-05 0.6911 80 321 0.00089 2e-05 0.69422
43417 ZTF19abtofeb AGN 58694.88568289997 59894.7290856 60254.672824100126 60 51 0.00203 0.00011 0.79886 90 61 0.00242 0.00018 0.71334
43430 ZTF19abzpxfo AGN 58721.82159999991 59502.84335649992 60254.69357640017 70 104 0.00115 5e-05 0.71547 119 139 0.00139 5e-05 0.70745
43519 ZTF20abawnnb AGN 58961.8995099999 59254.92899309984 60134.74929400021 74 53 0.00117 5e-05 0.77019 38 109 0.00113 3e-05 0.84221
43559 ZTF20accpuaf AGN 59095.77477000002 59374.90179400006 59883.64942129981 14 79 0.00086 6e-05 0.59172 20 56 0.00088 8e-05 0.67018
43767 ZTF22abuctat AGN 59870.80061340006 60109.9755671001 60358.64275459992 7 63 0.00161 0.0001 0.73836 50 70 0.00441 0.00035 0.51768
43878 ZTF18acaubjn AGN 58400.75797449984 59686.99134259997 60252.70225689979 197 78 0.00184 8e-05 0.88242 190 160 0.00118 5e-05 0.53289
43898 ZTF18adiqzzp AGN 59600.9131018999 59601.01905089989 60139.72006940004 0 88 0.0022 6e-05 0.77301 0 115 0.00188 6e-05 0.62913
43900 ZTF18adngyly AGN 59707.98355320003 59719.98549770005 60212.91056710016 20 65 0.00152 9e-05 0.76344 19 121 0.00163 6e-05 0.78856
44062 ZTF20aawjlrk AGN 58940.72264999989 59130.00674769981 59363.7191666998 11 66 0.00503 0.00018 0.89701 10 75 0.0034 0.00017 0.83242
44077 ZTF20abaslfs AGN 58987.98687499994 59689.94230319979 60260.60672450019 76 90 0.00141 6e-05 0.63114 79 97 0.00137 6e-05 0.76784
44320 ZTF18aavopzs AGN 58272.75 59785.78118060017 60399.01052080002 576 220 0.00142 4e-05 0.61922 614 228 0.0009 4e-05 0.52036
44347 ZTF18acdxblt AGN 58400.62337000016 59629.03203700017 59870.70438659983 13 122 0.00319 0.00015 0.67797 6 125 0.00258 0.00014 0.63687
44423 ZTF19abnrvsz AGN 58676.93430999992 59759.96086810017 60354.63432870014 313 105 0.00179 7e-05 0.79601 332 185 0.00105 5e-05 0.56964
44467 ZTF20aavyopv AGN 58937.88564810017 59682.835706000216 60134.69909719983 82 74 0.00103 7e-05 0.65789 68 85 0.00084 6e-05 0.65534
44531 ZTF21aaitzys AGN 59225.98908999981 59685.885810200125 60160.68267360004 165 201 0.0021 4e-05 0.87158 159 186 0.00199 5e-05 0.82128
44686 ZTF18acdwfgc AGN 58423.59263999993 59008.81084490009 59145.61868060008 63 54 0.00595 0.00033 0.80033 52 54 0.00509 0.00031 0.7637
44697 ZTF19aaaplpa AGN 58473.03575999988 59967.990289399866 60151.78061340004 351 76 0.00388 0.00025 0.61782 301 57 0.00416 0.00033 0.58083
44708 ZTF19aapfzyw AGN 58558.00910999999 59399.80692130001 59881.62060189992 413 178 0.00106 5e-05 0.50035 206 171 0.00126 4e-05 0.74802
44791 ZTF20abgdquh AGN 59018.8874400002 59776.92561340006 60238.75311340019 91 83 0.00125 7e-05 0.77247 95 59 0.00112 9e-05 0.78276
44964 ZTF19aaskxfg AGN 58572.83413999993 59300.83918979997 59765.733275500126 72 51 0.00116 7e-05 0.55858 22 86 0.00073 5e-05 0.62625
45061 ZTF21aasxorf AGN 59341.84775459999 59743.80357640004 60145.80123839993 33 74 0.00125 8e-05 0.71598 32 62 0.001 9e-05 0.61486
45295 ZTF18aaudhst AGN 58278.86344909994 58744.63986109989 60143.7742360998 86 298 0.00057 1e-05 0.51936 71 206 0.00061 2e-05 0.55233
45517 ZTF18admohwx AGN 59698.94597220002 59762.94143520016 60245.66513889981 27 69 0.00291 8e-05 0.60166 15 75 0.00248 7e-05 0.72763
45530 ZTF19aborgbq AGN 58676.936122700106 59991.6635532002 60262.76218750002 94 56 0.00133 0.00011 0.64853 143 52 0.00305 0.00031 0.51782
45583 ZTF18abnuflo AGN 58348.853981500026 59762.94143520016 60237.74817130016 141 66 0.00272 8e-05 0.61352 110 70 0.00241 7e-05 0.75151
45584 ZTF18abuifwq SN 58379.86841440015 59176.723518500105 60245.78799769981 214 121 0.00094 3e-05 0.77294 262 220 0.00151 2e-05 0.90555
45589 ZTF19aamjenr AGN 58548.01583330007 59064.80614579981 60179.70768520003 172 391 0.00141 2e-05 0.8713 172 397 0.00135 2e-05 0.88199
45707 ZTF21aaihgpr AGN 59249.01590280002 59823.8099769 60212.71819439996 198 158 0.00143 6e-05 0.68904 167 155 0.00153 6e-05 0.67906
45727 ZTF18adokxnh AGN 59640.86748840008 59695.77478010021 60398.88097220007 36 201 0.00253 5e-05 0.67781 8 387 0.00226 4e-05 0.74898
45741 ZTF20aadcbqo AGN 58853.02532410016 59358.9001042 59729.87878469983 14 74 0.00164 8e-05 0.58429 7 76 0.00138 7e-05 0.65473
45782 ZTF19adccidg AGN 58820.010220000055 59176.03013890004 59344.70438659983 85 94 0.00274 0.0002 0.56426 73 57 0.00304 0.00025 0.54927
45848 ZTF19abakkdq AGN 58628.794360000174 59695.86518519977 59789.68777780002 300 66 0.00505 0.00048 0.59194 169 75 0.00261 0.00026 0.55453
45849 ZTF19abjacpi AGN 58661.970869999845 59862.716678199824 60261.80037039984 248 78 0.00177 8e-05 0.84973 297 80 0.00149 8e-05 0.67146
45933 ZTF19aartnzj AGN 58572.81031000009 59187.99497690005 59370.76130789984 147 105 0.00487 0.00018 0.87055 110 102 0.00485 0.00018 0.81141
46094 ZTF18aaxsntq NT 58372.70784719987 58689.68005790003 59317.767442100216 26 106 0.00211 7e-05 0.5936 25 65 0.00208 0.00011 0.54869
46097 ZTF19aacprup AGN 58466.717399999965 58819.69061340019 59793.88401619997 87 117 0.00228 8e-05 0.64568 54 99 0.00147 7e-05 0.55106
46101 ZTF19aabjeni AGN 58462.96700999979 59930.84629630018 60326.9052546001 103 57 0.00283 0.0001 0.6975 129 906 0.00264 6e-05 0.64976
