 objectId SherlockClass MJD_First MJD_Peak MJD_Last N_pre_g N_post_g slope_g slope_err_g Rsq_g N_pre_r N_post_r slope_r slope_err_r Rsq_r
99 ZTF18aacvzqi AGN 58736.98761569988 59255.71756940009 60403.82175929984 88 141 0.00077 2e-05 0.85519 99 133 0.00074 3e-05 0.88448
245 ZTF18aaikalw AGN 58276.76121529983 59375.7429860998 59766.72372689983 89 44 0.00216 0.0001 0.92248 121 36 0.00231 0.00012 0.91865
770 ZTF18abvjybk AGN 58373.86221060017 59937.76062500011 60261.701747700106 229 20 0.00691 0.00024 0.90461 178 48 0.00803 0.00026 0.90994
811 ZTF18abxftqm SN 58379.89064810006 58426.82545140013 58749.82229170017 3 37 0.00706 0.00016 0.95608 2 22 0.00723 0.00023 0.97165
2679 ZTF19abjgazt NT 58692.98549770005 59795.92211809987 60341.6442477 76 87 0.00248 6e-05 0.86351 77 47 0.00221 9e-05 0.89971
2876 ZTF19abrjtbw AGN 58721.95685000019 59795.933252300136 60353.65623839991 95 83 0.00252 6e-05 0.90456 97 58 0.00249 0.00011 0.87157
3202 ZTF19acvijou AGN 58785.81882000016 59867.7720718002 60287.66175930016 93 53 0.00202 9e-05 0.88086 75 73 0.0018 7e-05 0.88776
4000 ZTF20aauowyg AGN 58914.9635999999 59356.81185190007 60392.03393519996 74 134 0.0012 3e-05 0.86425 78 139 0.00123 4e-05 0.8862
4880 ZTF20abwsnzg AGN 59057.92145999987 59858.82204859983 60353.62315970007 80 66 0.00212 7e-05 0.91775 71 65 0.00199 8e-05 0.85712
5000 ZTF20accsnzc AGN 59084.978159700055 59905.71049770014 60231.880740699824 42 27 0.00449 0.00015 0.89898 31 18 0.00515 0.00038 0.88114
5086 ZTF20achpcvt NT 59204.01131939981 59204.03900460014 59425.72472220007 0 56 0.01233 0.00023 0.90626 0 23 0.01838 0.00057 0.96849
6716 ZTF21abmplzd AGN 59382.91770830005 59855.64693289995 60234.62807870004 43 27 0.00396 0.00015 0.94166 48 36 0.00334 0.00012 0.94651
7655 ZTF22aadesap SN 59673.844722200185 59784.75949069997 60391.90858800011 45 85 0.0027 8e-05 0.90037 40 79 0.00232 8e-05 0.91484
11216 ZTF18accrnou AGN 58397.83759000013 59099.897060200106 59819.98098379979 8 64 0.00196 6e-05 0.88826 36 18 0.00248 0.00017 0.86304
11409 ZTF18acvvudh SN 58450.87953000004 58547.69083329989 59531.91640050011 9 61 0.00211 5e-05 0.88331 12 82 0.00184 4e-05 0.86539
11454 ZTF18acwzfao AGN 58477.03711999999 59958.053310200106 60391.91628469992 164 55 0.00323 0.00017 0.93605 199 58 0.00205 0.00014 0.85231
11854 ZTF19aamcvkt AGN 58526.97355999984 60056.93454860011 60355.96290510008 131 38 0.00315 0.00021 0.92353 149 46 0.00273 0.00017 0.8894
12003 ZTF19aaprezk AGN 58574.9850300001 59151.66228009993 60285.633506900165 89 220 0.0016 2e-05 0.89401 90 244 0.00149 2e-05 0.89589
12197 ZTF19aasfxbp AGN 58616.77321999986 59637.92146989983 60165.7345718001 95 38 0.0025 0.00013 0.88454 90 74 0.00208 7e-05 0.86536
12517 ZTF19abdkfsn AGN 58667.94629629981 59504.928460599855 59914.72097219992 142 31 0.00261 0.00012 0.8502 128 17 0.00276 0.00021 0.94975
13136 ZTF19adakshu AGN 58812.64390050015 59439.96076390008 59903.69011570001 17 23 0.00295 0.00013 0.93161 19 27 0.00201 0.00013 0.92483
13203 ZTF19adddzii AGN 59459.8147454001 59810.79456020007 60290.62737269979 76 49 0.00284 0.00015 0.88166 40 65 0.00215 7e-05 0.89257
13640 ZTF20aapxajk AGN 58939.68164000008 59627.9556481 60398.73835649993 101 82 0.00144 5e-05 0.90154 94 62 0.00147 6e-05 0.86444
14652 ZTF20achvpct AGN 59124.97807000019 59859.001296299975 60403.64918980002 77 52 0.00187 8e-05 0.87665 72 55 0.00205 8e-05 0.91381
18209 ZTF23aamskdj SN 60093.97500000009 60115.96192129981 60378.66365739983 0 24 0.01513 0.00094 0.89579 60 26 0.01122 0.00063 0.89481
18916 ZTF18aadcugk AGN 59168.94595000008 59509.90936340019 59937.94761569984 11 34 0.00306 0.00013 0.868 31 21 0.0035 0.00023 0.90605
19414 ZTF18acbxsyl AGN 58423.740790000185 59780.92166669993 60287.627488399856 44 82 0.0019 6e-05 0.92193 40 62 0.00172 7e-05 0.89862
19558 ZTF18acszhqa AGN 58428.8308199998 59103.02337960014 59991.66939810012 60 133 0.00184 3e-05 0.89423 64 126 0.0018 3e-05 0.88512
19563 ZTF18acugmwi AGN 58642.92159719998 59862.81697920011 60291.610115699936 143 64 0.00203 8e-05 0.85881 136 63 0.00217 8e-05 0.91438
19736 ZTF19aaaapzc AGN 58456.703089999966 60120.980763900094 60378.66508099996 91 21 0.00233 0.00024 0.93012 104 30 0.00826 0.00057 0.93492
20058 ZTF19aaozooc AGN 58557.831879999954 59188.060624999925 60109.70822919998 23 82 0.00183 5e-05 0.9456 27 105 0.00142 4e-05 0.87385
21148 ZTF19adcqykk AGN 59459.76134259999 59744.947164400015 60284.63341439981 23 120 0.00159 5e-05 0.8732 67 99 0.00171 7e-05 0.88458
21221 ZTF20aabcemq SN 58820.68983000005 58878.64407410007 59200.73326390004 2 18 0.00579 0.00023 0.92703 10 39 0.00548 0.00013 0.91977
21919 ZTF20abgxlut SN 58992.79352999991 59099.62964119995 59343.87387729995 16 23 0.0074 0.00023 0.98222 14 51 0.00639 0.00021 0.94885
22056 ZTF20abnbcgf AGN 59038.98405000009 59153.7330093002 59526.7286111 29 37 0.00271 0.00012 0.87164 28 17 0.00224 0.0002 0.9187
22069 ZTF20abnorit SN 59151.016018500086 59153.0458796001 59369.71499999985 1 57 0.0075 0.00022 0.94724 2 55 0.0069 0.00022 0.92752
22170 ZTF20abvatsy AGN 59064.95875000022 59851.94967589993 60325.734895799775 97 84 0.00216 6e-05 0.86029 124 87 0.00212 7e-05 0.89776
22256 ZTF20acbbsve AGN 59095.79295000015 59802.90083329985 60291.6242244998 45 62 0.00119 7e-05 0.87366 43 59 0.00098 7e-05 0.88113
22437 ZTF20aclhxoq AGN 59128.97354000015 59882.98907409981 60403.778553199954 99 75 0.00186 7e-05 0.86958 173 100 0.00167 8e-05 0.8544
24006 ZTF22aabgsit AGN 59622.63021990005 59876.92096060002 60257.89773150021 20 35 0.00251 0.00013 0.88086 14 45 0.00205 0.00011 0.8809
24234 ZTF22aakkilt AGN 59689.78278939985 59897.851331000216 60354.84947919985 17 55 0.00307 8e-05 0.94368 22 63 0.00187 9e-05 0.85071
25687 ZTF18aaeuynv AGN 58425.99857639987 59622.76839119988 59922.92745369999 65 47 0.00401 0.00015 0.97307 126 17 0.00378 0.00029 0.96211
25741 ZTF18aaqkcso NT 58587.80483999988 58628.72689810023 58881.99356479989 2 33 0.01907 0.00019 0.91435 4 21 0.03776 0.00081 0.98457
25813 ZTF18aaybrlv AGN 58880.00646999991 59679.79800930014 60117.82053240016 114 82 0.00325 8e-05 0.94452 115 69 0.00361 0.00014 0.90503
26114 ZTF18acdwwql SN 58427.60643999977 59793.7894444 60179.73623839999 50 43 0.0027 0.00012 0.87475 28 55 0.00246 9e-05 0.85579
26289 ZTF18aczvdam AGN 58708.97475690022 59843.94645830011 60379.63653940009 138 85 0.0017 6e-05 0.90175 131 80 0.00136 6e-05 0.868
26934 ZTF19aaynnaj AGN 58643.93850689987 59753.91899310006 60255.62688660016 47 74 0.00211 7e-05 0.91129 72 38 0.00242 0.00011 0.93811
27224 ZTF19abwvyby AGN 58735.00070599979 59888.922870399896 60357.62604170013 81 47 0.0019 8e-05 0.85215 63 46 0.00151 8e-05 0.91819
27381 ZTF19adakcoo AGN 58812.92807999998 59711.69613429997 60076.790428199805 91 26 0.00332 0.00015 0.93863 84 24 0.00251 0.00017 0.9284
27493 ZTF20aaczvmk AGN 58823.92806999991 59272.66528940015 59689.67799769994 43 43 0.00272 0.00011 0.92965 52 53 0.00243 0.00012 0.88095
28154 ZTF20abpvhzq AGN 59061.954976900015 59479.85395829985 59879.81623840006 54 28 0.00221 0.00011 0.93821 54 17 0.00213 0.00017 0.94
28574 ZTF21aabypln AGN 59194.02847220004 59639.805659700185 60151.707314800005 149 167 0.00247 5e-05 0.88987 123 150 0.00202 5e-05 0.87895
29375 ZTF21acfjviv AGN 59484.00984949991 59629.9093865999 60352.94879630022 27 156 0.0017 4e-05 0.9149 29 209 0.00136 4e-05 0.85346
29519 ZTF22aaafmzs AGN 59600.97504629986 59812.71870370023 60084.86972220009 45 26 0.0035 0.00018 0.91219 36 16 0.00281 0.00028 0.87391
29634 ZTF22aafujzv SN 59673.844722200185 59784.75949069997 60398.90508100018 42 83 0.00277 9e-05 0.89418 39 82 0.00233 8e-05 0.90725
30769 ZTF18aasdikm AGN 58278.7269791998 60100.71599540021 60398.90223379992 122 28 0.00346 0.00024 0.989 114 30 0.00307 0.00023 0.95704
30787 ZTF18aaulefp AGN 58281.79116899986 59217.99284720002 59710.93087959988 121 122 0.00238 6e-05 0.8587 119 107 0.00269 8e-05 0.91538
30802 ZTF18aawgyqy AGN 59673.84953700006 59794.71986109996 60356.01564810006 21 34 0.00269 0.00011 0.90961 26 25 0.00233 0.00015 0.94097
31043 ZTF18acejxql AGN 58400.72265999997 59739.94974539988 59956.637280100025 32 57 0.00411 0.00025 0.86698 33 61 0.0036 0.00022 0.88518
31097 ZTF18acvgwha AGN 58442.00466000009 59395.74733800022 60117.76928240014 157 63 0.00363 6e-05 0.93632 162 34 0.00405 0.0002 0.93573
31618 ZTF19aaxcbwf AGN 58607.97329859994 59855.802488400135 60122.95706020016 56 24 0.00282 0.00021 0.8511 54 27 0.00295 0.0002 0.90753
32310 ZTF20aavpuqg AGN 58940.73613000009 60036.81525459979 60403.815497700125 76 26 0.00356 0.00018 0.92154 110 26 0.00257 0.0002 0.85396
33670 ZTF22aaaeons AGN 59601.02145829983 59693.81487269979 60143.702997699846 5 52 0.0035 8e-05 0.94956 12 44 0.00325 0.0001 0.96528
34155 ZTF22abtcyin SN 59893.99064810015 59893.99064810015 60120.70644679992 3 32 0.0066 0.00035 0.95129 0 42 0.0069 0.00021 0.98297
34503 ZTF18aacjtlo AGN 58423.01329000015 59450.00283560017 60357.80160879996 312 105 0.00498 6e-05 0.95479 335 236 0.00385 3e-05 0.92991
34636 ZTF18abbtisc AGN 59090.68538190005 59889.62157410011 60204.644791699946 163 61 0.00614 0.0002 0.90967 153 41 0.00462 0.00025 0.89333
34806 ZTF18acpvngl AGN 58432.8944600001 59940.83791670017 60403.70621530013 146 40 0.00254 0.00012 0.86506 113 28 0.00221 0.00014 0.90389
35318 ZTF19abfdxus AGN 58644.814619999845 59773.7551851999 60231.63072919985 183 82 0.00508 7e-05 0.97435 229 90 0.00461 7e-05 0.96405
35431 ZTF19abrdytw AGN 58690.67082000012 59386.8208217998 59842.64355320018 115 91 0.00188 7e-05 0.91724 112 80 0.00176 8e-05 0.86501
36048 ZTF20abodaps AGN 59046.93863000022 59076.89675930003 60262.7042824002 65 88 0.00116 4e-05 0.89243 3 122 0.00106 3e-05 0.90577
36706 ZTF21abxowzx SN 59436.840428200085 59531.68920140015 60263.61303240014 18 104 0.00249 5e-05 0.94359 17 97 0.00242 5e-05 0.95533
36873 ZTF22aadesjc SN 59673.84856479988 59788.75945599983 60050.96787039982 32 39 0.00542 0.00017 0.9138 45 29 0.00583 0.00019 0.97663
37756 ZTF19aamrjar AGN 58568.00432999991 59164.63916670019 60398.99025460007 120 234 0.00097 2e-05 0.95991 133 244 0.001 2e-05 0.97175
37827 ZTF19aasbyvx AGN 58605.88413000014 60042.885659699794 60398.90364579996 552 122 0.0057 0.00014 0.89263 456 113 0.00504 0.00015 0.91977
37869 ZTF19aasescf AGN 59262.99921299983 59780.76534719998 60104.800451400224 88 33 0.00327 0.00014 0.89014 81 17 0.00343 0.00019 0.93279
38669 ZTF20acpzwrb AGN 59176.00308000017 59302.75697920006 59763.69854169991 27 59 0.00214 7e-05 0.94695 24 56 0.00192 8e-05 0.89059
38746 ZTF21aafdher AGN 59201.98994999984 59866.03486109991 60056.76879630005 54 16 0.00737 0.00039 0.94819 91 41 0.00618 0.00025 0.92507
39669 ZTF18abschej AGN 58361.90116900019 59079.96332179988 59542.67997690011 142 160 0.00267 5e-05 0.85112 151 133 0.0026 6e-05 0.88158
39683 ZTF18abudcmw AGN 58568.033460000064 59537.65890049981 60147.783194399904 233 115 0.00249 6e-05 0.89583 185 112 0.00197 6e-05 0.90296
39753 ZTF18aczpgwm AGN 58456.69191000005 58674.98421300016 60253.79074069997 7 157 0.00161 2e-05 0.86949 5 173 0.00184 2e-05 0.93383
39802 ZTF19aailpwl AGN 58495.028460000176 58712.73972220021 59292.89023149992 24 100 0.00355 6e-05 0.95735 53 97 0.00322 7e-05 0.95742
39991 ZTF19abfvkcf AGN 58647.97022000002 59839.77128469991 60254.69953700015 71 60 0.00311 8e-05 0.94831 47 48 0.00314 0.0001 0.91574
40070 ZTF19abvqwoq AGN 58907.016480000224 59780.755312500056 60145.74282409996 190 61 0.00269 0.0001 0.88848 180 52 0.00234 0.00012 0.88883
40254 ZTF20aaurfwa NT 58936.940309999976 59001.758807899896 59197.05648150016 13 40 0.01389 0.00081 0.97731 28 48 0.01135 0.0002 0.98368
41239 ZTF18acatyzh AGN 58400.75568290008 59773.93523149984 60238.74767359998 223 98 0.002 6e-05 0.92386 266 119 0.00236 7e-05 0.88376
42115 ZTF22aanwibf SN 59710.7670948999 59786.74295140011 60174.7269444 31 86 0.00981 0.00013 0.93732 29 142 0.00632 8e-05 0.90826
42414 ZTF18adopklt AGN 59739.91162039992 59739.94974539988 59937.6774420999 2 57 0.00411 0.00025 0.86698 0 60 0.00355 0.00022 0.87713
42483 ZTF19aartwnv AGN 58568.81094999984 59714.71071759984 60105.75018520001 61 36 0.00204 9e-05 0.94436 59 37 0.00206 0.00012 0.87705
43328 ZTF19aarqili AGN 58618.95777999982 59123.69076390006 59543.6237269002 106 83 0.00296 8e-05 0.8749 57 141 0.0024 5e-05 0.89701
43402 ZTF19abjmnlw NT 58667.93496999983 59849.668854199816 60254.6482406999 74 48 0.0039 0.0001 0.94727 74 43 0.00348 0.00011 0.93845
43776 ZTF23aadcbay SN 60016.95247690007 60016.95247690007 60255.638726899866 0 63 0.01241 0.00024 0.98492 0 65 0.01217 0.00022 0.98167
44099 ZTF20abkhtqx AGN 59040.87604170013 59790.87858799985 60262.67033560015 83 34 0.0023 0.00012 0.94825 55 54 0.00181 9e-05 0.90274
44745 ZTF19acjkokr AGN 59053.931919999886 59811.96821760014 60314.67512729997 69 65 0.00218 9e-05 0.89546 94 21 0.00281 0.00019 0.92592
44985 ZTF19abpvbzf SN 58684.94151999988 58740.85453699995 59172.64296300011 4 49 0.00431 9e-05 0.91736 4 52 0.00494 9e-05 0.96859
45589 ZTF19aamjenr AGN 58548.01583330007 59064.80614579981 60179.70768520003 172 391 0.00141 2e-05 0.8713 172 397 0.00135 2e-05 0.88199
