 MJD mag magerr band
0 58584.91665247257 18.320919876098632 0.16568084061145782 UVOT_B
0 59185.88021135278 18.997254257202147 0.43802738189697266 UVOT_B
0 58563.84411729086 18.665091400146483 0.27285170555114746 UVOT_B
0 59037.63650579618 19.812130813598632 0.5155333876609802 UVOT_B
0 58605.86752249398 18.510350112915038 0.21868479251861572 UVOT_B
0 58603.74180990382 18.56952751159668 0.47197896242141724 UVOT_B
0 58591.12125332512 19.15609062194824 0.3625394403934479 UVOT_B
0 58632.90549877766 18.269856338500976 0.15615910291671753 UVOT_B
0 58598.49290220278 18.529362564086913 0.24423767626285553 UVOT_B
0 58625.06308640671 17.974888687133788 0.13431277871131897 UVOT_B
0 58646.56851506424 17.974095230102538 0.1390068382024765 UVOT_B
0 58639.497969781136 18.19417465209961 0.13560907542705536 UVOT_B
0 58584.915687220026 17.6533455657959 0.1290310025215149 UVOT_U
0 59185.87923850231 18.794958572387696 0.554266631603241 UVOT_U
0 58563.843459721415 17.64152000427246 0.1574438363313675 UVOT_U
0 59037.635599666784 18.25975082397461 0.17786923050880432 UVOT_U
0 58605.86604747882 17.307646255493164 0.11183371394872665 UVOT_U
0 58603.74141487662 17.265133361816407 0.2130088210105896 UVOT_U
0 58591.1203648176 17.91808937072754 0.17031972110271454 UVOT_U
0 58632.90476995394 17.25681350708008 0.09401240199804306 UVOT_U
0 58598.49168155856 17.49199722290039 0.14374807476997375 UVOT_U
0 58625.06230414213 17.54299591064453 0.13004665076732635 UVOT_U
0 58646.56784568264 17.36113594055176 0.12777899205684662 UVOT_U
0 58639.496859785184 17.324472885131836 0.09398571401834488 UVOT_U
0 58584.923098876505 17.196207580566405 0.08213872462511063 UVOT_UVM2
0 59185.98516294676 18.644184646606444 0.39812445640563965 UVOT_UVM2
0 58563.84842842847 17.665213165283202 0.1339801698923111 UVOT_UVM2
0 59037.64261418947 18.56955009460449 0.17516712844371796 UVOT_UVM2
0 58605.8777027919 17.239470062255858 0.09012531489133835 UVOT_UVM2
0 58591.12741796782 17.230093536376952 0.07979219406843185 UVOT_UVM2
0 58632.91051805278 17.146137771606444 0.07427460700273514 UVOT_UVM2
0 58598.501107999655 17.22655158996582 0.0992547944188118 UVOT_UVM2
0 58625.06811289676 17.03520637512207 0.08150836825370789 UVOT_UVM2
0 58646.573106048265 17.135916290283202 0.07646822184324265 UVOT_UVM2
0 58639.5056167809 17.152304229736327 0.07193610817193985 UVOT_UVM2
0 58584.91422733761 17.360479583740233 0.0911913514137268 UVOT_UVM1
0 59185.87765181782 18.093858947753905 0.20173907279968262 UVOT_UVM1
0 59977.50666346782 19.538976898193358 0.44122371077537537 UVOT_UVM1
0 59893.6023438706 18.96537612915039 0.26268792152404785 UVOT_UVM1
0 58563.8424740375 17.427919616699217 0.11970501393079758 UVOT_UVM1
0 59949.28106852512 21.702764739990233 3.296743154525757 UVOT_UVM1
0 59907.57085175 18.922348251342772 0.20611876249313354 UVOT_UVM1
0 59991.64159258611 21.018976440429686 1.3947392702102661 UVOT_UVM1
0 59037.63426569248 18.64358543395996 0.19716356694698334 UVOT_UVM1
0 58605.86385398298 17.085922470092772 0.08740774542093277 UVOT_UVM1
0 59963.32814909503 19.372043838500975 0.3086555004119873 UVOT_UVM1
0 60019.21796285937 22.242298355102537 4.73018217086792 UVOT_UVM1
0 58603.74084260775 17.063461532592772 0.16811351478099823 UVOT_UVM1
0 59935.73527360128 21.044496765136717 1.293089509010315 UVOT_UVM1
0 58591.11906813044 17.5660440826416 0.11470194160938263 UVOT_UVM1
0 58632.90375770938 17.148300399780272 0.08028379082679749 UVOT_UVM1
0 58598.48989560475 17.23777030944824 0.10429771989583969 UVOT_UVM1
0 58625.06102443854 17.23070358276367 0.09331491589546204 UVOT_UVM1
0 58646.56686031794 17.0834944152832 0.08562768995761871 UVOT_UVM1
0 59921.75040969965 20.10042022705078 0.5943333506584167 UVOT_UVM1
0 58639.49524711481 17.021669616699217 0.07352784276008606 UVOT_UVM1
0 58584.91893139584 17.38005973815918 0.06325166672468185 UVOT_UVW2
0 59185.88209697303 19.187701721191406 0.31646817922592163 UVOT_UVW2
0 58563.84561433264 17.66491844177246 0.09716057032346725 UVOT_UVW2
0 59037.63867451817 18.910750885009765 0.15725837647914886 UVOT_UVW2
0 58605.87115033368 17.254954833984375 0.06580488383769989 UVOT_UVW2
0 58603.74274508449 17.462859649658203 0.1470683515071869 UVOT_UVW2
0 58591.1234027647 17.426028747558593 0.07006390392780304 UVOT_UVW2
0 58632.90740744699 17.26361991882324 0.0590176098048687 UVOT_UVW2
0 58598.495853508335 17.360154647827148 0.07703085243701935 UVOT_UVW2
0 58625.06455835637 17.22162010192871 0.06411817669868469 UVOT_UVW2
0 58646.57011107037 17.224364776611328 0.059052981436252594 UVOT_UVW2
0 58639.50077046944 17.240050811767578 0.055962201207876205 UVOT_UVW2
0 58584.92136706574 18.106897125244142 0.3272530734539032 UVOT_V
0 59185.88493028762 22.95127655029297 58.33081817626953 UVOT_V
0 59977.5000630625 19.675239334106447 0.5311830639839172 UVOT_V
0 59893.59974953854 19.569450149536134 0.7014518976211548 UVOT_V
0 58563.84727227083 18.347633132934572 0.505776584148407 UVOT_V
0 59949.2751773419 19.592101821899416 0.5666760802268982 UVOT_V
0 59907.56747042882 19.140958557128908 0.43846040964126587 UVOT_V
0 59991.63576889097 19.49359489440918 0.4288080036640167 UVOT_V
0 59037.640885954286 18.897407302856447 0.5462743639945984 UVOT_V
0 58605.87477127778 18.217475662231447 0.4014750123023987 UVOT_V
0 59963.32379358264 19.124036560058595 0.34417107701301575 UVOT_V
0 60019.21451213472 19.864089736938478 0.6813170909881592 UVOT_V
0 60005.73608695544 19.108268508911134 0.2932015061378479 UVOT_V
0 58603.74362746285 17.483573684692384 0.4848508834838867 UVOT_V
0 59935.72881308715 19.41338134765625 0.4282565116882324 UVOT_V
0 58591.12554032871 19.789277801513673 1.5811967849731445 UVOT_V
0 58632.90899796204 18.31038642883301 0.38198786973953247 UVOT_V
0 58598.498801685535 18.432243118286134 0.5410263538360596 UVOT_V
0 58625.06685196447 18.44693542480469 0.47923851013183594 UVOT_V
0 58646.57174442754 17.843471298217775 0.2473859339952469 UVOT_V
0 58639.50339193669 18.694579849243166 0.4998798370361328 UVOT_V
0 56671.50608939751 14.398420080315724 0.09467576247382427 WISE_W1
0 56851.046852736254 14.379530117778254 0.09130024301720108 WISE_W1
0 57037.69808956562 14.318374576931664 0.08480508442157222 WISE_W1
0 57209.82730188064 14.33002634970007 0.07568270009553046 WISE_W1
0 57400.71694683529 14.296828127043314 0.06475404624570043 WISE_W1
0 57568.70873949642 14.309263548859642 0.07991171787079293 WISE_W1
0 57765.33582497428 14.313638438947839 0.1654348629447584 WISE_W1
0 57930.25380037736 14.286973945720966 0.0707192177292189 WISE_W1
0 58131.887325864285 14.321263133398183 0.070529231166798 WISE_W1
0 58291.01733962243 14.340188734269148 0.1258911728277926 WISE_W1
0 58496.065368885706 14.441462917137338 0.06792838365604181 WISE_W1
0 58656.67468180934 13.902015218603871 0.053643100415824665 WISE_W1
0 58860.65162197769 13.458110884701984 0.04473366284707736 WISE_W1
0 59021.40841463587 13.316911301809828 0.05604144536515735 WISE_W1
0 59227.217083444986 13.311826046269527 0.05721983375543836 WISE_W1
0 59387.6662432961 13.454617279880221 0.05295968650834069 WISE_W1
0 59591.448761786254 13.642665656980672 0.03879996778349199 WISE_W1
0 59752.06487365187 13.835187345970219 0.05105630317355544 WISE_W1
0 56671.50608939751 13.526124615269191 0.14202342181397393 WISE_W2
0 56851.046852736254 13.534750901092204 0.14023841306860277 WISE_W2
0 57037.69808956562 13.42444749566252 0.14851578198965926 WISE_W2
0 57209.82730188064 13.443230422078997 0.09828903486656082 WISE_W2
0 57400.71694683529 13.438388101285678 0.16520736681045098 WISE_W2
0 57568.70873949642 13.447489572534389 0.1007823731348588 WISE_W2
0 57765.33582497428 13.389408233520928 0.1945209185540259 WISE_W2
0 57930.25380037736 13.456134246277351 0.09964844020028106 WISE_W2
0 58131.887325864285 13.427901090616896 0.1639045267146427 WISE_W2
0 58496.065368885706 13.433171444420086 0.14575069573117796 WISE_W2
0 58656.67468180934 13.163545998655714 0.09947372629102731 WISE_W2
0 58860.65162197769 12.735906399455573 0.058308707115179687 WISE_W2
0 59021.40841463587 12.57576838710622 0.07588235294117633 WISE_W2
0 59227.217083444986 12.507865982164116 0.05804413057105785 WISE_W2
0 59387.6662432961 12.582173297438983 0.07242563235638493 WISE_W2
0 59591.448761786254 12.707426035434086 0.06776614198845932 WISE_W2
0 59752.06487365187 12.842065771245176 0.054169871700051074 WISE_W2
0 58495.02846059995 21.81321034091212 0.04835713081472903 ZTF_g
0 58502.99436340016 20.296418522465295 0.04701885016999441 ZTF_g
0 58522.97320599994 20.211239682276194 0.00782662147416957 ZTF_g
0 58523.01892360021 19.877195181295242 0.0037933431743901735 ZTF_g
0 58526.97035880014 19.98520073182772 0.005654869956945419 ZTF_g
0 58538.93706020014 18.77866959710642 0.06304717438635876 ZTF_g
0 58541.91958330013 19.417915227820686 0.004466848949322255 ZTF_g
0 58547.85740739992 19.362053978908236 0.0011529791406061918 ZTF_g
0 58556.94211809989 19.1344799028979 0.000843436813326548 ZTF_g
0 58560.7880092999 18.90891467348157 0.0038590705901491162 ZTF_g
0 58567.95953699993 19.023583581707953 0.003165740474221579 ZTF_g
0 58572.83824069984 18.749306091130485 0.0008899365731878106 ZTF_g
0 58575.85200229986 18.659680705537586 0.0010025961491884061 ZTF_g
0 58580.91776619991 18.79289945860913 0.0009343802790944267 ZTF_g
0 58583.875 18.725138068779405 0.000538203178699348 ZTF_g
0 58586.89915509988 18.634105483658363 0.00039906926170196755 ZTF_g
0 58594.79089119984 18.539374471623116 0.0024442922125835764 ZTF_g
0 58597.79759259988 18.557025254792567 0.0003635330351663413 ZTF_g
0 58599.79668979999 18.462385388067588 7.643878049634623e-05 ZTF_g
0 58606.881169000175 18.426840798246573 0.0002322354665729165 ZTF_g
0 58612.79328700015 18.359403746086 0.00019085702753862677 ZTF_g
0 58616.75197920017 18.3172762868549 0.0005309223346277037 ZTF_g
0 58619.77231479995 18.389739452787076 0.0024052258579345676 ZTF_g
0 58633.756458300166 18.267976018491183 0.00019351680230528245 ZTF_g
0 58636.775856500026 18.263680965861035 0.00017088033971646155 ZTF_g
0 58642.6786921001 18.335918327403576 0.00030419917610302605 ZTF_g
0 58642.79887730023 18.282970574143 0.0001703946267550549 ZTF_g
0 58645.734259299934 18.290538566190836 0.0005175178043526074 ZTF_g
0 58648.82006940013 18.29494453159714 0.0012179735870816444 ZTF_g
0 58651.69195599994 18.227620498272533 0.001269343755456731 ZTF_g
0 58654.74335649982 18.289122092240518 0.00034644118471938157 ZTF_g
0 58660.69068290014 18.250810672565493 0.00018882006709475263 ZTF_g
0 58663.71499999985 18.24201620133393 0.00019973164697439927 ZTF_g
0 58666.70651620021 18.227825574254656 0.00020558932896008741 ZTF_g
0 58672.678888900205 18.241914311722734 0.0003393962984965526 ZTF_g
0 58675.8026389 18.27038460366734 0.0010706793884356358 ZTF_g
0 58678.75740739983 18.24811062643252 0.0007826788141276353 ZTF_g
0 58681.67031250009 18.26301543772317 0.0010231089043912789 ZTF_g
0 58684.72653939994 18.280639770587555 0.00047814679823154904 ZTF_g
0 58692.69590280019 18.234922313226775 0.0002201126752101601 ZTF_g
0 58698.69771989994 18.643413411452386 0.025465464600021193 ZTF_g
0 58704.65434029978 18.274231046652364 0.00033705046385001936 ZTF_g
0 58708.65778939985 18.22560758427296 0.0007236849546394808 ZTF_g
0 58715.65646990016 18.23143309900967 0.00024578877537884125 ZTF_g
0 58718.65822920017 18.34017091572251 0.00035323011284837946 ZTF_g
0 58723.6553588002 18.286184834403585 0.0004612674114632398 ZTF_g
0 58726.66152779991 18.34226522890346 0.0005189663138214229 ZTF_g
0 58728.63340280019 18.225409045807886 0.0008605879071019729 ZTF_g
0 58729.65912039997 18.298888650758308 0.0058167386108838315 ZTF_g
0 58734.65140049998 18.370029982901844 0.001209726774810349 ZTF_g
0 58831.07037039986 18.526617120049988 0.0023636567949001375 ZTF_g
0 58836.05153940013 18.5344280039182 0.0011091027499912087 ZTF_g
0 58838.98575229989 18.828068454529358 0.029258815792367443 ZTF_g
0 58851.05927080009 18.688016650856632 0.00047039537585824576 ZTF_g
0 58854.03874999983 18.59858653832982 0.00034623363634622706 ZTF_g
0 58856.92004630016 19.74190028343319 0.006429721910441444 ZTF_g
0 58857.04679400008 18.602923330425497 0.00035639887977012563 ZTF_g
0 58863.93866899982 18.716799025640217 0.002316592526979022 ZTF_g
0 58872.94616900012 18.662520466798327 0.0005240419205616575 ZTF_g
0 58875.99729169998 18.65293221568419 0.00037067314406868945 ZTF_g
0 58879.0254861 18.74819796532527 0.0005184894789334038 ZTF_g
0 58882.00596059999 18.706399894419164 0.00037694720328929066 ZTF_g
0 58884.96449070005 18.742537585932354 0.0008971541375313308 ZTF_g
0 58887.97743060021 18.695490713173754 0.0018736404269290574 ZTF_g
0 58898.9576388998 18.76682106255974 0.0003177730254328992 ZTF_g
0 58907.04135419987 18.819000110815644 0.001319252849746988 ZTF_g
0 58911.92984949984 18.798135815636932 0.0005501217947116999 ZTF_g
0 58914.979606499895 18.790190647558976 0.000979293655191782 ZTF_g
0 58936.96606480004 18.98376955455227 0.0005951496155773839 ZTF_g
0 58939.95502310013 18.853515082663545 0.010858467399069482 ZTF_g
0 58941.97806710005 19.064369484942304 0.0008064740467439435 ZTF_g
0 58943.9226735998 19.03040765882846 0.0018106936550470465 ZTF_g
0 58955.9001042 19.070192365714135 0.0008634761898633769 ZTF_g
0 58956.86020829994 18.934375023038736 0.0020668327398585262 ZTF_g
0 58962.8367360998 19.1101360076608 0.0007855108260237387 ZTF_g
0 58963.79440970021 19.08408293126279 0.000603656000722097 ZTF_g
0 58963.83181709983 19.063428512106313 0.0006524244102248389 ZTF_g
0 58963.84935190016 19.646681872880798 0.0012583695108272508 ZTF_g
0 58963.84980319999 19.700541879331958 0.0019626242014982864 ZTF_g
0 58965.75802080007 19.066908059582797 0.0006201569339516766 ZTF_g
0 58966.91550929984 19.06461108408198 0.0005720150214933994 ZTF_g
0 58967.775381899904 19.1002836840995 0.0007325817974841442 ZTF_g
0 58969.88324069977 19.139317034393002 0.00401315951976855 ZTF_g
0 58969.884178199805 18.956079704034877 0.008365812770552594 ZTF_g
0 58970.775381899904 19.100843318137883 0.0009169036442209233 ZTF_g
0 58970.7763772998 19.131485183281807 0.0010909842061348485 ZTF_g
0 58972.7740162001 19.163458484753328 0.0019264130454974548 ZTF_g
0 58972.788379599806 19.11797189402689 0.0019343626693508753 ZTF_g
0 58973.75331019983 19.137712478449792 0.0033497868539509312 ZTF_g
0 58973.76931709983 19.062804723450828 0.002529640948033318 ZTF_g
0 58974.95130789978 19.174150169041503 0.006782600778958425 ZTF_g
0 58974.958437500056 19.22585161355484 0.007974931887321901 ZTF_g
0 58976.703530100174 19.054173873475893 0.006574940374440175 ZTF_g
0 58977.84766199999 19.12327946156856 0.020927807562269862 ZTF_g
0 58977.84859950002 19.000310405251554 0.02399911658298315 ZTF_g
0 58978.69495370006 19.060351710136043 0.0012666825490246225 ZTF_g
0 58978.69587960001 19.15358024071648 0.0015329235987504575 ZTF_g
0 58979.74542819988 19.282377318247303 0.0019472796368624756 ZTF_g
0 58979.74636569992 19.135045270851208 0.0014371438520708324 ZTF_g
0 58979.79104170017 19.779355699158362 0.005813038465927178 ZTF_g
0 58979.791516200174 19.775575629175165 0.005770098795636613 ZTF_g
0 58979.79197920021 19.04919467298476 0.001789929992863648 ZTF_g
0 58980.72364579979 19.192934459054882 0.0005354003060720203 ZTF_g
0 58980.72508100001 19.230722541088046 0.0005346785970949952 ZTF_g
0 58981.79396989988 19.23876230167335 0.0011042265367269266 ZTF_g
0 58985.7954051001 19.267197211812558 0.0008300212594196665 ZTF_g
0 58985.79634260014 19.172980684817247 0.0005574322951762412 ZTF_g
0 58987.7459028 19.216374897696916 0.0005151252891693048 ZTF_g
0 58991.79975689994 19.219534598617365 0.0007992991922591841 ZTF_g
0 58991.80069439998 19.335889265743354 0.000944614774326169 ZTF_g
0 58992.81883100001 19.3766430102968 0.0011458537357693643 ZTF_g
0 58993.75195599999 19.190434696178436 0.0008063531759070486 ZTF_g
0 58994.75196760008 19.194536759722844 0.000714451748049072 ZTF_g
0 58994.75290510012 19.21848236292098 0.0007085744142454331 ZTF_g
0 58995.80280089984 19.308190125402987 0.0009606981086029975 ZTF_g
0 58996.6924883998 19.23610830811585 0.0007127779084896702 ZTF_g
0 58997.728715300094 19.25865557810442 0.000883988134519953 ZTF_g
0 58998.83918979997 19.170794730832753 0.0006284772186617715 ZTF_g
0 58999.75236110017 19.346379063352806 0.0044720115543483985 ZTF_g
0 59000.75760419993 19.20228584619028 0.0018983218272694558 ZTF_g
0 59000.75857640011 19.247705568635887 0.0020819625892940508 ZTF_g
0 59001.86895829998 19.282028820356402 0.0030123846021261613 ZTF_g
0 59009.7576156999 19.47937484174066 0.00295007663942215 ZTF_g
0 59012.6941550998 19.21270090379729 0.0006798309073712261 ZTF_g
0 59018.70037040021 19.39711687751577 0.000768215859006105 ZTF_g
0 59021.729004600085 19.344433688604756 0.0006422666683914002 ZTF_g
0 59024.77444439987 19.394235616886412 0.0017464538967892906 ZTF_g
0 59027.71417819988 19.41460431788114 0.0037786694957233635 ZTF_g
0 59030.82322920021 19.327726415294286 0.01222922042597041 ZTF_g
0 59033.693715299945 19.567392842476142 0.011134376089106723 ZTF_g
0 59035.72630790016 19.370052645240822 0.009534983001449504 ZTF_g
0 59036.69379629986 19.538852923239364 0.004832716659185721 ZTF_g
0 59039.69832180021 19.33133044184284 0.0011688227765862536 ZTF_g
0 59042.69758100016 19.399368244790388 0.0009363809595335226 ZTF_g
0 59043.69327550009 19.460523726833173 0.00109348791684738 ZTF_g
0 59044.69701390015 19.394778202368727 0.0009847102714442002 ZTF_g
0 59045.7352661998 19.455628898436863 0.0014086486821991429 ZTF_g
0 59046.71180560021 19.359969736255348 0.0009153533198986707 ZTF_g
0 59048.76011569984 19.40284399476525 0.0016083001319255885 ZTF_g
0 59048.76872690022 19.557435816331726 0.0020079402718256034 ZTF_g
0 59049.69123840006 19.381767735357233 0.0009342498199309546 ZTF_g
0 59049.70452550007 19.40950666756563 0.0010576110777993364 ZTF_g
0 59050.68715280015 19.43021711730129 0.001396947312494845 ZTF_g
0 59051.6755903 19.567098869961765 0.002308356047453941 ZTF_g
0 59051.67652780004 19.43501263489039 0.0019047317906988326 ZTF_g
0 59052.78991900012 19.500392612622154 0.0021874416452050127 ZTF_g
0 59052.79085650016 19.530145562490077 0.002444167035006828 ZTF_g
0 59053.70776619995 19.422973587900756 0.0009621837333071426 ZTF_g
0 59053.7086920999 19.472737397142264 0.0010281454616887231 ZTF_g
0 59054.768368099816 19.53233097962463 0.002913633126677695 ZTF_g
0 59056.745185200125 19.4573259230948 0.002971325161990279 ZTF_g
0 59059.77870369982 19.497932316505473 0.010391383352517991 ZTF_g
0 59060.72734950017 19.515933343702194 0.0065492049679871656 ZTF_g
0 59062.70613430021 19.37314956802467 0.006004629596525035 ZTF_g
0 59063.74832180003 19.483317856261312 0.0136006618727329 ZTF_g
0 59065.69276619982 19.4623918421344 0.010148563037120084 ZTF_g
0 59066.70802079979 19.313973990089053 0.005615123011359913 ZTF_g
0 59067.701898099855 19.518014586739334 0.004456259196890855 ZTF_g
0 59068.6853588 19.493170745306795 0.001894783101377584 ZTF_g
0 59070.72357639996 19.541451210701172 0.0024590063347247337 ZTF_g
0 59072.72274310002 19.328352178419017 0.002539184210485601 ZTF_g
0 59073.7176967999 19.530665176005233 0.002874564399061086 ZTF_g
0 59074.70653939992 19.32351893281229 0.0022891319342672745 ZTF_g
0 59075.6743402998 19.396890755087327 0.004220111136850946 ZTF_g
0 59076.67791670002 19.417306269696308 0.001982014276526556 ZTF_g
0 59077.72270830022 19.651071243706085 0.005640994462872584 ZTF_g
0 59078.6981366002 19.489852706319994 0.0028586807322543706 ZTF_g
0 59080.69504630007 19.543057602323252 0.006992833743526106 ZTF_g
0 59081.72250000015 19.740004657557186 0.022313600653411925 ZTF_g
0 59189.035416699946 19.636710976012328 0.011045491331554302 ZTF_g
0 59195.044444399886 20.20078138254307 0.012169731555930596 ZTF_g
0 59199.039583299775 20.115326661938113 0.006662454423233655 ZTF_g
0 59204.04968750011 20.112199700213424 0.009062742435473226 ZTF_g
0 59218.03760420019 20.001012881515965 0.023050262626497897 ZTF_g
0 59219.94768519979 19.800300813876003 0.016586213965556595 ZTF_g
0 59221.998136600014 20.188498420721995 0.010704589467296799 ZTF_g
0 59224.04651620006 20.174982725496434 0.006995652264158991 ZTF_g
0 59225.03337959992 20.135522469720442 0.004321241024420885 ZTF_g
0 59225.96978010005 20.2333339696683 0.021303137025523 ZTF_g
0 59227.05638890015 20.125945998012945 0.003598766345676907 ZTF_g
0 59227.99865739979 20.053195945715117 0.004512891135085795 ZTF_g
0 59232.04995370004 19.981341309726247 0.0023413422095828196 ZTF_g
0 59249.94585649995 20.36895524276959 0.028321371508273074 ZTF_g
0 59251.926967599895 20.254795508451515 0.006231060903937546 ZTF_g
0 59254.025925899856 20.12812449270001 0.002346807739654011 ZTF_g
0 59258.883206000086 20.235111590362166 0.012344947887001467 ZTF_g
0 59263.026493099984 20.328769210748593 0.006573358593053413 ZTF_g
0 59265.92400459992 20.375606567191696 0.010447662891964526 ZTF_g
0 59267.88336810004 20.188899803039334 0.014371173791563052 ZTF_g
0 59269.95624999981 20.327516014104457 0.013649820495254872 ZTF_g
0 59271.925219899975 20.1115992796432 0.04947055780735354 ZTF_g
0 59278.8416088 20.398789201529777 0.015019238282256708 ZTF_g
0 59278.84254630003 20.455683821054542 0.020618841947969813 ZTF_g
0 59290.90208330005 20.78330987420473 0.009344456906569931 ZTF_g
0 59290.90302080009 20.65652209543287 0.0074475936469688975 ZTF_g
0 59292.93255789997 20.521494195697443 0.007276562654096708 ZTF_g
0 59292.93349540001 20.810785567378538 0.010970422692007986 ZTF_g
0 59297.83973379992 20.691523834327352 0.0530844040057854 ZTF_g
0 59297.85155089991 20.462713143222757 0.027505649322144166 ZTF_g
0 59306.81711809989 21.292390556831656 0.04727085847395074 ZTF_g
0 59307.82356479997 21.193883999172733 0.017190117120261306 ZTF_g
0 59307.82546300022 20.97215036474579 0.01110339971189589 ZTF_g
0 59308.87475690013 21.035796797876547 0.02226987581941131 ZTF_g
0 59309.82739580004 21.22221712350464 0.024514521442084103 ZTF_g
0 59321.85942129977 21.650313594434678 0.04411397559307417 ZTF_g
0 58547.94252309995 19.389576013103664 0.0031613525295206557 PS_i
0 58557.02446760005 19.20511201517947 0.005968257632588347 PS_i
0 58560.80298609985 19.446640201105602 0.009814359029675757 PS_i
0 58572.91557870014 18.9112761361678 0.008848043601259903 PS_i
0 58581.89436340006 18.834273957861825 0.0022185745826028835 PS_i
0 58586.80349540012 18.64867796633891 0.0016880202222733232 PS_i
0 58591.810972199775 18.811337052460843 0.03393078885617662 PS_i
0 58594.80128470017 19.008737581792605 0.0070678860718071945 PS_i
0 58594.80173610011 18.670742122233193 0.0037411771995756737 PS_i
0 58596.85711809993 18.64434133219514 0.0014640034168067473 PS_i
0 58607.78229170013 18.55049649253099 0.0008952480017878628 PS_i
0 58612.81674769986 18.423721545696022 0.0007797774295976723 PS_i
0 58616.83041669987 18.425775498942066 0.00116338662160409 PS_i
0 58627.92387730023 18.4321020680963 0.0012427950863020953 PS_i
0 58635.68336809985 18.369285301692265 0.0010655675153419253 PS_i
0 58639.70695600007 18.389102944846663 0.0006840556452907265 PS_i
0 58643.7113194 18.389253375849332 0.0009625251006983859 PS_i
0 58648.775879600085 18.29613050723991 0.0017305928968074369 PS_i
0 58652.733576400205 18.436233323590578 0.0016526913817180855 PS_i
0 58659.673125000205 18.406067787201827 0.00121028605212814 PS_i
0 58663.6763888998 18.37756393576816 0.0015226019816125813 PS_i
0 58667.6729629999 18.33835451891968 0.0010182328073788938 PS_i
0 58671.672395799775 18.342716733954497 0.0009730152469309417 PS_i
0 58675.67015049979 18.500579304759054 0.006534092086805998 PS_i
0 58675.67504630005 18.866128145480282 0.002883208169867757 PS_i
0 58678.68178239977 18.74979283196537 0.001657359501310296 PS_i
0 58954.84643519996 19.17339148278598 0.003135970752156325 PS_i
0 58954.87490739999 20.739180516339662 0.02507245654258128 PS_i
0 58955.86984949978 21.103388436896736 0.05026055689122799 PS_i
0 58962.89070599992 19.152567235150734 0.004955611572828644 PS_i
0 58962.89299769979 20.426447590678606 0.016015584819069062 PS_i
0 58964.8103588 20.364523548413253 0.014842351041119528 PS_i
0 58967.80775459996 20.625092404539828 0.02627652827077398 PS_i
0 58970.82824070007 19.22263139604872 0.004080964512910512 PS_i
0 58970.830578700174 20.0549036894489 0.011854344762692648 PS_i
0 58972.82782409992 20.131329570135065 0.01653856197700776 PS_i
0 58974.88906250009 19.125441297447043 0.008973363661015199 PS_i
0 58978.83114580018 19.238774507992296 0.008125019278299561 PS_i
0 58985.81711809989 19.290302175248875 0.0031055678096016948 PS_i
0 58986.85312499991 20.940399401064234 0.04062590400089938 PS_i
0 58987.76975690015 21.10736655833046 0.044511919742280526 PS_i
0 58992.86709489999 19.346464962889222 0.005927858710302658 PS_i
0 58997.830324099865 19.488445832143587 0.005388718177419705 PS_i
0 59001.812905100174 19.478905586642117 0.016718749494714302 PS_i
0 59009.81851849984 19.818878581322217 0.022486030988488892 PS_i
0 59013.75601849984 19.49251460106408 0.004186054657916216 PS_i
0 59018.79706020001 19.52874023422254 0.0054436214527235904 PS_i
0 59022.77493060008 19.494609194943305 0.00444428005387465 PS_i
0 59026.7962962999 19.683326894101555 0.011730794397802669 PS_i
0 59031.7551851999 19.372746265344876 0.010413140487919748 PS_i
0 59035.7479514 19.792924880349716 0.040382430972977446 PS_i
0 59039.77406249987 19.61672030258577 0.010615797354905254 PS_i
0 59043.68694439996 19.372565531240543 0.0041138580037394235 PS_i
0 59048.80775459996 19.601851190396747 0.00762087741742512 PS_i
0 59052.693715299945 19.632232318832006 0.005336542023341551 PS_i
0 59056.79502309999 19.756763542092326 0.02110579283178815 PS_i
0 59060.73430560017 19.53566553704308 0.010689114378862996 PS_i
0 59064.73376160022 19.160452683761832 0.013705430221326864 PS_i
0 59070.75954859983 19.754829860898575 0.020948734604116837 PS_i
0 59079.74035880016 19.607246764846025 0.0161370137406891 PS_i
0 59084.72607639991 19.81555662514746 0.04828618167030996 PS_i
0 59088.69568290003 19.749355266794236 0.040393090669411436 PS_i
0 59092.66012729984 19.49343565949552 0.010812150724616387 PS_i
0 59109.63628470013 19.94987003877258 0.04686970171694327 PS_i
0 59119.61956019979 19.54419606846349 0.02002235354033921 PS_i
0 59205.05060190009 20.285067894977097 0.02729451093255264 PS_i
0 59228.02798609994 20.352736419044522 0.03864362266491206 PS_i
0 59232.01656250004 20.40630489002546 0.024671366111151727 PS_i
0 59253.967442099936 20.43192409443106 0.029010290811896766 PS_i
0 59256.97784719989 20.191985561357573 0.01660359516469967 PS_i
0 59264.89298610017 20.226747422915494 0.01561097289115132 PS_i
0 59267.84578699991 19.980392658803158 0.03151817493832887 PS_i
0 59278.88989580004 20.410948793903724 0.052014991936815136 PS_i
0 59291.82053240016 20.510198281587737 0.033392742597509795 PS_i
0 58512.03563660011 20.21736782593851 0.025680874991452995 ZTF_r
0 58523.04114580015 20.035934598076665 0.004020632703143789 ZTF_r
0 58527.007685199846 19.928889201863697 0.009180936158063702 ZTF_r
0 58538.98091439996 19.72562913807421 0.021327296531227447 ZTF_r
0 58540.83253470017 20.091714421818985 0.014252404555440634 ZTF_r
0 58541.9818171002 19.380438229300452 0.0012414134919929154 ZTF_r
0 58556.93728009984 19.094795021526867 0.0013906649807644555 ZTF_r
0 58558.77644680021 19.20516342038599 0.004880260548953075 ZTF_r
0 58567.87807870004 18.94684230497676 0.0019577899704508184 ZTF_r
0 58572.86373839993 18.58394075480855 0.0014353616987659024 ZTF_r
0 58575.91525459988 18.738403732348537 0.00040183308623475966 ZTF_r
0 58580.83005789993 18.876592130831988 0.0007316187352905956 ZTF_r
0 58580.89417820005 18.680152843153344 0.0006381723865303002 ZTF_r
0 58583.83364580013 18.69657879761647 0.0008486191462395709 ZTF_r
0 58586.816388899926 18.632258601988333 0.0006483278072355603 ZTF_r
0 58589.73391199997 18.478530071607768 0.005182774382650024 ZTF_r
0 58591.879120400175 18.519206619204255 0.002815657818565853 ZTF_r
0 58593.80969909998 18.618787167823328 0.0014313190813517451 ZTF_r
0 58594.85689810012 18.399855398183217 0.0013318515304057144 ZTF_r
0 58597.85491900006 18.47616468797724 0.0005333695084495105 ZTF_r
0 58602.79637729982 18.400281696849564 0.0003480387500278681 ZTF_r
0 58606.748645800166 18.508280599662754 0.00031844564994898406 ZTF_r
0 58606.77461809991 18.381692934025267 0.00029172536738997223 ZTF_r
0 58608.7666782001 18.507421011356918 0.0002850313828002271 ZTF_r
0 58612.73118059989 18.3426203640337 0.0002403219366051701 ZTF_r
0 58616.79762730002 18.29837584907791 0.0004616742575045407 ZTF_r
0 58617.76821759995 18.41210100543963 0.0005362363408298876 ZTF_r
0 58618.7237383998 18.434444665639827 0.0007143704518774996 ZTF_r
0 58619.81972219981 18.2694960996711 0.0032595550376690596 ZTF_r
0 58628.82894679997 18.25020825380675 0.00027537383343201327 ZTF_r
0 58633.80200230004 18.213181777584868 0.00025070422319828367 ZTF_r
0 58634.804571799934 18.239817798248026 0.00020304476336185928 ZTF_r
0 58634.80592590012 18.402421853326512 0.00023557102228544125 ZTF_r
0 58634.80637730006 18.327525096882344 0.00020685697742273135 ZTF_r
0 58636.71185189998 18.292163022954924 0.0002446769803583493 ZTF_r
0 58638.7458102 18.42870511840314 0.0002439407123855375 ZTF_r
0 58638.74626159994 18.40076058240342 0.00022686449984377077 ZTF_r
0 58638.74809029978 18.26080425199992 0.00021158445558988603 ZTF_r
0 58639.77665509982 18.242856097487884 0.00021501856101480143 ZTF_r
0 58642.75540510006 18.27647428735247 0.00021537829327300528 ZTF_r
0 58645.77806709986 18.269956154327886 0.0006623052190093404 ZTF_r
0 58648.7111343001 18.365587923432777 0.0018669054457305378 ZTF_r
0 58651.75315969996 18.315706841581232 0.0010832540766987364 ZTF_r
0 58654.69104170008 18.220675767650576 0.00022212567790447224 ZTF_r
0 58657.75717590004 18.27848233068962 0.0003250434750157183 ZTF_r
0 58660.71611109981 18.22359879094627 0.00021707879784038653 ZTF_r
0 58663.69476850005 18.24648962104169 0.00042526019297817186 ZTF_r
0 58666.67473379988 18.156529447531433 0.00028785419130983314 ZTF_r
0 58669.68748839991 18.23557978368252 0.00029694087693243887 ZTF_r
0 58672.696608799975 18.203397474555835 0.0002677952848681997 ZTF_r
0 58675.73638889985 18.18692879675209 0.0005005821176720104 ZTF_r
0 58678.696307899896 18.188308137870976 0.0004383756368628866 ZTF_r
0 58681.74156250013 18.18314348174828 0.0007996475111440304 ZTF_r
0 58684.68457179982 18.196537653271626 0.0002266937642900757 ZTF_r
0 58689.67678239988 18.175724419509113 0.0002570964515893337 ZTF_r
0 58692.67820600001 18.23695027386806 0.0013966741099160629 ZTF_r
0 58698.67937499983 18.232037676474157 0.0005424173278463229 ZTF_r
0 58705.66106479988 18.244006543882822 0.0005810803115018359 ZTF_r
0 58712.73972220021 18.16068147049367 0.0014667189474693032 ZTF_r
0 58718.64569440018 18.209231797820284 0.0006847147560602451 ZTF_r
0 58723.640474500135 18.303026069835262 0.0009782707438841243 ZTF_r
0 58726.63991900021 18.27855963860375 0.0008060650880548081 ZTF_r
0 58746.6176967998 18.29379650764946 0.0018348646037313898 ZTF_r
0 58746.62201389996 18.319616044109218 0.0010027426594785283 ZTF_r
0 58746.62634260021 18.345513302892176 0.0010566423877449438 ZTF_r
0 58746.63065969991 18.266236936537876 0.0008095677727286699 ZTF_r
0 58748.61605319986 18.361943025115387 0.0017515937428829176 ZTF_r
0 58748.62112270016 18.355114896281677 0.0012851353245348918 ZTF_r
0 58748.62618059991 18.42885569750142 0.016356981013110783 ZTF_r
0 58748.63071760023 18.464773360493673 0.0017586034042906817 ZTF_r
0 58750.61225689994 18.416712074217607 0.006357553181224773 ZTF_r
0 58750.6171875 18.410364580674713 0.003333009925192698 ZTF_r
0 58750.62210649997 18.358485280319066 0.002184861706401975 ZTF_r
0 58750.62701389985 18.48196450320429 0.003235108627773542 ZTF_r
0 58754.61576389987 18.43564763299511 0.001512794196470324 ZTF_r
0 58754.62059029983 18.318709927861057 0.0010907552801935338 ZTF_r
0 58754.625405100174 18.39629673942919 0.0014396380440651058 ZTF_r
0 58758.60243060021 18.121991466883927 0.0038526649346675157 ZTF_r
0 58758.60729169985 18.379824044851546 0.0032036323507167452 ZTF_r
0 58758.61215279997 18.33237863963918 0.0013631313777562326 ZTF_r
0 58758.6169906999 18.294436237461667 0.0015534392928628904 ZTF_r
0 58760.60057870019 18.23500320998003 0.005259827582960952 ZTF_r
0 58760.60541669978 18.26298213313361 0.0033078926559610977 ZTF_r
0 58760.61025460018 18.34757837430146 0.0021564413653614167 ZTF_r
0 58760.61509260023 18.32163008528032 0.002238282216447729 ZTF_r
0 58762.59861110011 18.477943498323604 0.007267281479727217 ZTF_r
0 58762.60358799994 18.343871158489463 0.0028513668469063447 ZTF_r
0 58762.60856480012 18.36962476114476 0.0023836098127674177 ZTF_r
0 58762.61353009986 18.265504529599276 0.0016911757757807067 ZTF_r
0 58835.9899420999 18.58087031677085 0.003168192882322174 ZTF_r
0 58839.05152780004 18.548009905634302 0.024178024563472178 ZTF_r
0 58851.01740740007 18.67452207311006 0.0010169937449404642 ZTF_r
0 58857.02644680021 20.77905197425849 0.0044997737453069675 ZTF_r
0 58857.07628470007 18.57617554914175 0.0007804649103402284 ZTF_r
0 58859.99789350014 18.508049351429424 0.001341597468419664 ZTF_r
0 58873.06053239992 18.567769377563337 0.0008588229709101114 ZTF_r
0 58876.02620369988 18.59019655961008 0.0004459274574504235 ZTF_r
0 58879.06094910018 18.739105209332557 0.0009664303000782581 ZTF_r
0 58882.02737270016 18.519741557057273 0.00039362250328167647 ZTF_r
0 58885.0406944002 18.704650098811683 0.0010986129325729621 ZTF_r
0 58888.03609950002 18.478809598977584 0.0007819080105200271 ZTF_r
0 58890.99929400021 18.778481517075296 0.006567113609028397 ZTF_r
0 58894.02252310002 18.58740329116255 0.0007796024337825003 ZTF_r
0 58895.02109949989 18.867496660243738 0.0006564699006723629 ZTF_r
0 58898.99893519981 18.68797638373791 0.00039903803205376676 ZTF_r
0 58903.99828700023 18.647401519341212 0.00044169250632286605 ZTF_r
0 58907.00495370012 18.708431722707868 0.001452550068353986 ZTF_r
0 58911.97775459988 18.798744410534873 0.0012062014909712815 ZTF_r
0 58915.00809030002 18.706889643808907 0.0004575313541828052 ZTF_r
0 58936.936550899874 18.759327045567378 0.00047482146523059043 ZTF_r
0 58941.90240739984 18.88306148574952 0.0009569640208031416 ZTF_r
0 58943.96530089993 18.845999394019 0.001347098507215705 ZTF_r
0 58954.95648150006 19.131481670599065 0.002383521695126234 ZTF_r
0 58955.92240739986 18.96787878899228 0.001099554056052554 ZTF_r
0 58956.80940969987 18.980668175090162 0.0011828906638200465 ZTF_r
0 58961.90686339978 19.08319454592337 0.001745104848799528 ZTF_r
0 58962.80723380018 18.937821276385936 0.0007969835526182578 ZTF_r
0 58964.78526620008 19.001823310823376 0.0007119502353294394 ZTF_r
0 58965.82376160007 18.967890317466825 0.0005774150584709759 ZTF_r
0 58965.82898150012 19.300708742610833 0.0008546065591463758 ZTF_r
0 58965.829432900064 19.316075200230514 0.0008126624225006651 ZTF_r
0 58966.84046299989 18.8719888200152 0.0019277390357004265 ZTF_r
0 58967.83828700008 18.97028554506423 0.0007058678573095278 ZTF_r
0 58968.88060190016 18.984810356986074 0.0005145107744297661 ZTF_r
0 58969.83923610021 19.062846910447817 0.006407115306817701 ZTF_r
0 58969.84184029978 19.07298220994868 0.005319828050065922 ZTF_r
0 58970.8921991 19.067464058013158 0.0009313261795185213 ZTF_r
0 58970.89410880022 18.987350543394353 0.0008516382535077582 ZTF_r
0 58971.86224539997 18.998719736112598 0.001156744631650497 ZTF_r
0 58971.86318290001 19.062616923851206 0.0012469296890920134 ZTF_r
0 58972.88002309995 18.98937759965087 0.001782978675134217 ZTF_r
0 58973.81478009978 19.096957519689436 0.0026764256785956064 ZTF_r
0 58973.81575229997 19.00178832273533 0.002226442313720156 ZTF_r
0 58974.81452549994 19.034042968555813 0.0033192023614905253 ZTF_r
0 58974.815543999895 18.833605255951728 0.0024070970775937894 ZTF_r
0 58975.88255790016 18.983926291931937 0.0039544866097624976 ZTF_r
0 58976.79464119999 18.93791300393576 0.0048367407622578185 ZTF_r
0 58977.76751160016 19.043055566150812 0.007970203283107935 ZTF_r
0 58977.76797450008 19.369417830740886 0.009233312661971027 ZTF_r
0 58977.76843750011 19.17606950286649 0.007321519136182175 ZTF_r
0 58978.75615740009 19.03710632208611 0.0020726021351293866 ZTF_r
0 58980.77004629979 19.085232774677582 0.0006970283885188167 ZTF_r
0 58980.774536999874 19.009312644535356 0.0006664245683474235 ZTF_r
0 58981.751296299975 19.06247787190638 0.0008868340906431627 ZTF_r
0 58981.77048610011 19.161171948829658 0.001326265323028153 ZTF_r
0 58985.78996529989 19.07013513919353 0.0006847996227534736 ZTF_r
0 58985.79090279993 19.11194345966847 0.0007373384793911697 ZTF_r
0 58986.775358799845 19.073326178029998 0.0007720734273277685 ZTF_r
0 58987.79873839999 19.095372553478704 0.0007029642586573459 ZTF_r
0 58991.73067130009 19.076852654714394 0.0007003624826840138 ZTF_r
0 58991.731608800124 19.12546611845464 0.0007964287209372145 ZTF_r
0 58992.75600690022 19.115097513616785 0.0007677420743750218 ZTF_r
0 58993.77718750015 19.146426338296358 0.0009790538247766989 ZTF_r
0 58994.78575230017 19.127093437904215 0.0008235638523910183 ZTF_r
0 58994.78668980021 19.1272912767525 0.00076084666295273 ZTF_r
0 58995.755046300124 19.047525041142197 0.0007583666701425074 ZTF_r
0 58996.79201389989 19.146167895761597 0.0007575640994943456 ZTF_r
0 58997.791006899904 19.08192646221194 0.0007291063834102829 ZTF_r
0 58997.79194439994 19.101103883130822 0.0008845972783682043 ZTF_r
0 58998.76775459992 19.15410411414677 0.0008936761097633195 ZTF_r
0 58998.8000810002 19.048243068030143 0.0008187990340182694 ZTF_r
0 58999.79856480006 19.138618237832393 0.002103517897309004 ZTF_r
0 59000.82056709984 18.8132289529184 0.04176073658130619 ZTF_r
0 59000.82244209992 19.103993299138647 0.009124717888038703 ZTF_r
0 59009.71291670017 19.387965682666284 0.0025998021479125555 ZTF_r
0 59012.75540510006 19.208511990430537 0.0007752620692151879 ZTF_r
0 59015.714513900224 19.172588794716088 0.0009968324426328223 ZTF_r
0 59018.73746530013 19.15420983050207 0.0007797458715099737 ZTF_r
0 59021.74008100014 19.249385729907296 0.0009486683711887878 ZTF_r
0 59024.73253470007 19.127381636975763 0.0033743447096163948 ZTF_r
0 59027.75825229986 19.18933392843677 0.002431213449629155 ZTF_r
0 59033.67376160016 19.25815228294912 0.004610726321557124 ZTF_r
0 59039.73621529993 19.189132078591374 0.001247862201545047 ZTF_r
0 59042.713506899774 19.369855725954945 0.0012988263174520398 ZTF_r
0 59043.73530089995 19.24020377080945 0.0012886136351415445 ZTF_r
0 59044.71604169998 19.293288580681363 0.001342511142077285 ZTF_r
0 59045.69391199993 19.27029975072224 0.000980675833384126 ZTF_r
0 59046.692824100144 19.340533910713603 0.0014919719626043104 ZTF_r
0 59047.71719910018 19.337026946780014 0.0011054235078606922 ZTF_r
0 59048.68707180023 19.36661395412103 0.001204339048669567 ZTF_r
0 59049.67210649978 19.25383618498804 0.0015291718828205347 ZTF_r
0 59049.68299769983 19.279209046299144 0.001096445269480384 ZTF_r
0 59050.76064810017 19.30275559083256 0.0025118326962445536 ZTF_r
0 59050.76158560021 19.482353115978647 0.003912754080449332 ZTF_r
0 59051.70714120008 19.231013953310345 0.0013752813015450727 ZTF_r
0 59051.70807870012 19.405731313142383 0.0018411743427719784 ZTF_r
0 59052.74650460016 19.267908405558014 0.0014627037563403888 ZTF_r
0 59052.74743060023 19.30797536512406 0.0013019884612948118 ZTF_r
0 59059.676921300124 19.213000535454206 0.0018179512174736345 ZTF_r
0 59060.6942592999 19.14105627126817 0.0022912273061361788 ZTF_r
0 59062.71168980002 19.190100211112238 0.003080919959481676 ZTF_r
0 59063.67178239999 19.185441659961526 0.002288067167505403 ZTF_r
0 59065.67006940022 19.450698742478025 0.00568539450008565 ZTF_r
0 59066.744907400105 19.321175318563753 0.008672754286402906 ZTF_r
0 59067.67987270001 19.30188363704975 0.0017779415897400952 ZTF_r
0 59068.76458329987 19.48574587406077 0.011912175371660894 ZTF_r
0 59069.69302080013 19.358712469735288 0.001591966332750161 ZTF_r
0 59070.6865046001 19.376178349318916 0.0016372580302466133 ZTF_r
0 59072.68729169993 19.2492035915335 0.0016569278833635792 ZTF_r
0 59073.67223379994 19.35678104805673 0.002339088369266662 ZTF_r
0 59074.678368099965 19.29379102259915 0.0031893731548873205 ZTF_r
0 59075.72487269994 19.293010940949088 0.004305366166320823 ZTF_r
0 59076.696608799975 19.231813980021293 0.0020793446255957804 ZTF_r
0 59077.66233799979 19.26762559655299 0.006111025902244549 ZTF_r
0 59078.67195599992 19.40425613176072 0.002318767777097719 ZTF_r
0 59079.70263889991 19.46547554282555 0.006192466511363293 ZTF_r
0 59080.67399309995 19.355548428361693 0.004164332973958906 ZTF_r
0 59081.6843634001 19.413612019466186 0.006354920052121571 ZTF_r
0 59082.68784719985 19.08196757294821 0.00547846690308873 ZTF_r
0 59106.62150460016 19.249729395665724 0.047567853676424576 ZTF_r
0 59106.62620369997 19.56851936585796 0.04287976470914501 ZTF_r
0 59106.63090279978 19.507177564161594 0.04390520804759035 ZTF_r
0 59106.63560190005 19.275674513458394 0.03842333995929259 ZTF_r
0 59110.61822920013 19.352515449333723 0.007763597815937828 ZTF_r
0 59110.622928199824 19.352598219947367 0.006288857641216339 ZTF_r
0 59110.6276273001 19.50979770528248 0.009275189070425682 ZTF_r
0 59110.632338 19.411071239052575 0.009437444850929566 ZTF_r
0 59110.63702550018 19.496102533526777 0.010107373389018903 ZTF_r
0 59112.61460650014 19.201450979605262 0.006629055676668827 ZTF_r
0 59112.619340300094 19.364212268804167 0.004931108180009858 ZTF_r
0 59112.62406249996 19.42483899662622 0.004238007192693516 ZTF_r
0 59112.62879629992 19.430824254717272 0.004263008893833131 ZTF_r
0 59112.63353009988 19.439302880346077 0.003925545798800556 ZTF_r
0 59114.611296299845 19.47372811704693 0.04421539131144492 ZTF_r
0 59114.61598380003 19.32502176297932 0.013435762935465334 ZTF_r
0 59114.62067130022 19.23267735183528 0.006878947893774523 ZTF_r
0 59114.62537040003 19.44144371534032 0.011040809905063398 ZTF_r
0 59114.630046300124 19.719518882358393 0.01793677873066457 ZTF_r
0 59116.6116204001 19.40469658377159 0.023322024484190962 ZTF_r
0 59116.61630789982 19.349016137120156 0.01845051012517729 ZTF_r
0 59116.62099540001 19.442152332631824 0.014291599752748851 ZTF_r
0 59116.625671300106 19.321970126154767 0.014435388558174722 ZTF_r
0 59116.63035879983 19.870038382277514 0.0438100867233171 ZTF_r
0 59118.6085994998 19.623496546931477 0.03437263255232459 ZTF_r
0 59118.61331020016 19.408074682533737 0.014282152538228843 ZTF_r
0 59118.61800929997 19.88214483677826 0.03078607951132284 ZTF_r
0 59118.62271990022 19.294460093823318 0.007748692081220199 ZTF_r
0 59118.627419000026 19.53067077938949 0.01984411934728847 ZTF_r
0 59120.60752309999 19.26481159657054 0.02073329773214816 ZTF_r
0 59120.61225689994 19.484957161093995 0.01907049775555336 ZTF_r
0 59120.61697919993 19.47014121804385 0.01623043045481154 ZTF_r
0 59120.62643520022 19.49466696276798 0.017359788001400034 ZTF_r
0 59122.62202550005 19.311012456100023 0.027142194299926814 ZTF_r
0 59124.60259260005 19.201555315670994 0.02642609782549421 ZTF_r
0 59124.60728010023 19.295434564596135 0.02412107118600204 ZTF_r
0 59124.61666670023 19.64617237116268 0.050829484706625294 ZTF_r
0 59124.62136569992 19.583101491995638 0.03429108067290265 ZTF_r
0 59126.61431710003 19.27365726245899 0.006112866920069848 ZTF_r
0 59126.61899309978 19.627180778520483 0.018793983069992137 ZTF_r
0 59193.01496529998 19.577933533227664 0.010344663471743232 ZTF_r
0 59195.01141199982 19.714986219107004 0.004503191230627479 ZTF_r
0 59198.99652779987 19.795124602594246 0.00974185437956443 ZTF_r
0 59201.04887730023 19.628486040185933 0.007497377513388415 ZTF_r
0 59204.01506939996 19.789771141894313 0.008507996357145942 ZTF_r
0 59216.035138899926 19.90155292700878 0.024857823091917197 ZTF_r
0 59217.98768519983 19.55248531168835 0.007235499152528746 ZTF_r
0 59219.98666669987 19.705293260089483 0.00911284910644028 ZTF_r
0 59222.02886570012 19.427204855839943 0.023573886308968284 ZTF_r
0 59223.996979199816 19.753988371681594 0.00793412745554889 ZTF_r
0 59223.99791669985 19.914067652253273 0.012221396137038099 ZTF_r
0 59225.0055670999 19.912812758176525 0.007028604774500735 ZTF_r
0 59227.00553240022 19.714428503294034 0.0036709671099224295 ZTF_r
0 59228.04679400008 19.789771230148524 0.004424512467167574 ZTF_r
0 59230.02803240018 20.020631527941084 0.012823614697380137 ZTF_r
0 59232.02778939996 20.06677003634523 0.00765637169206812 ZTF_r
0 59233.9933449002 19.765913217345272 0.003257223929777453 ZTF_r
0 59249.98501159996 19.8251899741525 0.006623241706339655 ZTF_r
0 59251.97391200019 20.083096965836955 0.0072163421785411686 ZTF_r
0 59253.99760420015 19.874332285939044 0.002944929186293521 ZTF_r
0 59255.92788190022 19.82689969475151 0.0021754193328380467 ZTF_r
0 59262.99873840017 19.894199610471368 0.004567759046089748 ZTF_r
0 59265.86072919984 19.984527565852243 0.010623696019859352 ZTF_r
0 59267.924918999895 19.948498892960984 0.005472393797907316 ZTF_r
0 59269.892824099865 19.886618313724426 0.009905560071755914 ZTF_r
0 59271.95576390019 20.131719425408583 0.02252309933751384 ZTF_r
0 59275.89922450017 19.845799832532606 0.012814860129791938 ZTF_r
0 59275.90016200021 20.024995905785236 0.016830387569136462 ZTF_r
0 59278.95596060017 19.84481265757661 0.006553274276868137 ZTF_r
0 59278.95689810021 20.075621693830268 0.008983548009769748 ZTF_r
0 59280.92567129992 20.191678792232278 0.020760820699923244 ZTF_r
0 59290.89204860013 20.223468825847185 0.004742056627982549 ZTF_r
0 59290.89298610017 19.931645322396776 0.0027716955409555766 ZTF_r
0 59292.89023149992 20.274356554599006 0.005928019694344755 ZTF_r
0 59292.89116899995 20.251821942634326 0.006670514831299101 ZTF_r
0 59295.90365740005 20.313228513439313 0.010492518359450642 ZTF_r
0 59295.904606500175 20.49458813722413 0.01456331877965944 ZTF_r
0 59296.87827550015 20.354540137751783 0.02903402653412357 ZTF_r
0 59297.88590280013 20.04421237004358 0.01077705456693856 ZTF_r
0 59297.88685189979 20.54132352009473 0.03195183423351011 ZTF_r
0 59300.92160880007 20.017443983557815 0.04389951901796074 ZTF_r
0 59302.91552079981 20.297795621821233 0.05903542755070923 ZTF_r
0 59306.94266200019 20.675349005459985 0.028563305573605646 ZTF_r
0 59307.84510419984 20.69390901011379 0.013633976061745656 ZTF_r
0 59307.94880789984 20.429545556748543 0.010232292072265281 ZTF_r
0 59308.94356480008 20.3722131539246 0.010475704007692599 ZTF_r
0 59309.89688660018 20.907664953794388 0.02866937363124933 ZTF_r
0 59309.89782410022 20.625676099790383 0.017711026920874673 ZTF_r
0 59310.901006899774 20.64817345098933 0.011681215406024847 ZTF_r
0 59311.81939810002 20.50373829344523 0.009042252877263124 ZTF_r
0 59313.85377309984 20.81565856568203 0.023589760368642132 ZTF_r
0 59317.9051620001 20.96042172604879 0.01587912439447514 ZTF_r
0 59321.903182900045 21.20111470101761 0.03523797555542174 ZTF_r
0 59323.86031250004 20.9806986246584 0.028931067296280588 ZTF_r
0 59323.86173610017 21.20093870788072 0.04790869482000559 ZTF_r
0 59325.7844560002 21.036429051440034 0.03373163051404582 ZTF_r
0 59325.80481480016 20.941177488148174 0.02745761289346227 ZTF_r
0 59339.7868170999 21.604859737880865 0.06214471684588041 ZTF_r
0 59341.73557869997 21.03663105905572 0.024371336090796447 ZTF_r
0 59342.90082179988 21.474280225916402 0.043372181989886016 ZTF_r
0 59343.839838000014 21.29243226309483 0.03884144248341492 ZTF_r
0 59346.89363430021 21.502324349044827 0.059343212684712654 ZTF_r
0 59350.77515049977 21.222239951542566 0.04065594643020454 ZTF_r
0 59377.754768500105 21.158271299242685 0.03553223700722796 ZTF_r
0 59377.755740699824 21.459639895177357 0.05544110481631215 ZTF_r
0 59393.71663190005 21.55957762561353 0.062128953087650984 ZTF_r
0 59404.72596060019 21.301330228788196 0.05203488785435084 ZTF_r
