 MJD mag magerr band
0 58580.638 19.788675505056496 0.10522262685029915 ATLAS_c
0 58600.638 19.770849904024328 0.2208956152622168 ATLAS_c
0 58620.638 19.743105420796063 0.04723570111175057 ATLAS_c
0 58640.638 19.655048094893942 0.1043784381958428 ATLAS_c
0 58660.638 19.391496317368222 0.15485485420943235 ATLAS_c
0 58700.638 19.179562581428957 0.2506627464858475 ATLAS_c
0 58720.638 19.108420485777504 0.06192289860691247 ATLAS_c
0 58760.638 18.975543663951512 0.08419163925331041 ATLAS_c
0 58780.638 18.84085230922315 0.0951749911398565 ATLAS_c
0 58800.638 18.359486103874524 0.10259837112425707 ATLAS_c
0 58880.638 18.573773566179398 0.008039734074753113 ATLAS_c
0 58920.638 18.912727920340124 0.0785883384344146 ATLAS_c
0 58960.638 18.80207520969281 0.1874064206596664 ATLAS_c
0 58980.638 18.79385448389629 0.10504390264229002 ATLAS_c
0 59000.638 18.723995922781985 0.29171712170343334 ATLAS_c
0 59020.638 18.69224150864818 0.08960556345767046 ATLAS_c
0 59040.638 18.586396860729934 0.04963453390971395 ATLAS_c
0 59060.638 18.6127286962977 0.129233917117487 ATLAS_c
0 59080.638 18.575434075733405 0.12269902409098954 ATLAS_c
0 59100.638 18.57055061420901 0.06881279448995059 ATLAS_c
0 59120.638 18.612853250685053 0.11403232896590687 ATLAS_c
0 59140.638 18.449007707794912 0.12063199064025731 ATLAS_c
0 59260.638 18.53266284691828 0.19087133694534586 ATLAS_c
0 59320.638 18.46890080577741 0.06652499094840891 ATLAS_c
0 59340.638 18.601179740148112 0.04461732435609811 ATLAS_c
0 59360.638 18.50587577542184 0.020249481618266785 ATLAS_c
0 59380.638 18.543218097915435 0.07788180575492376 ATLAS_c
0 59400.638 18.611487688791954 0.19865989358803482 ATLAS_c
0 59420.638 18.77824253038863 0.06296983278433288 ATLAS_c
0 59440.638 18.61370986710629 0.08531169523796756 ATLAS_c
0 59460.638 18.66140136468339 0.08775165934768125 ATLAS_c
0 59520.638 18.812129900467944 0.13743496430463154 ATLAS_c
0 59620.638 19.01204673767058 0.1637365715865542 ATLAS_c
0 59640.638 19.068800988694314 0.19496201766687982 ATLAS_c
0 59660.638 19.157650695616905 0.12262487853579529 ATLAS_c
0 59680.638 19.1001620381315 0.1368933156270593 ATLAS_c
0 59700.638 19.128920508804825 0.16575378974740218 ATLAS_c
0 59720.638 19.19505307331311 0.2560150827567096 ATLAS_c
0 59740.638 19.14571451213677 0.20640447168497644 ATLAS_c
0 59760.638 19.14346554878852 0.17078503330648687 ATLAS_c
0 59780.638 19.19518908422985 0.1893406235494446 ATLAS_c
0 59800.638 19.248058582949785 0.19556819926232372 ATLAS_c
0 59820.638 19.41433398317453 0.18149508567357486 ATLAS_c
0 59840.638 19.380512336995015 0.16990977940788454 ATLAS_c
0 59860.638 19.318574104160557 0.19929173343940754 ATLAS_c
0 59900.638 19.63778982387732 0.22360929860452217 ATLAS_c
0 60040.638 19.67778392733628 0.231946058900947 ATLAS_c
0 60060.638 19.74184349251761 0.16224867241035312 ATLAS_c
0 60080.638 19.74225701574815 0.19362856138879891 ATLAS_c
0 60100.638 19.41774242119711 0.25851331455613114 ATLAS_c
0 60120.638 19.865891071657646 0.27445621497803074 ATLAS_c
0 60140.638 19.815477677053128 0.14739742546225187 ATLAS_c
0 60180.638 20.027257445926683 0.15820058632175105 ATLAS_c
0 60200.638 19.928071882669357 0.2024945551668882 ATLAS_c
0 58346.419 19.86804035820066 0.0 ATLAS_o
0 58606.419 19.61871714143298 0.10444427067578488 ATLAS_o
0 58626.419 19.692599157754465 0.26000183447811054 ATLAS_o
0 58646.419 19.70073859928337 0.38100880940581305 ATLAS_o
0 58666.419 19.531236475247375 0.1939902731118437 ATLAS_o
0 58686.419 19.433229757566938 0.3483182650330807 ATLAS_o
0 58706.419 19.1859025842619 0.21120444901001 ATLAS_o
0 58726.419 19.114238119412896 0.13920548445365455 ATLAS_o
0 58746.419 19.102693212984963 0.2596492970298723 ATLAS_o
0 58766.419 18.946161914990753 0.1862852976449929 ATLAS_o
0 58786.419 18.809287795565815 0.08805381003009494 ATLAS_o
0 58806.419 18.744222149362056 0.04706033745895333 ATLAS_o
0 58886.419 18.462721651743003 0.10403772736995265 ATLAS_o
0 58906.419 18.684536759855895 0.1014922023353595 ATLAS_o
0 58926.419 18.617679236430398 0.1360635925840672 ATLAS_o
0 58966.419 18.547199255406763 0.12022534442650468 ATLAS_o
0 58986.419 18.489862786662716 0.15911505279884608 ATLAS_o
0 59006.419 18.42331352851331 0.13970675420469902 ATLAS_o
0 59026.419 18.38837016193085 0.1438465480740696 ATLAS_o
0 59046.419 18.307694709843695 0.0922309902116325 ATLAS_o
0 59066.419 18.263004848844073 0.11609233378342587 ATLAS_o
0 59086.419 18.3078978101476 0.12307676093511866 ATLAS_o
0 59106.419 18.270296172045192 0.10436072385742712 ATLAS_o
0 59126.419 18.272144993458383 0.0901159171872834 ATLAS_o
0 59146.419 18.25367733887473 0.10846991395644068 ATLAS_o
0 59166.419 18.157300643875125 0.06979287963174485 ATLAS_o
0 59246.419 18.289999065486466 0.02953396426416255 ATLAS_o
0 59266.419 18.231725087850492 0.06762127062504675 ATLAS_o
0 59286.419 18.215583986914083 0.05776806407398816 ATLAS_o
0 59306.419 18.228110187280368 0.11114964247220982 ATLAS_o
0 59326.419 18.243853121318658 0.14314757993947858 ATLAS_o
0 59346.419 18.271335654745464 0.09447990549729113 ATLAS_o
0 59366.419 18.241184689186206 0.10066472438210106 ATLAS_o
0 59386.419 18.272598626733632 0.1289745664540085 ATLAS_o
0 59406.419 18.280631869693387 0.1224499866779194 ATLAS_o
0 59426.419 18.379356270424033 0.0965012445368334 ATLAS_o
0 59446.419 18.366972754538118 0.12524837738301287 ATLAS_o
0 59466.419 18.40801673718956 0.12507974200975447 ATLAS_o
0 59486.419 18.4136235490634 0.13238311013417103 ATLAS_o
0 59506.419 18.379806268030315 0.11297062518827516 ATLAS_o
0 59526.419 18.48804902315257 0.1417045336661591 ATLAS_o
0 59546.419 18.41536282161447 0.11260458915086424 ATLAS_o
0 59606.419 18.488202419788482 0.17783385510644578 ATLAS_o
0 59626.419 18.62936605439647 0.19796212755887588 ATLAS_o
0 59666.419 18.644231932122313 0.19243971389672687 ATLAS_o
0 59686.419 18.684965756497167 0.27268582070652947 ATLAS_o
0 59706.419 18.684535178586888 0.16849818866948318 ATLAS_o
0 59726.419 18.71675629872272 0.16483049501684377 ATLAS_o
0 59746.419 18.68556954065491 0.21380224336133224 ATLAS_o
0 59766.419 18.724694084052828 0.18006277941286442 ATLAS_o
0 59786.419 18.737705157648108 0.16880923075454923 ATLAS_o
0 59806.419 18.84922048838979 0.1883501838051398 ATLAS_o
0 59826.419 18.853153938114612 0.20217966058895698 ATLAS_o
0 59846.419 18.894560616151153 0.19991645378706657 ATLAS_o
0 59866.419 18.89122070795317 0.19789279204425014 ATLAS_o
0 59886.419 18.99203697139427 0.2697157611075536 ATLAS_o
0 59906.419 18.90555796885761 0.22328588907889468 ATLAS_o
0 59966.419 19.115465369040706 0.0 ATLAS_o
0 60046.419 19.102298663973766 0.40977967677464555 ATLAS_o
0 60066.419 18.893331149627095 0.1898845906522162 ATLAS_o
0 60086.419 19.1824693106173 0.20943818119115853 ATLAS_o
0 60106.419 19.22411120158492 0.18038710076042364 ATLAS_o
0 60126.419 19.154956641777865 0.19832063772806485 ATLAS_o
0 60146.419 19.264597027775405 0.18665276173696022 ATLAS_o
0 60166.419 19.336807060213243 0.17360452375554658 ATLAS_o
0 60186.419 19.226224797430845 0.4124750635546697 ATLAS_o
0 60206.419 19.212251697816882 0.30403637415581564 ATLAS_o
0 59421.465068387 18.3934 0.0793688 PS_i
0 59421.4529451107 18.3934 0.0629437 PS_i
0 59421.44089917 18.4395 0.0811879 PS_i
0 59421.4287939891 18.4574 0.0826501 PS_i
0 59115.2998452498 18.3622 0.0470932 PS_i
0 59115.2882876 18.3288 0.043993 PS_i
0 59115.2767921818 18.3078 0.0458869 PS_i
0 59115.265319698 18.3206 0.0471509 PS_i
0 59069.4296759676 18.4939 0.0932276 PS_i
0 59069.4290391196 18.3773 0.0968546 PS_i
0 59069.416821186 18.4633 0.0652243 PS_i
0 59069.4161845209 18.3738 0.11983 PS_i
0 59069.4039983099 18.4266 0.0949546 PS_i
0 59069.4033617961 18.4455 0.109486 PS_i
0 59069.3911447818 18.3963 0.118965 PS_i
0 59039.5146139189 18.392 0.067341 PS_i
0 59039.5033552511 18.3623 0.0664575 PS_i
0 59039.4920846011 18.3619 0.0627807 PS_i
0 59039.4808670989 18.459 0.074325 PS_i
0 59003.592371271 18.5414 0.0574032 PS_i
0 59003.5812412309 18.5397 0.0576483 PS_i
0 59003.5701490608 18.5748 0.0514254 PS_i
0 59003.5590543879 18.4961 0.0667486 PS_i
0 58743.3234477569 19.8876 0.173721 PS_i
0 58743.3117651724 19.7905 0.195437 PS_i
0 58743.3002039026 19.8369 0.205382 PS_i
0 58743.2886726833 19.6942 0.136587 PS_i
0 60196.2785962905 18.8668 0.0173363 PS_w
0 60196.2686399791 18.9219 0.01966 PS_w
0 60196.2586291485 18.9796 0.0270139 PS_w
0 60196.2485664311 18.9614 0.0293619 PS_w
0 60192.2947261962 19.1537 0.0560668 PS_w
0 60192.2893532912 19.0346 0.0281439 PS_w
0 60192.2818003227 18.9821 0.0247739 PS_w
0 60148.2951593342 19.0351 0.0404359 PS_w
0 60148.2808908271 19.0138 0.0399949 PS_w
0 60148.2661979818 19.0351 0.04522 PS_w
0 60134.3824086999 18.8758 0.0352517 PS_w
0 60134.3694228347 19.0373 0.123997 PS_w
0 60134.3565027766 18.9931 0.0379483 PS_w
0 60134.3437405721 18.9292 0.0390865 PS_w
0 60113.4171314891 19.0152 0.048115 PS_w
0 60113.4043658748 18.9713 0.0450733 PS_w
0 60113.3916183714 18.9665 0.0485996 PS_w
0 60113.3788616439 19.0203 0.0534182 PS_w
0 60107.5588090713 19.2103 0.0517996 PS_w
0 60090.4625953525 18.9549 0.0323502 PS_w
0 60090.450464097 18.9659 0.0326866 PS_w
0 60090.4382809418 18.8967 0.0266975 PS_w
0 60090.4261693422 18.9211 0.0267868 PS_w
0 60030.6236234703 18.9045 0.0420976 PS_w
0 60030.6115825758 18.9042 0.0344003 PS_w
0 60030.5995034127 18.8994 0.0375483 PS_w
0 60030.587414832 18.9475 0.0426733 PS_w
0 59825.3388511291 18.7011 0.0398081 PS_w
0 59825.3382211003 18.732 0.0374916 PS_w
0 59825.3253295654 18.7133 0.0347921 PS_w
0 59825.3130187122 18.6746 0.0461187 PS_w
0 59825.312382055 18.7238 0.0420514 PS_w
0 59825.3000964503 18.6956 0.0346102 PS_w
0 59825.2994651678 18.6678 0.0408529 PS_w
0 59054.3260331974 18.209 0.0159835 PS_w
0 59054.3122547795 18.1996 0.0213826 PS_w
0 59054.2985871243 18.2107 0.028325 PS_w
0 59054.2849072898 18.2226 0.0251229 PS_w
0 59042.3465343447 18.2265 0.0177257 PS_w
0 59042.3330528992 18.2072 0.0171841 PS_w
0 59042.3196365276 18.198 0.0130515 PS_w
0 59042.3062264622 18.2248 0.0143583 PS_w
0 58660.3598593837 19.7827 0.229068 PS_w
0 58660.332550356 19.865 0.0672297 PS_w
0 58637.4249421345 19.9466 0.0576005 PS_w
0 58637.4112800178 20.054 0.0887712 PS_w
0 58631.4853184554 19.9286 0.0531075 PS_w
0 58631.4741822922 19.9831 0.0596747 PS_w
0 58631.4630807303 20.0503 0.0681552 PS_w
0 58631.4520534635 20.1142 0.0644439 PS_w
0 59778.335579302 18.5831 0.0822379 PS_w
0 59778.3240784057 18.6161 0.0870152 PS_w
0 59778.3125163461 18.5789 0.0692814 PS_w
0 59778.3009502627 18.5866 0.0523073 PS_w
0 59766.3721862895 18.4546 0.0203951 PS_w
0 59766.3599919197 18.4752 0.0189851 PS_w
0 59766.3477798359 18.4767 0.0223802 PS_w
0 59766.3356120242 18.4779 0.0235798 PS_w
0 59665.5816313103 18.4801 0.0195989 PS_w
0 59665.5808280786 18.6267 0.0246775 PS_w
0 59529.246492843 18.3592 0.0375714 PS_w
0 59529.2349879179 18.316 0.0386125 PS_w
0 59529.2234712946 18.3558 0.0424554 PS_w
0 59529.2119631964 18.3371 0.0334674 PS_w
0 59051.4925769679 18.1537 0.0192345 PS_w
0 59051.4815342957 18.1495 0.0193039 PS_w
0 59051.470450736 18.1409 0.0200003 PS_w
0 59051.4594126557 18.1582 0.0256014 PS_w
0 58719.3987736016 19.3007 0.0453669 PS_w
0 58719.3872306108 19.2369 0.0417885 PS_w
0 58719.3756951379 19.1745 0.0372021 PS_w
0 58719.3641361687 19.2346 0.0443687 PS_w
0 56743.58196244334 14.598249637668683 0.08990504249855345 WISE_W1
0 57105.64528346528 14.664042698085742 0.43333844801300003 WISE_W1
0 57282.73795661428 14.65976719429139 0.18327980665732016 WISE_W1
0 57469.88911671112 14.705496710032506 0.12257252828981714 WISE_W1
0 57642.718611282726 14.700210252804933 0.26138307701084723 WISE_W1
0 57836.96046394612 14.759411942889871 0.37441126213012976 WISE_W1
0 58004.64886135235 14.756471011553188 0.11188188903225403 WISE_W1
0 58201.1320194875 14.773055217497472 0.2055829455475334 WISE_W1
0 58365.16434531648 14.71743101318176 0.11843760858792982 WISE_W1
0 58565.93379330335 14.734837451416029 0.42574742895746154 WISE_W1
0 58932.44760704562 14.412083523176626 0.10500042782650933 WISE_W1
0 59096.396707428336 14.289976136553548 0.06520293581968664 WISE_W1
0 59296.759984895005 14.17305435834883 0.0993990119681623 WISE_W1
0 59460.63194828294 14.154266007001011 0.06957751894016154 WISE_W1
0 59662.166819419 14.129045757470823 0.1031945519664462 WISE_W1
0 59825.885339290384 14.133922433365393 0.14143717634367226 WISE_W1
0 56743.58196244334 13.623049738189582 0.10613276393389053 WISE_W2
0 56923.274052274704 13.601466938027965 0.21177594741403996 WISE_W2
0 57469.88911671112 13.685148623367468 0.11477117599600618 WISE_W2
0 58004.64886135235 13.79939413676131 0.13414708139339743 WISE_W2
0 58365.16434531648 13.80268792563024 0.16451934815381147 WISE_W2
0 58932.44760704562 13.548627426095498 0.13091706284419144 WISE_W2
0 59096.396707428336 13.403449587731329 0.07565410239951657 WISE_W2
0 59296.759984895005 13.385310308327512 0.11479279508082878 WISE_W2
0 59460.63194828294 13.313627333986714 0.1092503869962184 WISE_W2
0 59662.166819419 13.229452294140817 0.1183300703775484 WISE_W2
0 59825.885339290384 13.264373435503938 0.095248452751104 WISE_W2
0 58523.00971060013 20.550833483091154 0.030519751646528093 ZTF_g
0 58540.98209490022 20.4902281702644 0.025095321381005675 ZTF_g
0 58541.96537039988 20.449914123792965 0.019691060707973662 ZTF_g
0 58559.00033560023 20.3875679900627 0.009834176766430502 ZTF_g
0 58562.02619209979 20.3007620213993 0.047435469776621275 ZTF_g
0 58568.00432869978 20.358466006239553 0.04257430865079037 ZTF_g
0 58569.92231479986 19.832711484691565 0.05003691445381975 ZTF_g
0 58573.966851899866 20.123651633934386 0.006983638292593852 ZTF_g
0 58573.96776620019 20.22936685358151 0.007699887263889593 ZTF_g
0 58576.0172917 20.061346507679865 0.05368973663469845 ZTF_g
0 58580.94078700012 20.038477324520347 0.011089474481075001 ZTF_g
0 58581.96908560023 19.907330654604205 0.004302841749071362 ZTF_g
0 58582.99829859985 19.952378549882923 0.002725638918715134 ZTF_g
0 58584.97642360022 20.042733896626093 0.004099637072348727 ZTF_g
0 58584.97734950017 20.002414826263706 0.004774544713932016 ZTF_g
0 58586.971597199794 19.96965623991979 0.004472775565011133 ZTF_g
0 58587.95719909994 19.946392683515672 0.005240836068988841 ZTF_g
0 58587.9581133998 19.858029306405772 0.00330265156139653 ZTF_g
0 58588.97619209997 20.001984021278123 0.003356397470737349 ZTF_g
0 58596.98030090006 19.82728606652514 0.0080069123604396 ZTF_g
0 58599.79940970009 19.98985087847143 0.006015074527788045 ZTF_g
0 58600.98162040021 19.83058046720715 0.0025183949695524177 ZTF_g
0 58605.98196760006 19.986283720072496 0.002937109992762643 ZTF_g
0 58605.98287039995 19.785477063585727 0.0025152890296151753 ZTF_g
0 58606.98878470017 21.135731756923185 0.019030231113376317 ZTF_g
0 58607.914745400194 19.94631236407536 0.0021613009513590242 ZTF_g
0 58608.905023099855 19.841396770021575 0.002299431426358467 ZTF_g
0 58608.90593749983 19.809716301609 0.002191782918073315 ZTF_g
0 58616.96077550016 19.68707731057668 0.0011873484494877573 ZTF_g
0 58616.96216440015 19.656097130351235 0.0011772046289166838 ZTF_g
0 58617.94148149993 19.69032874202363 0.0013052372358473008 ZTF_g
0 58627.96116899978 19.713711599046842 0.0049601581085099156 ZTF_g
0 58632.92332179984 19.665629525433367 0.0016136971637532582 ZTF_g
0 58632.92422450008 19.59619163715123 0.0015379146650218445 ZTF_g
0 58633.95473380014 19.713940543120565 0.0015324113146419904 ZTF_g
0 58634.9586920999 19.67056768643549 0.001330139570955069 ZTF_g
0 58635.94189810008 19.726785045478135 0.002025797287718234 ZTF_g
0 58635.95868059993 19.583643210544295 0.001334617877606803 ZTF_g
0 58636.95269680023 19.73158501448223 0.0013800740920384413 ZTF_g
0 58637.94041670021 19.49670870819058 0.001713224375748723 ZTF_g
0 58638.87518520001 19.590780456540028 0.001013993972520666 ZTF_g
0 58639.93226849986 19.58489993596045 0.0009493318307995935 ZTF_g
0 58640.85334490007 19.508342409536027 0.0009735014930623009 ZTF_g
0 58641.93322920008 19.551803741742763 0.0008877546124281821 ZTF_g
0 58641.93414349994 19.55517114497023 0.0010237724288195693 ZTF_g
0 58643.83625000017 19.56504644619882 0.0012484751592101162 ZTF_g
0 58645.9070485998 19.536970463391906 0.0012116409895650548 ZTF_g
0 58647.89372690022 19.566333002962622 0.0037290676928911637 ZTF_g
0 58650.94292820012 19.438722784343046 0.008591196341374285 ZTF_g
0 58653.84127310012 19.640713589091554 0.008192095687796552 ZTF_g
0 58653.8733333 20.246547389953406 0.023095535812764467 ZTF_g
0 58657.73645830015 19.53004324724385 0.0014068055630307441 ZTF_g
0 58660.83932870021 19.421816320645398 0.0008243960461360444 ZTF_g
0 58666.73736110004 19.34631577695046 0.0008517598911552682 ZTF_g
0 58669.781990699936 19.490424863546885 0.0010725640700517403 ZTF_g
0 58672.83192129992 19.30429427783665 0.0006630852725617586 ZTF_g
0 58675.84087960003 19.480350649150903 0.00219894773405116 ZTF_g
0 58677.818449100014 19.216040926824903 0.0024025595788597087 ZTF_g
0 58678.79303239984 19.11133064504004 0.0028792823260097578 ZTF_g
0 58678.798240699805 19.204787966085494 0.002862717713673746 ZTF_g
0 58678.8211110998 20.182684394346403 0.01637073899106234 ZTF_g
0 58678.821562500205 20.441939666540467 0.02476061010854913 ZTF_g
0 58679.79340279987 19.453173320311116 0.006128617767654276 ZTF_g
0 58679.84690969996 20.11982563449928 0.02055798848866175 ZTF_g
0 58679.84736109991 20.045416902692082 0.020033459786040098 ZTF_g
0 58680.70751160011 19.277843651114846 0.007135190811975889 ZTF_g
0 58681.72824069997 19.379294544504802 0.007844801924813183 ZTF_g
0 58682.72746529989 19.33710351690336 0.003642846922572218 ZTF_g
0 58683.70531249978 19.284523281447523 0.0015596060180609328 ZTF_g
0 58684.71579860011 19.14731505933414 0.0008308441388056309 ZTF_g
0 58684.71678239992 19.302253535105166 0.0012097936157307032 ZTF_g
0 58686.70579859987 19.524332991327327 0.0041888137633137035 ZTF_g
0 58690.77541670017 19.12350172143442 0.0005662529688557072 ZTF_g
0 58693.7546759001 19.22335007929315 0.0006902450847068309 ZTF_g
0 58693.8111343002 19.841277667786777 0.0020603726897938657 ZTF_g
0 58694.804560199846 19.227209455957386 0.000743969762133645 ZTF_g
0 58696.75946759991 19.18263469500186 0.0006739042948229468 ZTF_g
0 58699.6900231 19.25964583687875 0.0009568011356524408 ZTF_g
0 58700.75607640017 19.19297658243552 0.0006796414877481283 ZTF_g
0 58703.70410879981 19.67009475576616 0.004375659881485916 ZTF_g
0 58703.70456020022 19.723070003133458 0.0033381740139954985 ZTF_g
0 58705.75315969996 19.054710779103225 0.002220042936121658 ZTF_g
0 58707.756585599855 19.11012249917237 0.0036259265004421337 ZTF_g
0 58707.76916670008 19.05333993182207 0.0036102360741363526 ZTF_g
0 58709.65177079989 19.079012743462265 0.0026229902264258698 ZTF_g
0 58710.65142360004 19.0455223376039 0.0034430163519854062 ZTF_g
0 58710.652338000014 19.100615117348784 0.003820833150816938 ZTF_g
0 58711.7392477002 19.448733398104785 0.004679566161749804 ZTF_g
0 58715.74500000011 19.161262566415807 0.0014039030145003295 ZTF_g
0 58716.686423600186 19.115898454135834 0.0006675850157957797 ZTF_g
0 58716.68732640008 19.064647869944984 0.000507386541308108 ZTF_g
0 58725.67141199997 19.1356768150563 0.0007637248557692544 ZTF_g
0 58728.643101899885 19.03345098190815 0.0006630584654327976 ZTF_g
0 58729.64957180014 18.854925655113508 0.0030870502846909176 ZTF_g
0 58734.72762730019 19.100948382332742 0.002761632750932108 ZTF_g
0 58743.64578700019 18.96039464930204 0.0006830481662447596 ZTF_g
0 58747.64465280017 18.94903634063686 0.0006371672686498187 ZTF_g
0 58750.63504630001 19.07632063646971 0.0011442990932177821 ZTF_g
0 58760.63100690022 18.91814037921443 0.0007760806586780689 ZTF_g
0 58764.69496530015 18.85443785254366 0.0023053228848404217 ZTF_g
0 58767.717430599965 19.123545170383576 0.03782819720525055 ZTF_g
0 58773.61260419991 19.02788006747203 0.0032106500643998004 ZTF_g
0 58776.61225689994 18.899401012362823 0.0007280499161339549 ZTF_g
0 58779.612094900105 18.955639219107074 0.0008642462222336889 ZTF_g
0 58785.61275460012 18.859848269621978 0.0008292649039898237 ZTF_g
0 58793.64387729997 19.059265291080727 0.007570420481483708 ZTF_g
0 58796.64460649993 18.921107416277195 0.012877749619539358 ZTF_g
0 58803.58979169978 18.841776494630693 0.004391908941942191 ZTF_g
0 58880.00782410009 18.80397232719736 0.0051187034497193196 ZTF_g
0 58886.98428239999 18.556467691603785 0.004979393361429274 ZTF_g
0 58893.05033560004 18.420407846626937 0.0009173078426112369 ZTF_g
0 58896.04378469987 18.53599949500859 0.0006310800908231329 ZTF_g
0 58901.05250000022 18.41933248063607 0.006570246681404157 ZTF_g
0 58905.053460599855 18.66808762669751 0.0010068776892602216 ZTF_g
0 58909.04663190013 18.502134330174385 0.00034656493561691093 ZTF_g
0 58912.04349539988 18.587683041008425 0.0009483601690174481 ZTF_g
0 58914.99124999996 18.35214317841227 0.005173498009082067 ZTF_g
0 58936.99571759999 18.459323737322883 0.0002939497461884599 ZTF_g
0 58939.96923610009 18.388406314056414 0.00759716444549241 ZTF_g
0 58943.94603009988 18.50233870694544 0.0009217179039051615 ZTF_g
0 58956.9638772998 18.33582137346371 0.0008233931902044134 ZTF_g
0 58964.96249999991 18.366749574756962 0.0002028037058234844 ZTF_g
0 58967.95629630005 18.3993729069035 0.00022048997405477166 ZTF_g
0 58970.96165509988 18.396348904357758 0.00017249295833465794 ZTF_g
0 58973.9604282002 18.388492661811355 0.00035881934116055447 ZTF_g
0 58976.99519680021 18.229005920082066 0.002749708920577021 ZTF_g
0 58978.91124999989 18.397967883057618 0.0016561755289252744 ZTF_g
0 58978.91172449989 18.615513571468924 0.0025181132468521383 ZTF_g
0 58978.912187499925 18.668879383297327 0.0032665401885889622 ZTF_g
0 58986.89540510019 18.39659926974704 0.00018477587233434178 ZTF_g
0 58991.90155090019 18.40163597754979 0.00021382617927123704 ZTF_g
0 58995.82107640011 18.297979142051634 0.00019615173017406562 ZTF_g
0 58998.93768520001 18.399786262040383 0.00018571680919166056 ZTF_g
0 59004.98023150023 18.209439164888064 0.0007832379431551573 ZTF_g
0 59008.80848379992 18.30865549851112 0.0008631658245334961 ZTF_g
0 59009.7743981001 18.33665780447362 0.0008265337735977596 ZTF_g
0 59011.80435189977 18.30968099272446 0.00027470809530427687 ZTF_g
0 59012.83162039984 18.317623891318874 0.00017539113335374168 ZTF_g
0 59014.85391200008 18.3006841237848 0.00017698716008673898 ZTF_g
0 59015.81159720011 18.25320072087221 0.0002058234919015689 ZTF_g
0 59017.83045140002 18.37399875737141 0.00020106920913320891 ZTF_g
0 59018.85368059995 18.30974921294589 0.0001586076301975936 ZTF_g
0 59019.77673610021 18.299542641571787 0.00019564565264751366 ZTF_g
0 59020.88944440009 18.311282424846016 0.0001577706440070159 ZTF_g
0 59023.81793980021 18.345591892344412 0.00018772366894737047 ZTF_g
0 59024.8736343002 18.305865611286713 0.0003123036968197823 ZTF_g
0 59025.75018520001 18.28080793904688 0.00017314639617183047 ZTF_g
0 59026.87481479999 18.29747261127735 0.00015629743562151077 ZTF_g
0 59027.73780089989 18.285427861835753 0.00031533204647260504 ZTF_g
0 59028.85289350012 18.398008215097747 0.0002624353714217875 ZTF_g
0 59029.75501159998 18.25358315126526 0.0005058987688801864 ZTF_g
0 59030.87378469994 18.24444639083518 0.0002524008822124557 ZTF_g
0 59031.818935200106 18.16268224434417 0.000361107820706863 ZTF_g
0 59032.873645800166 18.21481339010117 0.0005626948405286214 ZTF_g
0 59033.73371529998 18.13795845977028 0.0006478609618731923 ZTF_g
0 59034.71461809985 18.18338710003099 0.0011010813295726507 ZTF_g
0 59035.71420140006 18.16073586270702 0.0012668250213945242 ZTF_g
0 59041.72665510001 18.201767808119648 0.00017118801024551544 ZTF_g
0 59044.81626159977 18.28710823322191 0.0002413548917878927 ZTF_g
0 59045.77050929982 18.406219940413123 0.0002032026074871851 ZTF_g
0 59045.81222219998 18.27426787881658 0.00017483085980529722 ZTF_g
0 59047.75292820018 18.237697128948646 0.00014281374434688132 ZTF_g
0 59050.86083329981 18.275291247153387 0.00019830959126210246 ZTF_g
0 59053.83776619984 18.209824310659368 0.0001486848928795581 ZTF_g
0 59056.77219909988 18.237287929288808 0.00018178274045510534 ZTF_g
0 59061.68745370023 18.315820772245836 0.0004432621311245555 ZTF_g
0 59061.6879166998 18.154791652836515 0.00044293517247773195 ZTF_g
0 59062.83665509988 18.193970908390128 0.0011043499467717766 ZTF_g
0 59065.770092600025 18.362808458034003 0.001697457215144027 ZTF_g
0 59065.77103010006 18.245014532902267 0.0016180084066075295 ZTF_g
0 59074.717152799945 18.191994120234334 0.0001859234949357358 ZTF_g
0 59077.74732640013 18.212830577299194 0.00017261675892576989 ZTF_g
0 59081.73371529998 18.248766788345677 0.00024461585822699305 ZTF_g
0 59085.77107639983 18.21635968016317 0.00017287701482437967 ZTF_g
0 59091.72212960012 18.184238599794504 0.0005763308657407151 ZTF_g
0 59098.70134259993 18.213547137851034 0.0003193918902955062 ZTF_g
0 59108.755312500056 18.258463933333765 0.0011397919481428431 ZTF_g
0 59111.63383099996 18.19598853653418 0.00021376178163556858 ZTF_g
0 59114.69564810023 18.19541488654625 0.00024128884657059757 ZTF_g
0 59115.70109950006 18.198331941789426 0.00030433781867955645 ZTF_g
0 59116.72320599994 18.14786441811019 0.0003893545358906181 ZTF_g
0 59117.71217590012 18.147014467475557 0.0004867832738622013 ZTF_g
0 59118.70355319977 18.126498012630858 0.000378959450548777 ZTF_g
0 59119.69648149982 18.114551528339007 0.0005212760937602923 ZTF_g
0 59123.610682900064 18.17887055719767 0.0011217767225115693 ZTF_g
0 59125.67376160016 18.203623220036214 0.0007333658651162978 ZTF_g
0 59129.68538190005 18.10895019184504 0.00027138253935632406 ZTF_g
0 59131.65673610009 18.205570359737656 0.00026235427633025665 ZTF_g
0 59135.6104282001 18.12557681704599 0.0001870849987124501 ZTF_g
0 59137.63429399999 18.148780311292967 0.00018140880372641277 ZTF_g
0 59139.62171299989 18.1497122791085 0.00020512274354089755 ZTF_g
0 59143.663090299815 18.114414031692615 0.0002317388954047317 ZTF_g
0 59145.63087960007 18.05913197291647 0.00022368869931099766 ZTF_g
0 59150.65513890004 18.2090119827684 0.0011904155120383564 ZTF_g
0 59152.62140050018 18.04763546563298 0.0007918402615132436 ZTF_g
0 59156.60386569984 18.08892478230547 0.0002506249935478877 ZTF_g
0 59158.66644679988 18.17980963351205 0.0017421907574259876 ZTF_g
0 59167.64215280023 18.23053962449092 0.001479346788741509 ZTF_g
0 59169.59508100012 18.163247085202244 0.00045427771262573913 ZTF_g
0 59249.01307869982 18.1239430110229 0.0006750899192891069 ZTF_g
0 59250.99773149984 18.123464282777118 0.000664118653514123 ZTF_g
0 59253.03356479993 18.143177897134905 0.00016529774611662162 ZTF_g
0 59255.04030090012 18.059647635112587 0.024004685654752222 ZTF_g
0 59259.03350690007 18.219293660000208 0.0003815707024923398 ZTF_g
0 59266.01594909979 18.240802974792675 0.0003078063579753376 ZTF_g
0 59269.02990739979 18.173400950028686 0.00018884336025415394 ZTF_g
0 59270.94923610008 18.226221588470416 0.0030598594909037047 ZTF_g
0 59273.02922450006 18.182414950320627 0.001348759697590296 ZTF_g
0 59280.90585649992 18.203341129628196 0.005436254976055821 ZTF_g
0 59292.01555560017 18.199383166090136 0.00017729656595300014 ZTF_g
0 59298.936527799815 18.127358188382033 0.0008627416339042071 ZTF_g
0 59301.98471060023 18.17341354408826 0.001167795898009416 ZTF_g
0 59302.99284720002 18.113941737873215 0.0006229152623262735 ZTF_g
0 59303.00091439998 18.0584993622663 0.0005685158466164353 ZTF_g
0 59303.87978010019 18.13886566647169 0.0018435241510132983 ZTF_g
0 59305.00266199978 18.432024580974534 0.003300594926413325 ZTF_g
0 59305.99586809985 18.16458986056486 0.0005697944156608514 ZTF_g
0 59305.99680559989 18.15944128552016 0.0005814199215592453 ZTF_g
0 59308.966261600144 18.073388903924428 0.00019557236522871335 ZTF_g
0 59308.96719910018 18.15001868182516 0.0001953577336628598 ZTF_g
0 59313.99487269996 18.192806827332888 0.0001589689190826249 ZTF_g
0 59316.88427079981 18.242769205878588 0.00017212429961332987 ZTF_g
0 59319.94347220007 18.28363905322477 0.00028244099033614134 ZTF_g
0 59322.92584489984 18.319232601451844 0.0003094554586322573 ZTF_g
0 59324.90729170013 18.21629046215359 0.00018042728639144912 ZTF_g
0 59328.86373839993 18.208559270138224 0.0012536577090074275 ZTF_g
0 59334.96238429984 18.163151537315862 0.000532335423882202 ZTF_g
0 59336.93414349994 18.14735979907109 0.000296836395175859 ZTF_g
0 59338.952025500126 18.40650333266003 0.0002666665278319158 ZTF_g
0 59338.95250000013 18.404752501506806 0.0002628330113552124 ZTF_g
0 59339.88442130014 18.241296510376124 0.000171852655288518 ZTF_g
0 59341.87013889989 18.31432577342755 0.00023099728795017427 ZTF_g
0 59345.9031134001 18.208645509225242 0.00015687425854338244 ZTF_g
0 59353.88162040012 18.31544245895809 0.00020759933555858368 ZTF_g
0 59359.82988430001 18.12669484348339 0.0008993421755647546 ZTF_g
0 59362.89442129992 18.17469203000801 0.0006776592232213829 ZTF_g
0 59366.80949069979 18.244886885135703 0.00020359903111355493 ZTF_g
0 59368.8618402998 18.256480153703315 0.00018395257048275937 ZTF_g
0 59370.914756900165 18.25328607776503 0.00016507394514775342 ZTF_g
0 59373.93383099977 18.269735570833824 0.00019686757583947667 ZTF_g
0 59375.92192129977 18.23030497971099 0.00022602674623506402 ZTF_g
0 59377.85983800003 18.192759446533305 0.00013838816910904939 ZTF_g
0 59381.83357639983 18.259228572835163 0.0004800762604038056 ZTF_g
0 59385.81627310021 18.20028523790264 0.00041815521217003493 ZTF_g
0 59386.82804400008 18.496126624337844 0.0009767665838573691 ZTF_g
0 59386.8285069 18.573840383701274 0.0016470400720933753 ZTF_g
0 59391.73625000008 18.217883173859185 0.0009159518972161607 ZTF_g
0 59395.79012730019 18.257966030449623 0.0010537368528762414 ZTF_g
0 59400.79449070012 18.292325141619635 0.0002152232786585273 ZTF_g
0 59402.82724539982 18.283173187086415 0.00018418961158772618 ZTF_g
0 59404.8411921002 18.326737231776278 0.00025593117782563013 ZTF_g
0 59406.72435190016 18.288158595028737 0.00022070419498554372 ZTF_g
0 59408.84387730016 18.244526775685436 0.00029241461905193944 ZTF_g
0 59410.84523149999 18.208272339568122 0.00023638016045701704 ZTF_g
0 59412.8217823999 18.270466671329697 0.0002195765865611321 ZTF_g
0 59415.78342590016 18.207511464680316 0.0005230248166707696 ZTF_g
0 59418.81792820012 18.277794072016356 0.003189248762071273 ZTF_g
0 59423.84457179997 18.251160971437006 0.0007529765282185963 ZTF_g
0 59425.76378470007 18.269854566900552 0.00019068050458592722 ZTF_g
0 59427.78737269994 18.31753893011804 0.0002446010211389904 ZTF_g
0 59429.78940969985 18.29062152395135 0.000248150513471046 ZTF_g
0 59434.74778940016 18.31888147000487 0.00018955439125534213 ZTF_g
0 59436.75519679999 18.325413623017177 0.00024402144337543064 ZTF_g
0 59438.71406249981 18.715123961246537 4.625235279220874e-05 ZTF_g
0 59439.69469910022 18.919085696732985 0.0007727722031560802 ZTF_g
0 59439.75652780011 18.260092311596836 0.0003270073016352626 ZTF_g
0 59440.69321760023 18.801446126371786 0.0005570674525383623 ZTF_g
0 59441.75521990005 18.345203474294607 0.00042160043875938413 ZTF_g
0 59443.70362270018 18.214342348777144 0.001012539753549646 ZTF_g
0 59446.77726850007 18.28453715912991 0.0014973256008730118 ZTF_g
0 59448.67251159996 18.185654948015127 0.0006872219890681208 ZTF_g
0 59450.691064800136 18.251558669326542 0.0008364653158494662 ZTF_g
0 59452.78900460014 18.222632064210607 0.0004370941354974178 ZTF_g
0 59454.72475690022 18.32665310252048 0.0002193046679810351 ZTF_g
0 59458.67475689994 18.29645385422352 0.00016687625789124638 ZTF_g
0 59460.767777800094 18.323945536606118 0.00025445117012345975 ZTF_g
0 59462.75805559987 18.372851072711192 0.00032170170693923694 ZTF_g
0 59464.67812500009 18.345943441131084 0.0002229331943226498 ZTF_g
0 59466.82528939983 18.365376151527272 0.0008895025625630382 ZTF_g
0 59468.675451400224 18.304362370898858 0.00019622388068896157 ZTF_g
0 59470.71618060023 18.230644942150256 0.0002676103973318078 ZTF_g
0 59473.69506940013 18.182014993520916 0.0003812734286139374 ZTF_g
0 59475.74541669991 18.26572135602504 0.00204899190917196 ZTF_g
0 59477.65349540021 18.27164168784933 0.0007892297250240432 ZTF_g
0 59479.662476900034 18.20428614880182 0.0007098435381731605 ZTF_g
0 59484.67474539997 18.35569053627069 0.00019460076036104113 ZTF_g
0 59485.68521990022 18.45273201446222 0.0006301874562968379 ZTF_g
0 59487.67773150001 18.344214177659683 0.00039959191683003326 ZTF_g
0 59488.720601900015 18.34788226217203 0.0005297129246262244 ZTF_g
0 59489.69479170023 18.32560434735381 0.0004229373575022066 ZTF_g
0 59504.682685200125 18.304831989808367 0.001598573690362315 ZTF_g
0 59510.69818289997 18.326553322429945 0.0025908218953425433 ZTF_g
0 59512.70373839978 18.37089850193157 0.0017407378999241274 ZTF_g
0 59521.61752310023 18.31309293248525 0.0003415055583655402 ZTF_g
0 59523.66077549989 18.322603260735388 0.0005211929245625413 ZTF_g
0 59525.6140509001 18.39329734742543 0.00031581158514626395 ZTF_g
0 59527.63979170006 18.361046284656467 0.0007730479630101428 ZTF_g
0 59622.00887730019 18.6555520106586 0.0014037978057324096 ZTF_g
0 59623.99500000011 18.54916772740684 0.0024203645149096786 ZTF_g
0 59626.04025459988 18.63824226085568 0.003325774461345077 ZTF_g
0 59629.94665510021 18.67905458719913 0.009182317876692991 ZTF_g
0 59637.007071800064 18.651281377513182 0.0011500503746297852 ZTF_g
0 59640.05836809985 18.652678756630408 0.00529803838056786 ZTF_g
0 59673.93418980017 18.701993730352036 0.0007457043646308392 ZTF_g
0 59675.97846060013 18.63162429254574 0.00034059349512283177 ZTF_g
0 59677.97318289988 18.670943892508046 0.0005188631116102016 ZTF_g
0 59679.8256019 18.501315704394088 0.001578793382281063 ZTF_g
0 59683.96627310012 18.431093571739 0.0006315884807754912 ZTF_g
0 59685.906099500135 18.771190868663822 0.004584046939786646 ZTF_g
0 59693.963425899856 18.549557067071163 0.0004533735290213059 ZTF_g
0 59697.96180560021 18.72808569574135 0.0002834244921707807 ZTF_g
0 59700.95151619986 18.64734220227291 0.00036696780270517593 ZTF_g
0 59702.961678199936 18.673052982684332 0.0003353564248769203 ZTF_g
0 59710.94146989984 18.672541714641063 0.0005032376189983978 ZTF_g
0 59712.9676620001 18.50656827306431 0.0003299914043992658 ZTF_g
0 59717.84956019977 18.51944623729475 0.0014539647879239226 ZTF_g
0 59723.898958299775 18.592793159687925 0.00034595183386798567 ZTF_g
0 59725.852812500205 18.690240216827497 0.0004537266127790929 ZTF_g
0 59727.9376968001 18.645217123956286 0.0003787735887659238 ZTF_g
0 59731.85063660005 18.58902377107218 0.0004161569398366538 ZTF_g
0 59735.932164399885 18.616272149773113 0.0003214190034270814 ZTF_g
0 59737.83151620021 18.600051974754223 0.00024914405989662214 ZTF_g
0 59741.913090299815 18.555935733320943 0.0005232323564587915 ZTF_g
0 59743.88228010014 18.628605801318525 0.0023859322742207922 ZTF_g
0 59747.82968749991 18.542661918052342 0.0008038711140496702 ZTF_g
0 59749.80940969987 18.541524687138264 0.0004177755171159703 ZTF_g
0 59751.84751159977 18.562882283091284 0.0002826722274100746 ZTF_g
0 59753.79821760021 18.61904357082558 0.00024377033319211705 ZTF_g
0 59756.81024309993 18.673881029965557 0.0003355511644418385 ZTF_g
0 59762.83936339989 18.640633254012485 0.0002626934656291269 ZTF_g
0 59764.841053199954 18.62704553229927 0.00026298933348911646 ZTF_g
0 59766.82925930014 18.636764771831125 0.00020656390907625166 ZTF_g
0 59769.79958330002 18.519704899256602 0.00043118743688630445 ZTF_g
0 59769.87534719985 18.607083641978413 0.0003130464340497241 ZTF_g
0 59771.77509259991 18.527189903216716 0.000864013006713904 ZTF_g
0 59771.872511600144 18.5121584274648 0.0007107510365642611 ZTF_g
0 59782.80902779987 18.593587373025052 0.0003338271914596902 ZTF_g
0 59784.83984949999 18.682527514837503 0.0002989827655532906 ZTF_g
0 59786.81003470021 18.653579027561367 0.0003118397249401994 ZTF_g
0 59788.81137729995 18.393050329582024 0.001369017973622988 ZTF_g
0 59790.80704860017 18.645483260371613 0.00034435622515083253 ZTF_g
0 59793.75710650021 18.563870784873213 0.00028458651039819927 ZTF_g
0 59797.797025499865 18.60432353242681 0.00032366729674926376 ZTF_g
0 59802.79921300011 18.453087307906273 0.0012795399064362556 ZTF_g
0 59805.71423610021 18.74700285860829 0.001620733169470867 ZTF_g
0 59807.74761570012 18.516471141830408 0.00040260243245882066 ZTF_g
0 59809.74950229982 18.598203867490298 0.0003405948122114921 ZTF_g
0 59812.74696760019 18.67724080881705 0.00029117265619760246 ZTF_g
0 59814.78096059989 18.66196131152644 0.00040151254236064915 ZTF_g
0 59816.71560190013 18.71813653147495 0.0003298786879746274 ZTF_g
0 59818.6973611 18.75611125914582 0.0003821790922344803 ZTF_g
0 59820.676562500186 18.880170288644063 0.0009940439157833936 ZTF_g
0 59825.74506939994 18.649883398125912 0.0005749701462463008 ZTF_g
0 59840.666539399885 18.781328195852527 0.00030101510371061124 ZTF_g
0 59840.69495370006 18.77897558335058 0.0003377747873276604 ZTF_g
0 59842.65538189979 18.673268715293823 0.00041544092302459035 ZTF_g
0 59844.671875 18.71836542512521 0.0003795168007520999 ZTF_g
0 59846.67571760016 18.713296396588667 0.00047427853637316275 ZTF_g
0 59848.64177080011 18.700330217866494 0.000409122295849329 ZTF_g
0 59850.65903940005 18.704956270523645 0.0004071092632749185 ZTF_g
0 59853.63409719989 18.62457361275994 0.00035701674955745943 ZTF_g
0 59855.72418980021 18.795880212599883 0.001790655124484175 ZTF_g
0 59859.66320599988 18.624735608975616 0.001294273952595404 ZTF_g
0 59862.66158560012 18.651776133893215 0.0027478893245582725 ZTF_g
0 59866.64234950021 18.766002038800433 0.0006018000225260778 ZTF_g
0 59871.62478009984 18.786654678297168 0.000654913411233693 ZTF_g
0 59873.62502310006 18.733059327834685 0.0008026931606792687 ZTF_g
0 59877.70307870023 18.96081923453847 0.0045246099720959165 ZTF_g
0 59879.65591439977 18.815549631556806 0.0016014701531013031 ZTF_g
0 59881.61728010001 18.766315419384114 0.0007979725735669518 ZTF_g
0 59887.656944400165 18.762722421231604 0.00422344687498466 ZTF_g
0 59899.63502309984 18.970452074244854 0.005720765728343125 ZTF_g
0 59973.03215279989 18.86400603735413 0.0017238744872258849 ZTF_g
0 59986.0103703998 18.844662633715753 0.0034598223895692115 ZTF_g
0 59995.02807869995 18.932217203264415 0.0014985908474738352 ZTF_g
0 60016.99068289995 18.898909389033083 0.0019292335778704484 ZTF_g
0 60022.01252309978 18.84717830598614 0.000886040856801884 ZTF_g
0 60042.90081019979 18.67294111627377 0.0049226429707900365 ZTF_g
0 60044.97972219996 18.696281281209032 0.0008469616287491988 ZTF_g
0 60046.970567100216 18.712771397492595 0.004972166840726544 ZTF_g
0 60051.967650500126 19.029355590695822 0.0004252959288866265 ZTF_g
0 60054.92038189992 18.884282164945546 0.0006016205628274207 ZTF_g
0 60056.920925899874 18.8691396775814 0.0004562281217488362 ZTF_g
0 60058.96634260006 19.015416755330477 0.0007641285476882587 ZTF_g
0 60060.9066319 19.08721992181026 0.0008209529822060802 ZTF_g
0 60064.96478010016 18.99603854838778 0.0004203705087100218 ZTF_g
0 60075.96269680001 18.80460032396486 0.0007377559382018006 ZTF_g
0 60078.859143500216 19.00471295249038 0.0004869562382143755 ZTF_g
0 60081.84346059989 18.99396365162457 0.0006109713716782039 ZTF_g
0 60083.85032409988 18.992526197619213 0.0005318663324693773 ZTF_g
0 60085.86969910003 19.0307528714964 0.0006044836614638172 ZTF_g
0 60087.94532410009 19.04144515211484 0.0004130414114236203 ZTF_g
0 60089.9138656999 19.049284385287326 0.00046664410390739874 ZTF_g
0 60091.90196759999 19.049690320492605 0.00047851633785711556 ZTF_g
0 60093.93722219998 18.99383846404225 0.00044594062195457695 ZTF_g
0 60094.907847200055 19.03937011926243 0.0004753683867697589 ZTF_g
0 60099.92601849977 18.79783723792935 0.0037574559283708453 ZTF_g
0 60101.92575229984 18.87556975873402 0.0030675378635578454 ZTF_g
0 60108.88971060002 19.091013958531494 0.0007508202712873668 ZTF_g
0 60110.79060189985 18.98547216318788 0.0007289129215202195 ZTF_g
0 60112.91388890008 18.977637907349333 0.00045808421282167444 ZTF_g
0 60115.901493099984 18.9705628875445 0.0006364679030141929 ZTF_g
0 60118.893078700174 19.018210220215437 0.0008147639867193135 ZTF_g
0 60120.843067099806 18.983735232393276 0.0005495139608520105 ZTF_g
0 60122.90476850001 18.995303370474645 0.0005163372682623901 ZTF_g
0 60124.88166669989 18.879162876772874 0.000615805865740171 ZTF_g
0 60128.928946800064 18.788901103391996 0.006234189922251332 ZTF_g
0 60134.87274309993 18.943554776129883 0.000874939658757512 ZTF_g
0 60136.85390050011 18.976128790573256 0.0007198366153744473 ZTF_g
0 60138.89557870012 18.96116753070666 0.0011843846187016283 ZTF_g
0 60140.82568289992 18.92101754108179 0.0004813032773220982 ZTF_g
0 60143.905497699976 18.941284918491412 0.0005836834697507953 ZTF_g
0 60145.83234950015 18.953281405708445 0.0004925834755571401 ZTF_g
0 60147.8193518999 19.00420232661207 0.0006171706292263934 ZTF_g
0 60149.830613399856 19.045642596822777 0.0005545818719383533 ZTF_g
0 60151.83780089999 19.00381755325965 0.0005731687523820028 ZTF_g
0 58523.05179399997 20.780766388705004 0.024132013153433718 ZTF_r
0 58527.03805560013 20.502227375715783 0.025953960112509833 ZTF_r
0 58541.02579860017 20.147084118583635 0.013399482362123294 ZTF_r
0 58542.045277799945 20.523111381849343 0.025050740629248835 ZTF_r
0 58559.00445599994 19.941703457031107 0.005798827752219182 ZTF_r
0 58561.91567130014 19.844873595967638 0.02263911691823317 ZTF_r
0 58569.0037153 20.256653828538383 0.023003312731507464 ZTF_r
0 58574.00555559993 19.837169965165728 0.005174332887348143 ZTF_r
0 58574.96364580002 19.84793121721974 0.022566145754895572 ZTF_r
0 58575.97309029987 20.320908488461185 0.024997097587812434 ZTF_r
0 58580.98519679997 19.872509661411044 0.004247731045570191 ZTF_r
0 58580.98611109983 19.7822192314846 0.0036604372355846237 ZTF_r
0 58582.94637730019 19.95943155014384 0.0034189180515760142 ZTF_r
0 58584.91333330004 19.78967989653458 0.003455560767900323 ZTF_r
0 58585.00655090017 19.866033935243852 0.003291544361994525 ZTF_r
0 58586.98221059982 19.799286961587413 0.003698441997590507 ZTF_r
0 58588.00401620008 20.030686250622058 0.028553243170156506 ZTF_r
0 58588.00491899997 19.56841194892012 0.014601927236096657 ZTF_r
0 58588.9445369998 19.670872157555678 0.0022250171408320085 ZTF_r
0 58591.94284720021 19.712401089035904 0.013675441763981055 ZTF_r
0 58591.94376160018 19.949265995903623 0.01956814853082456 ZTF_r
0 58593.9214931 19.916718581962577 0.022337911667969834 ZTF_r
0 58596.93531250022 19.781514242794344 0.0073930620492959065 ZTF_r
0 58596.9362269002 19.673091802089388 0.0060519215281207295 ZTF_r
0 58597.91858799989 19.77886899167048 0.004097068891182332 ZTF_r
0 58605.924305600114 19.68685514027679 0.001722888996750882 ZTF_r
0 58605.925219899975 19.733262717546182 0.0016077598358421596 ZTF_r
0 58606.82973380014 19.732446518562153 0.002534633353130644 ZTF_r
0 58607.88065969991 19.635131775861346 0.0012720316399903453 ZTF_r
0 58608.88140049996 19.68888281317512 0.007934747355768934 ZTF_r
0 58608.88231479982 19.730753403100685 0.007188906947785512 ZTF_r
0 58612.93915509991 19.731964670120757 0.0015261283491234678 ZTF_r
0 58612.94096060004 19.718187963101133 0.0012613761588013972 ZTF_r
0 58616.89605320012 19.61404879831736 0.0014258373976261396 ZTF_r
0 58617.860046300106 19.35719611522217 0.0014359342190903845 ZTF_r
0 58618.858078700025 19.540853107062667 0.00253357413597044 ZTF_r
0 58627.87601849996 19.5887110716514 0.002037011353900553 ZTF_r
0 58627.88020829996 19.41212447342603 0.0014934144753233625 ZTF_r
0 58628.897685199976 19.541568941129263 0.0017567576918171568 ZTF_r
0 58632.81709490018 19.66235464133577 0.002268637834184517 ZTF_r
0 58632.8295948999 19.59588065680667 0.0015358980195649963 ZTF_r
0 58633.83938660007 19.53334124397383 0.0010982092371740748 ZTF_r
0 58634.846747700125 19.550003650991993 0.0011379482329161306 ZTF_r
0 58635.86229170021 19.498456943420475 0.0008468682499600533 ZTF_r
0 58635.86318290001 19.51818672126812 0.000905366263857843 ZTF_r
0 58636.81995370006 19.60357955879742 0.0010964691766570667 ZTF_r
0 58637.816620400175 19.509238204569307 0.001029672305033813 ZTF_r
0 58638.80879630009 19.48635731417648 0.0012563704728858482 ZTF_r
0 58638.80971059995 19.5419688358892 0.0015811936054248577 ZTF_r
0 58639.83297450002 19.404489628098045 0.0009828844878025933 ZTF_r
0 58640.77896990022 19.501446382051245 0.0013089548110549742 ZTF_r
0 58641.90256940015 19.445461529748883 0.0007557281522920789 ZTF_r
0 58641.903483800124 19.47253700082355 0.000852476069635344 ZTF_r
0 58642.77739580022 19.44470645640287 0.001064015660087847 ZTF_r
0 58643.80084489984 19.691716102111087 0.0025409792884989457 ZTF_r
0 58644.79789349996 19.536653297351297 0.0016528608626895647 ZTF_r
0 58644.79880789993 19.439694460096167 0.0013622560409434215 ZTF_r
0 58645.832013899926 19.4921211825909 0.001443948621446367 ZTF_r
0 58647.81089119986 19.473915710348003 0.0020957295427486144 ZTF_r
0 58650.81740739988 19.47240276420784 0.004289888110500684 ZTF_r
0 58653.91376159992 19.29391240484702 0.003273691474975138 ZTF_r
0 58657.85675929999 19.359618816876655 0.0018570182275023939 ZTF_r
0 58663.81531250011 19.369206792827345 0.0009354110399453219 ZTF_r
0 58669.8303704001 19.313608557716996 0.0007471942751013927 ZTF_r
0 58675.79144679988 19.147620353698585 0.0009758444298544333 ZTF_r
0 58677.75464119995 19.2126561919617 0.0017901833435534087 ZTF_r
0 58678.74885419989 19.216825396477056 0.001792730235465001 ZTF_r
0 58678.74975690013 19.034201131586002 0.0012748317001936016 ZTF_r
0 58679.74660879979 19.119287023841988 0.0020792071076645158 ZTF_r
0 58680.77348379977 19.03693147773286 0.002365243234812908 ZTF_r
0 58681.77673610021 19.136918519544945 0.003453874404385715 ZTF_r
0 58681.777638900094 19.137028842887602 0.0027773461513991293 ZTF_r
0 58682.76917820005 19.08373329348776 0.0012971131436376737 ZTF_r
0 58684.67428239994 19.14273657387414 0.0008354974565776274 ZTF_r
0 58684.67520829989 19.13329210649961 0.0007631905042373432 ZTF_r
0 58685.8210880002 19.13764271737919 0.0012004273929679954 ZTF_r
0 58686.80679399986 19.114112984720116 0.0009404302400071174 ZTF_r
0 58688.86206019996 19.097846541605897 0.0008106154577411928 ZTF_r
0 58691.69526620023 19.180084521940955 0.0007167265719534299 ZTF_r
0 58691.69616900012 19.119963426104313 0.0005963199225682558 ZTF_r
0 58692.82410879992 18.993601634955695 0.0006913093165206163 ZTF_r
0 58693.71103010001 19.13701494654461 0.0011694202212737537 ZTF_r
0 58694.69487270014 19.19355372240969 0.000844517234474651 ZTF_r
0 58694.69577550003 19.111148424022172 0.0006774654241930023 ZTF_r
0 58695.72806710005 19.10132184674819 0.0018902453456046686 ZTF_r
0 58696.84959489992 19.16170737146321 0.0007286658786700428 ZTF_r
0 58697.68165510008 19.08277883416438 0.0005478358463939514 ZTF_r
0 58697.68256939994 19.162849269391877 0.0007076698244716795 ZTF_r
0 58698.686759300064 19.201539277392897 0.004629940506509556 ZTF_r
0 58703.68572920002 18.95821973847856 0.0009620658353046707 ZTF_r
0 58703.68662039982 18.992627490576222 0.0008910902094072526 ZTF_r
0 58704.680162 18.90473096712136 0.0007738454302081976 ZTF_r
0 58707.6702083 18.966848661705363 0.0013122880849714136 ZTF_r
0 58707.67111109989 18.98613114124285 0.0014079362964611875 ZTF_r
0 58709.75568290008 18.95718365718423 0.0016156600596790582 ZTF_r
0 58711.78737269994 18.967329098646758 0.002215535723824047 ZTF_r
0 58712.74818289978 18.93293563370947 0.0009824077264752873 ZTF_r
0 58713.73523150012 18.915903445366066 0.003208816255943603 ZTF_r
0 58713.74773149984 18.82601506328675 0.006350956255317897 ZTF_r
0 58714.85269680014 18.929046627255236 0.0019309951708024187 ZTF_r
0 58715.83042819984 18.94452165675459 0.0013483878143478734 ZTF_r
0 58719.82211809978 19.119047975836825 0.0033823470639440245 ZTF_r
0 58722.8119907002 18.91455266823293 0.00075308470580282 ZTF_r
0 58725.734780100174 19.031949526579677 0.0006655836231210799 ZTF_r
0 58728.69832180021 18.922934530503458 0.0005463928805813367 ZTF_r
0 58734.645092600025 18.969499172351362 0.0012945338647956106 ZTF_r
0 58736.688865699805 19.022388577246527 0.0011288391676682608 ZTF_r
0 58737.68732640008 18.956987976870014 0.0025121122512903327 ZTF_r
0 58740.75493060006 18.88819263242746 0.003932141614162887 ZTF_r
0 58747.70862270007 18.866563443785793 0.0007951464929938368 ZTF_r
0 58764.6169906999 18.710896649270524 0.0006436396602556016 ZTF_r
0 58767.61247690022 19.037276092229583 0.005305260487054042 ZTF_r
0 58770.70398150012 18.902321794934572 0.006179020643381605 ZTF_r
0 58779.588356500026 18.658734519646217 0.0011660354069586987 ZTF_r
0 58782.61836809991 18.868512660279915 0.001396244932273305 ZTF_r
0 58785.60247689998 18.69107401703218 0.0008947818191078483 ZTF_r
0 58790.62157410011 18.74686836710009 0.0015862072346841671 ZTF_r
0 58793.58684029989 18.741896020013325 0.002291742171358635 ZTF_r
0 58887.07064810023 18.281154871159657 0.000666530265069909 ZTF_r
0 58893.039166700095 18.472328691612972 0.0007474042132571412 ZTF_r
0 58896.01091440022 18.3870018719814 0.0006679200972943278 ZTF_r
0 58900.9849537001 18.308911347877135 0.0008783323439978119 ZTF_r
0 58905.03494209983 18.45753758487389 0.0004917387287104447 ZTF_r
0 58909.00365740014 18.35302684476145 0.00028197708062371873 ZTF_r
0 58912.00515050022 18.53556905733348 0.0010081699900119645 ZTF_r
0 58915.02288189996 18.25473948742669 0.00018233351141461185 ZTF_r
0 58937.00929399999 18.34674881517538 0.0003743273840051131 ZTF_r
0 58939.98900459986 18.38072292316147 0.03292534471168196 ZTF_r
0 58943.98471060023 18.250594587196133 0.0002388021117312178 ZTF_r
0 58953.95511570014 18.32103977656147 0.00045621842375531685 ZTF_r
0 58961.95429399982 18.319160868636903 0.0003441112474433794 ZTF_r
0 58964.9241204001 18.184989950066914 0.00015597113297971532 ZTF_r
0 58967.91372689977 18.229215870121962 0.0001630238599261702 ZTF_r
0 58970.91289350018 18.213262955847732 0.00017026549944709757 ZTF_r
0 58973.83722219989 18.175774993664163 0.0004813765384223956 ZTF_r
0 58976.83990739984 18.18993466471628 0.0015610680247757358 ZTF_r
0 58979.83781250008 18.172421900457067 0.0005898985807117896 ZTF_r
0 58986.953009299934 18.2200007536457 0.00014802607454278416 ZTF_r
0 58991.94290510006 18.21223448841225 0.00015525282736383872 ZTF_r
0 58995.937384299934 18.156184167017145 0.0001282818386094675 ZTF_r
0 58998.83001160016 18.13163260882544 0.0001453282901113795 ZTF_r
0 58999.87575230002 18.27227284635699 0.0001960235120961329 ZTF_r
0 59000.84766199999 19.965429307739583 0.005529509126757759 ZTF_r
0 59000.84813660011 18.167971512501165 0.0004470139811694196 ZTF_r
0 59001.932164399885 18.16875567780233 0.00018928765422465688 ZTF_r
0 59004.79401620012 18.190085940219276 0.0007084158519710115 ZTF_r
0 59008.83592589991 18.18495064786279 0.00046253232224557905 ZTF_r
0 59009.85844910005 18.182403219078136 0.0004288309031874604 ZTF_r
0 59011.82106480002 18.096571014517323 0.00021318646587786816 ZTF_r
0 59012.774409700185 18.148815577166868 0.00014239515836145245 ZTF_r
0 59014.76008100016 18.19228889461045 0.0002101172693613762 ZTF_r
0 59015.83256939985 18.10307660334542 0.00014377063041060012 ZTF_r
0 59016.75630789995 18.109273606651 0.00045540804119603706 ZTF_r
0 59017.79107639985 18.163248332647647 0.00013528387837524747 ZTF_r
0 59018.75981480023 18.150572404893882 0.0001460963628865386 ZTF_r
0 59019.86167819984 18.180336468543878 0.0001499632737029799 ZTF_r
0 59020.77841439983 18.094123106206474 0.00014710377453930334 ZTF_r
0 59022.75298610004 18.163560042072145 0.000147813118573481 ZTF_r
0 59023.81026619999 18.109138090404123 0.0001263425676292229 ZTF_r
0 59024.75687499996 18.074659947820514 0.00015411584129410016 ZTF_r
0 59025.87047450012 18.13041763006512 0.00015222433680506242 ZTF_r
0 59027.776157400105 18.08759996589754 0.0001734248065954347 ZTF_r
0 59028.75343749998 18.10148488584668 0.00020784750044811062 ZTF_r
0 59031.74799769977 18.013420978027614 0.00026235770505422806 ZTF_r
0 59031.87592589995 18.070745278815405 0.0002749543584652514 ZTF_r
0 59031.87640050007 18.073153456260364 0.00024521020893253365 ZTF_r
0 59031.87686339999 18.08057801194002 0.00022126928611498897 ZTF_r
0 59031.87733800011 18.02714049498162 0.0002065996175577567 ZTF_r
0 59031.87780090002 17.992502969215998 0.00018826130188642765 ZTF_r
0 59031.87827550015 18.0466620371249 0.0002026975594198177 ZTF_r
0 59031.87873840006 18.004676025572536 0.00018358885655089807 ZTF_r
0 59031.879201400094 18.03159324604637 0.000178135525594314 ZTF_r
0 59031.8796759001 18.08302806039963 0.0002074768143103256 ZTF_r
0 59031.88013890013 18.02019586905834 0.00021038539830087188 ZTF_r
0 59031.880613400135 18.026834596992998 0.00017484494757091795 ZTF_r
0 59031.88107640017 17.97309600439183 0.00019868720224280878 ZTF_r
0 59031.88155090017 18.009881518945818 0.00017799081063607503 ZTF_r
0 59031.882013900205 18.028120725575533 0.00018308017751955674 ZTF_r
0 59031.88248840021 18.004238508129227 0.00019288204710221635 ZTF_r
0 59031.88295139978 18.030142053505656 0.00018283946707953191 ZTF_r
0 59031.88342589978 18.004800009471406 0.00017708588263687375 ZTF_r
0 59031.88388889981 18.095379349354005 0.0002209290350929649 ZTF_r
0 59031.88435189985 18.048339475700768 0.00018679181450842464 ZTF_r
0 59031.88482639985 18.033901615184348 0.00019966963516537817 ZTF_r
0 59031.885289399885 18.05073034180687 0.00020974437528487044 ZTF_r
0 59031.88576389989 18.037163611891852 0.00017111825704319017 ZTF_r
0 59031.88622689992 18.037779775097327 0.00018976051080343836 ZTF_r
0 59031.886701399926 18.006910482372348 0.0001855591631603204 ZTF_r
0 59031.88716439996 18.039119883160506 0.00017644762223234522 ZTF_r
0 59031.88763889996 18.043244131172923 0.00018719688684498692 ZTF_r
0 59031.8881019 18.078743113241458 0.00017532424230282118 ZTF_r
0 59031.88856479991 18.075737361651058 0.0001934761427229148 ZTF_r
0 59031.889039400034 18.064874753968837 0.00018673598702179106 ZTF_r
0 59031.88950229995 18.02961922988287 0.00017648300924832938 ZTF_r
0 59031.88997690007 18.032891028588125 0.00016315907330799462 ZTF_r
0 59031.89043979999 18.012335208758948 0.0001696661083609996 ZTF_r
0 59031.89090280002 18.00822694907817 0.0001625623097876172 ZTF_r
0 59031.89137730002 18.04639712768135 0.000165063346479144 ZTF_r
0 59031.89185190015 18.024478073914224 0.00018032224248187845 ZTF_r
0 59031.89231480006 18.05124245394948 0.00016266782197327245 ZTF_r
0 59031.892777800094 18.07586237679537 0.00016670936659224367 ZTF_r
0 59031.8932523001 18.0176447014331 0.00016410720428083891 ZTF_r
0 59031.89371530013 18.057212361675113 0.0001796683562904633 ZTF_r
0 59031.894189800136 18.09428572272332 0.00018009634699645005 ZTF_r
0 59031.89465280017 18.034402775809987 0.00016988223474712072 ZTF_r
0 59031.89512730017 17.98534358234377 0.00016153373101523982 ZTF_r
0 59031.895590300206 18.07219352292757 0.00016803822758149067 ZTF_r
0 59031.89605320012 18.099560663237195 0.00017931091131906385 ZTF_r
0 59031.89652779978 18.034788915584542 0.00015072373131630457 ZTF_r
0 59031.89699070016 18.076162403706416 0.00016247253490853097 ZTF_r
0 59031.897465299815 18.056990233451877 0.00016818022580622483 ZTF_r
0 59031.8979282002 18.073380796253844 0.00017446134958554183 ZTF_r
0 59031.89840279985 18.029701416077884 0.00016576012022362363 ZTF_r
0 59031.89886569977 18.068571909297596 0.00016509628344429927 ZTF_r
0 59031.89934029989 18.05173598601731 0.00016172894649457703 ZTF_r
0 59031.899803199805 18.04339685447018 0.00016110387529799652 ZTF_r
0 59031.90027779993 18.07910811854009 0.00015328654419022314 ZTF_r
0 59031.90074069984 18.130874473854647 0.00015530962856580288 ZTF_r
0 59031.90120369988 18.036194144857717 0.00014196185480663814 ZTF_r
0 59031.90167819988 18.1171220126095 0.00017259437170835668 ZTF_r
0 59031.90214119991 18.0574559739749 0.00015268129310719303 ZTF_r
0 59031.90261569992 18.076917401593654 0.00015438429278447074 ZTF_r
0 59031.90307869995 18.044075485642594 0.00014406646917386468 ZTF_r
0 59031.903553199954 18.08916981160074 0.00015679117244715712 ZTF_r
0 59031.90401619999 18.079523036197354 0.00014324604349624792 ZTF_r
0 59031.90447920002 18.05567628972775 0.00013613958368452472 ZTF_r
0 59031.904953700025 18.10642721191067 0.00014583508624710362 ZTF_r
0 59031.90542820003 18.097630397158134 0.00016020177324271856 ZTF_r
0 59031.90589120006 18.04173785264943 0.00014451079974797665 ZTF_r
0 59031.90636570007 18.03979708020761 0.00014029631502232576 ZTF_r
0 59031.9068287001 18.07474756089311 0.0001395906457108964 ZTF_r
0 59031.90729170013 18.071749303275766 0.0001355383828904877 ZTF_r
0 59031.90776620014 18.09159291396098 0.00014181597913065502 ZTF_r
0 59031.90822920017 18.08791261688008 0.0001438738701651232 ZTF_r
0 59031.908692100085 18.116807730765657 0.00014138221669490747 ZTF_r
0 59031.90916670021 18.050538234748515 0.00013602021982528356 ZTF_r
0 59031.90962960012 18.086280811939282 0.00014547580458312837 ZTF_r
0 59031.91010419978 18.05559791266804 0.00013501010048599937 ZTF_r
0 59031.91056710016 18.093621387572227 0.00013776063955006634 ZTF_r
0 59031.911041699816 18.087207905345178 0.00012801609799950597 ZTF_r
0 59031.9115046002 18.09949469618385 0.00013723338460280843 ZTF_r
0 59031.91197919985 18.129323116587067 0.00013578603020647506 ZTF_r
0 59031.91244209977 18.10443812733982 0.00013697375571197767 ZTF_r
0 59031.91291669989 18.121742069362092 0.00015066114694661792 ZTF_r
0 59031.91339119989 18.08659252426689 0.0001354581756576323 ZTF_r
0 59031.91385419993 18.08762411804942 0.00014487106199823074 ZTF_r
0 59031.91432869993 18.101090106883262 0.0001477444347273149 ZTF_r
0 59031.914791699965 18.12802976973603 0.00015127682416782307 ZTF_r
0 59031.91525459988 18.11093284218462 0.00014183781252086192 ZTF_r
0 59031.9157292 18.106543502136105 0.00014974068150230835 ZTF_r
0 59031.91619209992 18.078444867325935 0.0001251695179078638 ZTF_r
0 59031.91666670004 18.101434655827887 0.00013739540855262078 ZTF_r
0 59031.91712959996 18.121311036275827 0.00015438449643667695 ZTF_r
0 59031.91760420008 18.10690832880371 0.0001463312795628724 ZTF_r
0 59031.91806709999 18.068792075614162 0.00013562597989213998 ZTF_r
0 59031.91854170011 18.102671785972316 0.00014488982587756993 ZTF_r
0 59031.91900460003 18.081152991796174 0.00013950013429209207 ZTF_r
0 59031.91947920015 18.133982543742622 0.0001515306298962571 ZTF_r
0 59031.91994210007 18.11379941687657 0.0001403492328773126 ZTF_r
0 59031.92041670019 18.09243061868038 0.000144709251504338 ZTF_r
0 59031.9208796001 18.15665164456187 0.00015226997750694693 ZTF_r
0 59031.92134260014 18.096453713468016 0.0001413521588986555 ZTF_r
0 59031.92181710014 18.137213291136064 0.00014616317758608943 ZTF_r
0 59031.922280100174 18.099615953791957 0.00013792160706849188 ZTF_r
0 59031.92274310021 18.11889513761951 0.00014617269252248377 ZTF_r
0 59031.92321760021 18.13091348454803 0.0001584754366170671 ZTF_r
0 59031.92368059978 18.11405081261549 0.00015625444644307152 ZTF_r
0 59031.92414350016 18.134408328681722 0.00014439524212939148 ZTF_r
0 59031.924618099816 18.11097614118796 0.0001527013954589762 ZTF_r
0 59031.9250810002 18.070169642894115 0.00015059038004849867 ZTF_r
0 59031.92555559985 18.080514171944856 0.0001446360501109467 ZTF_r
0 59031.92601849977 18.095376379440964 0.00014355157926004836 ZTF_r
0 59031.92649309989 18.176437074296878 0.00016360701425099933 ZTF_r
0 59031.92695599981 18.10251662626689 0.00013908058301836945 ZTF_r
0 59031.92743059993 18.10681375552459 0.00014133181827880037 ZTF_r
0 59031.92789349984 18.127666315592997 0.00015581398848141248 ZTF_r
0 59031.928368099965 18.1221224609412 0.00015005917646249145 ZTF_r
0 59031.92883099988 18.091122079773257 0.00015358595353376359 ZTF_r
0 59031.92929399992 18.083929535175567 0.00014605641680986992 ZTF_r
0 59031.92976849992 18.096751218967533 0.00015527102573642537 ZTF_r
0 59031.93023149995 18.11439396526835 0.00015204453189454625 ZTF_r
0 59031.93070599996 18.139261280063916 0.00016201841549090545 ZTF_r
0 59031.93116899999 18.0762993144161 0.00014609725293546205 ZTF_r
0 59031.931631899904 18.14193931504616 0.00015806102270587985 ZTF_r
0 59031.932106500026 18.121326100284435 0.00015039496502744498 ZTF_r
0 59031.93256939994 18.095855497427507 0.00014383715059551605 ZTF_r
0 59031.933032399975 18.121859159292924 0.00015015957543873526 ZTF_r
0 59031.93350689998 18.145797030880203 0.00016357845045789077 ZTF_r
0 59031.93396990001 18.148630907882076 0.00014524873812327144 ZTF_r
0 59031.934432900045 18.173485644451695 0.00015745954373080906 ZTF_r
0 59031.93490740005 18.13786029021765 0.00015853965446410712 ZTF_r
0 59031.93537040008 18.106931549693932 0.00016470747287478105 ZTF_r
0 59031.93584490009 18.119478961478542 0.00014786825880719334 ZTF_r
0 59031.93630790012 18.171567778294595 0.0001594789036367672 ZTF_r
0 59031.93678240013 18.16982043789393 0.0001409272135255435 ZTF_r
0 59031.93724540016 18.166030123056608 0.00017646019651529343 ZTF_r
0 59031.93771990016 18.0885772746079 0.00014138966393950625 ZTF_r
0 59032.74358800007 17.976541651420433 0.0002452850523404493 ZTF_r
0 59033.83368059993 18.082738196065208 0.000371806330672797 ZTF_r
0 59034.83732639998 18.055399317890455 0.0004418707428062163 ZTF_r
0 59035.83221059991 18.017744874066786 0.0005740949535635309 ZTF_r
0 59038.72738429997 18.039310083627463 0.00015427977414184113 ZTF_r
0 59038.850486100186 18.06176274720243 0.00029446066001170834 ZTF_r
0 59038.85189810023 19.419834590631176 0.003309985662822257 ZTF_r
0 59039.80670139985 18.077897261008353 0.00018618071277920478 ZTF_r
0 59041.7709144 18.0524628582704 0.00013183637522118374 ZTF_r
0 59044.74696760019 18.038528770213727 0.00013358393230333832 ZTF_r
0 59047.82947919984 18.060960391596815 0.00012689472747240416 ZTF_r
0 59047.834351900034 18.106982787566473 0.00012278260027720478 ZTF_r
0 59047.83481479995 18.05668408582159 0.00011769200152578208 ZTF_r
0 59047.83528940007 18.075687570351622 0.0001293436476341725 ZTF_r
0 59047.83575229999 18.12767310429649 0.00012566211376352499 ZTF_r
0 59047.83622690011 18.075733813897717 0.00013050423142857426 ZTF_r
0 59047.83668980002 18.027796890588515 0.00011762525832281767 ZTF_r
0 59047.83715280006 18.083626928732667 0.0001282390856118809 ZTF_r
0 59047.83762730006 18.048559785130763 0.00012675616293833514 ZTF_r
0 59047.838090300094 18.07658984671802 0.0001241024763345422 ZTF_r
0 59047.8385648001 18.07508474635127 0.00012659087734334662 ZTF_r
0 59047.83902780013 18.093454971406636 0.00013085652247113444 ZTF_r
0 59047.839502300136 18.12234127727671 0.00015508552346510385 ZTF_r
0 59047.83997689979 18.064987230783863 0.00012731659878184587 ZTF_r
0 59047.84043980017 18.052042768561034 0.00012608212158937704 ZTF_r
0 59047.84091439983 18.046015636100883 0.00012034554397466479 ZTF_r
0 59047.84137730021 18.03644103024577 0.0001161696316884786 ZTF_r
0 59047.84184029978 18.046091504596884 0.00011534164844739792 ZTF_r
0 59047.84231479978 18.019233904281876 0.00011572171337270731 ZTF_r
0 59047.842777799815 18.081643039984147 0.00013264280328861844 ZTF_r
0 59047.84325229982 18.088034793636076 0.00011907671685662535 ZTF_r
0 59047.84371529985 18.076197932288906 0.00012805203874322046 ZTF_r
0 59047.84418979986 18.0539846554202 0.00011649361949395143 ZTF_r
0 59047.84465279989 18.065986150864127 0.00012321928677394567 ZTF_r
0 59047.84512729989 18.076241055118977 0.00012735934638108404 ZTF_r
0 59047.84559029993 18.04566784027085 0.0001256358753494169 ZTF_r
0 59047.84605319984 18.03922798678503 0.00012689551136624289 ZTF_r
0 59047.84652779997 18.07969793534805 0.00012473065463147748 ZTF_r
0 59047.84699069988 18.0529847222897 0.00012895012930869143 ZTF_r
0 59047.84745369991 18.081850820440735 0.00012373383212427314 ZTF_r
0 59047.84792819992 18.05255751666334 0.00012707882933860049 ZTF_r
0 59047.84839119995 18.07594038275832 0.00013315031825200663 ZTF_r
0 59047.848865699954 18.075379879681506 0.00013202652529287207 ZTF_r
0 59047.84932869999 18.040335947255056 0.00013124971331635038 ZTF_r
0 59047.84979170002 18.043134085303997 0.0001385919491880827 ZTF_r
0 59047.850266200025 18.047790904179312 0.00012936976959920798 ZTF_r
0 59047.85072920006 18.084788350050815 0.00013153835477197617 ZTF_r
0 59047.85119209997 18.055657414658555 0.00013782244008453404 ZTF_r
0 59047.851666700095 18.09551262668353 0.0001304260268195634 ZTF_r
0 59047.85212960001 18.09346776172562 0.0001278745003023829 ZTF_r
0 59047.85259260005 18.070922438692968 0.00011807576236044781 ZTF_r
0 59047.85306710005 18.04720877767407 0.00011941057227815577 ZTF_r
0 59047.85353010008 18.006362895164486 0.00012632849594140794 ZTF_r
0 59047.853993100114 18.03538207486991 0.00011578966785030786 ZTF_r
0 59047.85446760012 18.069597945663613 0.00012662110038696994 ZTF_r
0 59047.85493060015 18.08526406055698 0.00013188691843879496 ZTF_r
0 59047.85539350007 18.081641712499806 0.00013044617522695034 ZTF_r
0 59047.85586810019 18.045193855275553 0.0001238675349597429 ZTF_r
0 59047.856331000105 18.027285195747705 0.00012115394364187182 ZTF_r
0 59047.85679400014 18.049981269345437 0.00012351906911334254 ZTF_r
0 59047.85726850014 18.023620138082613 0.00012468266608145484 ZTF_r
0 59047.857731500175 18.01284476217346 0.00013022274363372333 ZTF_r
0 59047.85819440009 18.044777535431074 0.00012439433452016146 ZTF_r
0 59047.85866900021 18.019289000800548 0.00012540546905270844 ZTF_r
0 59047.85913190013 18.089680274404188 0.0001339072084949322 ZTF_r
0 59047.85959490016 18.074471594987337 0.00013393128368477392 ZTF_r
0 59047.860069400165 18.06277543919586 0.00013879676144412656 ZTF_r
0 59047.8605324002 18.046240229750488 0.00013016778730801093 ZTF_r
0 59047.86099540023 18.058019712873342 0.00013685392274176422 ZTF_r
0 59047.86146989977 18.04656331400448 0.00012387320274243052 ZTF_r
0 59047.8619328998 18.021375849848326 0.00012537729694273025 ZTF_r
0 59047.86239580018 18.017541753919417 0.00012097235283725638 ZTF_r
0 59047.86285880022 18.03631202386684 0.0001249917308019377 ZTF_r
0 59047.86333330022 18.03978818953486 0.00011892226898524427 ZTF_r
0 59047.86379629979 18.058179904024676 0.0001259717509949354 ZTF_r
0 59047.86427079979 18.00622019589138 0.00013002516691429378 ZTF_r
0 59047.86473379983 18.035877828602143 0.00012541666090726267 ZTF_r
0 59047.86519679986 18.011873882018925 0.00012835829944002342 ZTF_r
0 59047.86567129986 18.037877121367213 0.00013810000697311864 ZTF_r
0 59047.8661342999 18.09402317658546 0.00013783871715844498 ZTF_r
0 59047.86659719981 18.04027061101627 0.00012242078341273555 ZTF_r
0 59047.867060199846 18.066497329317514 0.00013006644455870742 ZTF_r
0 59047.86753469985 18.047056794550166 0.0001282733436518413 ZTF_r
0 59047.86799769988 18.05355376159212 0.0001340389038553269 ZTF_r
0 59047.8684605998 18.06392521665802 0.00013605318031117974 ZTF_r
0 59047.86893519992 18.091476191074115 0.0001311757194795149 ZTF_r
0 59047.86939809984 18.011934843142804 0.00012022812704870489 ZTF_r
0 59047.86986109987 18.03399831771533 0.00012500416207927856 ZTF_r
0 59047.87033559987 18.071306727784297 0.00013602023413206155 ZTF_r
0 59047.87079859991 18.060814770158203 0.00013459249323055644 ZTF_r
0 59047.87127309991 18.038234044647364 0.00012811214818242433 ZTF_r
0 59047.87173609994 18.077637576528502 0.00014390349542736658 ZTF_r
0 59047.87219909998 18.032308647435002 0.00012567663608287205 ZTF_r
0 59047.87266199989 18.066902197713155 0.0001329458043457521 ZTF_r
0 59047.873136600014 18.06700662228771 0.00012041270579388197 ZTF_r
0 59047.87359949993 18.11161816955257 0.00014213351020053722 ZTF_r
0 59047.87407410005 18.034508592012436 0.00013222839505822037 ZTF_r
0 59047.87453699997 18.033836150441203 0.00012287567925639564 ZTF_r
0 59047.875 18.01020658229431 0.00012571018977425297 ZTF_r
0 59047.8754745 18.059631928620504 0.00012866418823520576 ZTF_r
0 59047.87593750004 18.066914436671635 0.0001309917936396232 ZTF_r
0 59047.87640050007 18.06948442657615 0.00013560954006130999 ZTF_r
0 59047.87687500008 18.083908336127116 0.0001400006731699932 ZTF_r
0 59047.87733800011 18.079189163661287 0.00014567418687860823 ZTF_r
0 59047.87780090002 18.067122037268142 0.0001484949619925402 ZTF_r
0 59047.87827550015 18.084566501777992 0.00014674632473798965 ZTF_r
0 59047.87873840006 18.096904153359624 0.00015804022508447702 ZTF_r
0 59047.87921300018 18.028486923281463 0.00013159364099024629 ZTF_r
0 59047.8796759001 18.067110084872226 0.00013351278719397897 ZTF_r
0 59047.88013890013 18.07507028198007 0.0001456280374778629 ZTF_r
0 59047.880613400135 18.072501676127146 0.0001432791831916802 ZTF_r
0 59047.88107640017 18.072673189933337 0.0001357511140547274 ZTF_r
0 59047.8815394002 18.062847643513994 0.00013223797001238324 ZTF_r
0 59047.882013900205 18.05125009234843 0.00013258869357812841 ZTF_r
0 59047.88247689977 18.070173422502297 0.00014401074360570476 ZTF_r
0 59047.88293980016 18.06104154849553 0.00012999933836965738 ZTF_r
0 59047.88341439981 18.014971539772237 0.00012983009279032842 ZTF_r
0 59047.88387730019 18.050853394540702 0.00013309497523650293 ZTF_r
0 59047.88434030023 18.021801195061432 0.00013528354751990435 ZTF_r
0 59047.88481480023 18.04857239632912 0.00012411748935647893 ZTF_r
0 59047.8852777998 18.043737392852414 0.0001248965706146521 ZTF_r
0 59047.88574070018 18.01838510394918 0.0001210071299464488 ZTF_r
0 59047.88620370021 18.042425805845 0.00012822059368389205 ZTF_r
0 59047.886678200215 18.03854254725964 0.00012885809381479874 ZTF_r
0 59047.88714119978 18.04103360627824 0.00013696781561556293 ZTF_r
0 59047.887604199816 18.051118573776808 0.00012824738671213254 ZTF_r
0 59047.88807869982 18.05984458066183 0.00013060713970602933 ZTF_r
0 59047.88854169985 18.083389321661237 0.00013616068160615669 ZTF_r
0 59047.88900459977 18.031785144994622 0.00012988599453045424 ZTF_r
0 59047.88947919989 18.077512759813928 0.0001346081623054829 ZTF_r
0 59047.889942099806 18.054683718702982 0.00012895371017407342 ZTF_r
0 59047.89040509984 18.072966395309845 0.00013268096256524586 ZTF_r
0 59047.89087959984 18.05944622152197 0.00014077787765742755 ZTF_r
0 59047.89134259988 18.034666673333835 0.00012386749361681382 ZTF_r
0 59047.89180559991 18.063120147952915 0.00013949730720419495 ZTF_r
0 59047.89228009991 18.085658880146074 0.0001439936319780344 ZTF_r
0 59047.89274309995 18.07048286950018 0.00013991390344081367 ZTF_r
0 59047.89321759995 18.036726706222296 0.00012912667240527753 ZTF_r
0 59047.893680599984 18.021147307420335 0.00012936580463929204 ZTF_r
0 59047.8941434999 18.049159105950075 0.0001347486068503656 ZTF_r
0 59047.89461810002 18.05662660964508 0.00013506861935042025 ZTF_r
0 59047.89508099994 18.03854047679973 0.0001401689328712763 ZTF_r
0 59047.89555560006 18.039157545083018 0.00012774405056958926 ZTF_r
0 59047.89601849997 18.04418401897498 0.00013564616414996067 ZTF_r
0 59053.79712959984 18.118187501498983 0.00012962893219459204 ZTF_r
0 59056.83741899999 18.08440158305622 0.000206556765581567 ZTF_r
0 59061.77393520018 19.41356668218522 0.0026965015224114097 ZTF_r
0 59061.856655099895 17.993794805760906 0.0003160775356612078 ZTF_r
0 59062.72984950012 17.991031054963088 0.0003391932036969081 ZTF_r
0 59065.83175930008 18.079599157667687 0.0010366102388061904 ZTF_r
0 59068.75359949982 17.983478397449048 0.000180454470072533 ZTF_r
0 59071.69178240001 18.12407164683541 0.00021777609372541917 ZTF_r
0 59074.791006899904 18.01617458219038 0.00015544684631763062 ZTF_r
0 59077.76356479991 17.998093288199215 0.00012775150471711072 ZTF_r
0 59081.7046991 18.037763636439355 0.00017764326547009546 ZTF_r
0 59092.74134259997 17.93250373515717 0.00042036119555000084 ZTF_r
0 59092.74186340021 19.500960573660358 0.004488653900505568 ZTF_r
0 59092.74232639978 19.38816508430098 0.004677561052416124 ZTF_r
0 59093.69387729978 18.00975261223665 0.0004449888371773625 ZTF_r
0 59098.67125000013 18.020525721447832 0.00013881818722794037 ZTF_r
0 59107.62537040003 17.987923928811473 0.000262087366539987 ZTF_r
0 59111.7179744998 18.04757362311416 0.0002456782935755797 ZTF_r
0 59114.68336809985 18.039084030776884 0.00024323891272004516 ZTF_r
0 59115.65162040014 18.000935880990912 0.0001822287596073835 ZTF_r
0 59116.69204859994 17.958393772410822 0.00030152813141093304 ZTF_r
0 59117.60969909979 17.889004413724315 0.0003127112404683885 ZTF_r
0 59118.72483799979 17.91431398054487 0.00024440987609963827 ZTF_r
0 59119.66390050016 17.92986366540297 0.00021465902863937458 ZTF_r
0 59121.60431709979 17.89525613143337 0.0003080432676014766 ZTF_r
0 59123.75914350012 18.013060548165754 0.0018147363441372022 ZTF_r
0 59125.62504629977 17.96509689314164 0.0003532242840460498 ZTF_r
0 59127.61635420006 18.006574024651396 0.001060533889933879 ZTF_r
0 59129.6244212999 17.931196981570118 0.00011661343736157903 ZTF_r
0 59135.639097199775 17.95434447088377 0.00019319188822919386 ZTF_r
0 59137.601435199846 17.933921742054125 0.00013029837958811186 ZTF_r
0 59139.59241899988 17.908230790849565 0.00018473313588707185 ZTF_r
0 59141.60187500017 19.262178928442307 0.002884602630425448 ZTF_r
0 59141.6023380002 19.334238556484703 0.002436766331754825 ZTF_r
0 59141.60944439983 17.91854774912326 0.00021051207214206613 ZTF_r
0 59145.59957179986 17.884736192007544 0.00014593756074887665 ZTF_r
0 59150.61464119982 17.97736105577917 0.0004574353497357464 ZTF_r
0 59152.6793056 17.942962259595596 0.0006523974575216585 ZTF_r
0 59154.66151619982 18.121433188059015 0.0035387180189498935 ZTF_r
0 59158.60343750008 18.04411975451353 0.0003522194749443486 ZTF_r
0 59164.63916670019 17.95240927709078 0.000562382360170588 ZTF_r
0 59169.64127309993 18.119096481854065 0.0013548233682012523 ZTF_r
0 59266.02803240018 18.01528383847934 0.00024104716879769228 ZTF_r
0 59268.94912040001 17.933815130374633 0.0003682739046126926 ZTF_r
0 59271.00641199993 18.02941191208404 0.0005814262268870607 ZTF_r
0 59272.97093749978 18.072734343107907 0.0012297713063365023 ZTF_r
0 59276.02430560021 18.09286908853774 0.0005523024647100527 ZTF_r
0 59291.97687500017 17.990819669974933 0.00015591874573672726 ZTF_r
0 59296.00494210003 18.017504526389338 0.0002151454486813975 ZTF_r
0 59298.9072106001 17.935072225626556 0.0022717350901100275 ZTF_r
0 59301.92747690016 18.129513792776415 0.0020204080309866868 ZTF_r
0 59302.94424769981 17.893049094386246 0.0003637868045665016 ZTF_r
0 59302.94521989999 17.87299996912082 0.00034320181970137753 ZTF_r
0 59303.94549770001 17.94918150091679 0.0005580109428890978 ZTF_r
0 59304.96591439983 18.063145347427493 0.000749193315948915 ZTF_r
0 59305.97657410009 18.01057708501856 0.000440727827447418 ZTF_r
0 59305.977511600126 18.013058251416815 0.00044095798037346867 ZTF_r
0 59308.99802079983 17.984790671096953 0.00024250889080157378 ZTF_r
0 59308.99895829987 17.96967511360239 0.00014305061205988068 ZTF_r
0 59310.99358800007 17.99973483121016 0.00012942970586138358 ZTF_r
0 59313.94353009993 18.004603705033603 0.0002392550792205128 ZTF_r
0 59319.96519679995 18.00492932484636 0.00032474872588039716 ZTF_r
0 59322.96850690013 18.00685762444188 0.000151251979596978 ZTF_r
0 59324.84990740009 18.00325312785559 0.0002394941132841666 ZTF_r
0 59328.905150500126 18.001290753072567 0.00031937501341339214 ZTF_r
0 59334.90225689998 17.965726908692268 0.00025890373188097726 ZTF_r
0 59336.88759260019 17.988108686672607 0.0001740536715040264 ZTF_r
0 59339.95590279997 17.998591114847272 0.00012990123971867718 ZTF_r
0 59341.92679399997 18.129031597578877 0.00025972233152060653 ZTF_r
0 59343.86917820014 17.983675193061607 0.00015078704402071708 ZTF_r
0 59345.94289349997 18.00023312999451 0.00014229364459694693 ZTF_r
0 59349.85140050016 18.024222745189043 0.00012865033524001035 ZTF_r
0 59353.92307869997 18.059049402874557 0.00018584150726219661 ZTF_r
0 59356.85959490016 18.038640655063936 0.00031664469052472555 ZTF_r
0 59359.87958330009 17.98552621104746 0.0005487727735751236 ZTF_r
0 59361.893368099816 19.150337008863467 0.0026191191732429786 ZTF_r
0 59361.8938310002 19.20935537853643 0.0028216411603523284 ZTF_r
0 59362.81978010014 17.931222437790364 0.0003265096551885449 ZTF_r
0 59364.85302079981 17.90920519181229 0.00014949998750424243 ZTF_r
0 59366.872511600144 18.03997765299003 0.00014964543920292783 ZTF_r
0 59368.87924769986 18.000253397540014 0.00011226104217954003 ZTF_r
0 59370.869340300094 18.04381709570611 0.000136184307979903 ZTF_r
0 59375.89506939985 17.998737952135734 0.00012388070549818053 ZTF_r
0 59377.881736100186 17.98322530444334 0.00011986592689083864 ZTF_r
0 59378.8327314998 19.45145383165931 0.0010943439032224944 ZTF_r
0 59378.83319440018 19.37361197168288 0.00103453285385946 ZTF_r
0 59379.87184030004 17.99992255110625 0.00013592499587034013 ZTF_r
0 59381.8894675998 17.99518849579602 0.00019055773424447864 ZTF_r
0 59385.8368981001 18.021938994652125 0.00029732638418877855 ZTF_r
0 59385.85302079981 19.33394228601634 0.0021490646764625865 ZTF_r
0 59385.853483799845 19.323875695767647 0.0025110599256450428 ZTF_r
0 59387.90660879994 18.041701704855356 0.00045857330164622567 ZTF_r
0 59391.79685189994 17.976442125558656 0.000312073653446987 ZTF_r
0 59392.891574100126 19.468183394516288 0.0037288826722416957 ZTF_r
0 59392.89204860013 19.355998722173325 0.0035079603906247314 ZTF_r
0 59393.74885419989 18.071463666531002 0.00014048578300318582 ZTF_r
0 59393.89021989983 19.440414346360093 0.002359180350671508 ZTF_r
0 59393.89068289986 19.50335329191375 0.0025149275707168073 ZTF_r
0 59397.85553239984 18.075975501593305 0.0001426487805495924 ZTF_r
0 59400.85184030002 18.04243646108594 0.00014549646466122113 ZTF_r
0 59402.75289350003 18.002778865489567 0.00013245389817839737 ZTF_r
0 59404.79509259993 18.025219245004934 0.00016058909169203162 ZTF_r
0 59406.76966439979 18.040847333781638 0.0001540249683955608 ZTF_r
0 59408.7453240999 18.040848315717028 0.00018784457490106377 ZTF_r
0 59410.75003470015 18.08015388404055 0.00016456133146824925 ZTF_r
0 59410.75049770018 19.4014633427255 0.0013353684668864219 ZTF_r
0 59412.86418979988 18.027825954805962 0.00019376403358428718 ZTF_r
0 59415.70793979988 18.029595146327445 0.00022697997300547001 ZTF_r
0 59415.7084144 19.511905013248004 0.0027198429764858645 ZTF_r
0 59418.75016199984 17.84745644658416 0.005475576841053709 ZTF_r
0 59424.85140050016 19.566593807649813 0.0025444713025297716 ZTF_r
0 59424.85187500017 19.59947718447738 0.0031316059770407634 ZTF_r
0 59427.72800929984 18.104280049275708 0.0001490634134171387 ZTF_r
0 59434.70643519983 18.052166860628198 0.00014554686439893771 ZTF_r
0 59435.77766200015 19.578020419495573 0.0018267164373284572 ZTF_r
0 59435.77813659981 19.69101697552064 0.0018651397348676824 ZTF_r
0 59436.724490699824 18.076527610266638 0.00014676961029280733 ZTF_r
0 59438.69464119989 19.866075183337784 0.0003942426463705573 ZTF_r
0 59439.71555559989 18.08815181693948 0.0002154033653241072 ZTF_r
0 59441.69412040012 18.05448720462143 0.0002375057427048688 ZTF_r
0 59443.73260420002 18.00942853821202 0.0005250161062129166 ZTF_r
0 59448.73754630005 18.045946979539302 0.0006871597639559468 ZTF_r
0 59448.764872699976 19.764061378876132 0.022674052960706348 ZTF_r
0 59448.76534719998 19.41280409510142 0.011388159233188588 ZTF_r
0 59450.77936339984 17.958590088410165 0.0008921288829437657 ZTF_r
0 59452.725486100186 17.998499766321302 0.00015851357843743585 ZTF_r
0 59454.7565394002 18.023690233165187 0.00016940176009327956 ZTF_r
0 59459.71732639987 19.57169440584108 0.0013711352469147897 ZTF_r
0 59459.7177893999 19.447743592285278 0.0013716309050479936 ZTF_r
0 59460.69459490013 18.04868801889782 0.00013507511809152106 ZTF_r
0 59461.68376159994 19.635406633873544 0.0027036401051088177 ZTF_r
0 59461.68423609994 19.993209936034162 0.0059988954569227815 ZTF_r
0 59462.692256900016 18.097906430645054 0.0001831872937412271 ZTF_r
0 59464.80834490014 18.08411556080897 0.0003655414141423563 ZTF_r
0 59466.67966439994 18.054017246596786 0.0001436676980297591 ZTF_r
0 59468.71467590006 18.082521288442383 0.00014611784304818798 ZTF_r
0 59470.65209490014 18.069710181563906 0.00017001255138282545 ZTF_r
0 59473.66660880018 18.05343863198034 0.00020415281463925794 ZTF_r
0 59477.67446759995 18.05350313868767 0.00040866634239478117 ZTF_r
0 59479.64065970015 18.01803504163877 0.0002599947560444349 ZTF_r
0 59483.65776620014 18.118886787819832 0.0003537412693077613 ZTF_r
0 59485.69358799979 18.15837489852435 0.00026254490685673204 ZTF_r
0 59487.64550929982 18.142705536158573 0.00029697998879996135 ZTF_r
0 59488.64999999991 18.082566920991454 0.00015887024301264319 ZTF_r
0 59491.665358799975 18.061370379658637 0.00015948928756515102 ZTF_r
0 59497.68158560013 18.189164601799447 0.0006186302128057264 ZTF_r
0 59502.66113429982 18.2138436638864 0.0009011673284238242 ZTF_r
0 59504.62386569986 18.10191407036793 0.0004447960889724101 ZTF_r
0 59510.65403940016 18.02414287252145 0.002921263320690315 ZTF_r
0 59512.61921299994 18.077784537746428 0.0001723245440050647 ZTF_r
0 59521.64285880001 18.07551458053781 0.0002905603296756709 ZTF_r
0 59523.59181710007 18.094845248367168 0.00018184043711144682 ZTF_r
0 59525.64251160016 18.069183969587876 0.0002356935516338865 ZTF_r
0 59527.613240700215 18.06833754419233 0.00026051063334797675 ZTF_r
0 59529.63334489986 18.214434384960168 0.0008975174780943007 ZTF_r
0 59532.60356480023 18.181985481220565 0.0006474887055816225 ZTF_r
0 59550.58087959979 18.20514311449047 0.0010312681750352937 ZTF_r
0 59550.58531250013 18.283204232992382 0.001049430728599532 ZTF_r
0 59550.58973379992 18.157119318814715 0.0009413436858221047 ZTF_r
0 59550.59417819977 18.199701565528372 0.0010983403650204338 ZTF_r
0 59550.59859950002 18.357632858941628 0.0016917756295509179 ZTF_r
0 59622.03054400021 18.394702112574404 0.0006903971562852718 ZTF_r
0 59623.97684030002 18.353671149103015 0.0015181274222957342 ZTF_r
0 59625.996944400016 18.318162061196812 0.0017317889894865601 ZTF_r
0 59630.00407409994 18.306364486083794 0.0013942702287224051 ZTF_r
0 59640.01480320003 18.47076413858079 0.001392186717495747 ZTF_r
0 59641.99510420021 18.270383245465723 0.00023890391321401694 ZTF_r
0 59673.8889583 18.448893978030203 0.0009704205442044866 ZTF_r
0 59675.92722220021 18.331072450679546 0.00023471355936877103 ZTF_r
0 59677.94487270014 18.3792904904467 0.0003801983242794904 ZTF_r
0 59679.97025460005 18.41625784693644 0.0003873531425000465 ZTF_r
0 59683.9051620001 18.35250823274195 0.0006246162501248875 ZTF_r
0 59685.86244209996 18.419049336097913 0.0018622878400567089 ZTF_r
0 59689.92585649993 18.347671146013372 0.0011285976534196607 ZTF_r
0 59693.90231479984 18.384496105815778 0.00034501942469589153 ZTF_r
0 59695.94527779985 18.218531129689495 0.0005944848825834015 ZTF_r
0 59697.915983799845 18.40830724685417 0.00028644731092342113 ZTF_r
0 59700.90505790012 18.351454070944623 0.00023221613152912823 ZTF_r
0 59702.90289349994 18.406294020084964 0.0003455084010486331 ZTF_r
0 59708.880949100014 18.445192774958613 0.0005253651622023625 ZTF_r
0 59708.94263890013 18.43543455428857 0.00035125291587334573 ZTF_r
0 59710.883217600174 18.35179395253988 0.0005645430622038816 ZTF_r
0 59712.88278939994 18.32111955443503 0.0004106716842464664 ZTF_r
0 59721.850208300166 18.342963949895818 0.00018204289801104778 ZTF_r
0 59721.89402779983 18.304163742610495 0.00019930659296107933 ZTF_r
0 59723.85006939992 18.411028188038884 0.00022954120157869795 ZTF_r
0 59725.88005790021 18.359850878640646 0.00019070227480355584 ZTF_r
0 59727.828865699936 18.34350507203934 0.0007072449868239516 ZTF_r
0 59731.87436340004 18.398768026951032 0.00022126680831391354 ZTF_r
0 59733.84065969987 18.39078340062145 0.00020578672082471883 ZTF_r
0 59737.8119212999 18.356317353410045 0.00019193789671767547 ZTF_r
0 59739.79951390019 18.276962037424195 0.0002500051055580599 ZTF_r
0 59741.83749999991 18.25758571087318 0.0003772548884519722 ZTF_r
0 59743.810428199824 18.380333449927516 0.0008753638986700452 ZTF_r
0 59747.84341439977 18.30753634379115 0.00036175477403332934 ZTF_r
0 59749.85086809984 18.387635245006276 0.00030433260780249327 ZTF_r
0 59751.87224540021 18.3720991727769 0.0002629721913134375 ZTF_r
0 59753.84377310006 18.372459087624236 0.0002052828628062997 ZTF_r
0 59756.85754630016 18.420291289437717 0.0002186159963262213 ZTF_r
0 59760.8089815001 18.334876544564302 0.00017337839082287587 ZTF_r
0 59762.78881940013 18.365035568132143 0.00022012396120274502 ZTF_r
0 59764.80983800022 18.34433497059584 0.0001719813511744661 ZTF_r
0 59766.84314810019 18.342803055104866 0.00018446043555719882 ZTF_r
0 59773.76593750017 18.23736265980775 0.0005711502777714372 ZTF_r
0 59773.84831020003 18.26467526118738 0.0007228562000349825 ZTF_r
0 59775.79744210001 18.239186760970952 0.00040379815234814487 ZTF_r
0 59775.83952549985 18.312272773569262 0.0006026243483798766 ZTF_r
0 59778.727233800106 18.426428079541672 0.00032580064894638383 ZTF_r
0 59782.871088000014 18.332754065249723 0.0003079430124692806 ZTF_r
0 59784.80482639978 18.37789204391727 0.00018312487020999413 ZTF_r
0 59786.77711809985 18.41175417132302 0.0002136127916969599 ZTF_r
0 59788.77547449991 18.368867767450567 0.00019265777882893076 ZTF_r
0 59790.75754630007 18.3391782089706 0.0004687995051622096 ZTF_r
0 59797.82229170017 18.435644988102382 0.00020458459673378115 ZTF_r
0 59799.71784720011 18.35479347228405 0.0006081029871332078 ZTF_r
0 59802.73554399982 18.315449818390736 0.0012660079647659472 ZTF_r
0 59805.671134300064 18.357151451091454 0.000351543862054271 ZTF_r
0 59807.78121529985 18.336398347034383 0.00026605713651761675 ZTF_r
0 59809.676342600025 18.44725132040218 0.00023658363576473107 ZTF_r
0 59812.6973611 18.395265093108968 0.00019775045111103395 ZTF_r
0 59814.746076399926 18.453683511583613 0.00022204830473171455 ZTF_r
0 59816.67665510019 18.437967685146184 0.00024038080753108204 ZTF_r
0 59818.72630790016 18.42461099462244 0.00024668194849475356 ZTF_r
0 59820.66603010008 18.506460712898267 0.00038257479940462247 ZTF_r
0 59823.68636569986 18.443313443377715 0.0002513913161212855 ZTF_r
0 59825.683032399975 18.416306477064957 0.00035717179765093476 ZTF_r
0 59827.79857640015 18.459963507183904 0.0008413785429599585 ZTF_r
0 59829.65413190005 18.457115018745807 0.000735727035287681 ZTF_r
0 59842.70137730008 18.53249220772304 0.00032971701550899013 ZTF_r
0 59844.65347220004 18.445068555052515 0.00028816421282051863 ZTF_r
0 59846.63821760006 18.46430930935597 0.00026287026174642847 ZTF_r
0 59848.67471060017 18.49675738591696 0.0003040315609901256 ZTF_r
0 59850.63908560015 18.527869523187178 0.0003337437790378317 ZTF_r
0 59853.685972199775 18.450429364500966 0.0002605819162830869 ZTF_r
0 59855.65314809978 18.37493482111646 0.0005718282768576444 ZTF_r
0 59857.686122700106 18.40438612163976 0.0007425279659933892 ZTF_r
0 59859.63968749996 18.424229685917503 0.0005748412683566073 ZTF_r
0 59862.641030100174 18.410967226692463 0.0007926714375550148 ZTF_r
0 59871.661886599846 18.575744841663727 0.0006927631358806252 ZTF_r
0 59873.63885420002 18.62147170429315 0.0005724378744709213 ZTF_r
0 59879.6158218002 18.551976775959105 0.0005562178678175655 ZTF_r
0 59881.68196759978 18.568457453103377 0.0015352285321430514 ZTF_r
0 59887.61780089978 18.56427072193113 0.0017163538394200373 ZTF_r
0 59889.63297449984 18.513771692710712 0.001123436449383064 ZTF_r
0 59894.643321800046 18.819343722281097 0.00626361477843318 ZTF_r
0 59896.61079860013 18.625734269546815 0.001537896950663864 ZTF_r
0 59899.61550930003 18.705159348407793 0.0025869617250524612 ZTF_r
0 59973.049074099865 18.686555777056256 0.0009710114507015533 ZTF_r
0 59980.038044000044 18.607844420401957 0.002119813936324988 ZTF_r
0 59984.07010419993 18.862089308153646 0.007819898035821282 ZTF_r
0 59986.0308333002 18.77765647238436 0.0031065749938221643 ZTF_r
0 59995.01943290001 18.718897797530815 0.0007074641121729286 ZTF_r
0 60017.02015049989 18.668458123397638 0.0006335159312840233 ZTF_r
0 60021.96828699997 18.732931697049736 0.0008259844361599988 ZTF_r
0 60032.94568290003 18.73264017625617 0.0006097766786528069 ZTF_r
0 60042.94096060004 18.59649020872008 0.0008653849070956454 ZTF_r
0 60044.90045139985 18.55429949287298 0.0005516773330587199 ZTF_r
0 60046.98545139981 18.644030020841946 0.003785061093136477 ZTF_r
0 60051.92675929982 18.795228173445878 0.00033334652095540207 ZTF_r
0 60054.9781944002 18.691101429365357 0.00032911839544880195 ZTF_r
0 60056.9662269 18.680612815045606 0.0003268766826760583 ZTF_r
0 60058.92045139987 18.780442635416215 0.000527278230993744 ZTF_r
0 60060.96126159979 18.75571399069463 0.0005937686952695032 ZTF_r
0 60062.96438660007 18.685924039955772 0.00029823019159636033 ZTF_r
0 60064.94625000004 18.79447080959576 0.0003436949871620243 ZTF_r
0 60067.91672449978 18.706585635670606 0.001178567517124307 ZTF_r
0 60078.92105320003 18.711666612390538 0.00031830072589045244 ZTF_r
0 60081.88972220011 18.722633028195265 0.0003421853557270538 ZTF_r
0 60083.94971060008 18.82264026379424 0.00028622095317487606 ZTF_r
0 60085.903819399886 18.753689056491055 0.0003500247025964853 ZTF_r
0 60087.886157399975 18.741703778208787 0.00029316894227626733 ZTF_r
0 60089.88418979989 18.743480751750543 0.0003518640317032862 ZTF_r
0 60093.91666670004 18.717427046110426 0.00027409455485383205 ZTF_r
0 60094.95053240005 18.751278495902003 0.00027173763005627904 ZTF_r
0 60099.88805560023 18.74658758930567 0.004119450124488111 ZTF_r
0 60103.81015049992 18.70739645021932 0.00042845351032383405 ZTF_r
0 60110.83739579981 18.796947958986934 0.0002893723805730275 ZTF_r
0 60115.81466440018 18.786223610582766 0.0003658048121444324 ZTF_r
0 60118.85332180001 18.872841898214812 0.0007144578351994113 ZTF_r
0 60120.8798727002 18.732292107154883 0.0003080372462669345 ZTF_r
0 60122.84379629977 18.75872373464627 0.0004192042184989475 ZTF_r
0 60124.93356479984 18.775865958973554 0.0005302952212264955 ZTF_r
0 60128.83252310008 18.620894301577408 0.001190440982643537 ZTF_r
0 60136.80969909998 18.71393841352691 0.00033438187934464736 ZTF_r
0 60138.7760648001 18.7142178713941 0.00046953284215156543 ZTF_r
0 60140.76884259982 18.7082206185447 0.0003798969813626485 ZTF_r
0 60143.88976849988 18.771555249462637 0.0005217164894979476 ZTF_r
0 60145.77546299994 18.762858325339078 0.000360945085542852 ZTF_r
0 60147.75493060006 18.769707414993587 0.000337698035663081 ZTF_r
0 60149.770092600025 18.7014108948733 0.00045403703853352795 ZTF_r
0 60151.86177079985 18.78428984111468 0.00040011737061185215 ZTF_r
