MJD mag magerr band
58486.331 18.510246916396923 0.15215549271048623 ATLAS_c
58496.331 18.305219848668173 0.04127627023466829 ATLAS_c
58516.331 17.778241355010724 0.0409448145012572 ATLAS_c
58696.331 17.826083268181193 0.07156293001261282 ATLAS_c
58706.331 17.856081544758922 0.08575375760899995 ATLAS_c
58726.331 17.962282922219856 0.04228286013510818 ATLAS_c
58746.331 18.072294260116966 0.0634824545284971 ATLAS_c
58756.331 18.107075992554147 0.04547597893325772 ATLAS_c
58766.331 18.089882160311046 0.018385429701512024 ATLAS_c
58776.331 18.03671824783896 0.04685949395270583 ATLAS_c
58786.331 18.01374298306167 0.07078722841700902 ATLAS_c
58816.331 18.301981929888207 0.18289044008160182 ATLAS_c
58846.331 18.31158063997164 0.05163086535814898 ATLAS_c
58866.331 18.374713862708802 0.08030306553116695 ATLAS_c
58478.325 19.01956728779458 0.17569107956702368 ATLAS_o
58488.325 18.496749280826897 0.18787921638982397 ATLAS_o
58498.325 18.15453049805545 0.11985846305637082 ATLAS_o
58508.325 17.971971043761755 0.1549527465689433 ATLAS_o
58518.325 17.86044159082998 0.2807887780728482 ATLAS_o
58528.325 17.671727313787102 0.10086725165466781 ATLAS_o
58538.325 17.580436425862686 0.06514302313412479 ATLAS_o
58658.325 17.401123535540293 0.09145887387064455 ATLAS_o
58678.325 17.497008266980348 0.10725365847943458 ATLAS_o
58688.325 17.52176860917494 0.08970462944012247 ATLAS_o
58698.325 17.577525491584773 0.04253884282463716 ATLAS_o
58708.325 17.59778670729909 0.04543342010920526 ATLAS_o
58718.325 17.673237459613432 0.07088150050469189 ATLAS_o
58738.325 17.72979826689226 0.24532908501700845 ATLAS_o
58748.325 17.71862490153768 0.051003997545088 ATLAS_o
58758.325 17.768574596143885 0.03590820069864975 ATLAS_o
58768.325 17.83623616840338 0.022947080222774474 ATLAS_o
58778.325 17.80248392666322 0.09384930803353875 ATLAS_o
58788.325 17.862319454743407 0.09245431923882563 ATLAS_o
58798.325 17.838916201369123 0.06543601691533141 ATLAS_o
58808.325 17.879093900184387 0.05005754692593278 ATLAS_o
58818.325 17.921519237721718 0.061431589732876546 ATLAS_o
58828.325 17.87792150834766 0.08732862004962172 ATLAS_o
58838.325 17.963459406122677 0.06291714224723322 ATLAS_o
58848.325 17.990682214134253 0.03767771751229887 ATLAS_o
58868.325 18.10703484474015 0.07295828600890708 ATLAS_o
58878.325 18.09328788212011 0.12760594718505658 ATLAS_o
58888.325 18.13550597011184 0.123052023721824 ATLAS_o
59474.5270778203 19.1214 0.176472 PS_i
59474.5135751219 19.1821 0.120415 PS_i
59474.5002965494 19.1746 0.104677 PS_i
59474.4870483408 19.248 0.150308 PS_i
59211.3482603538 19.1327 0.144964 PS_i
59211.3363684962 19.202 0.190635 PS_i
59211.3243852513 19.0015 0.149835 PS_i
59211.3124934095 19.0599 0.131057 PS_i
59119.4614327586 18.4819 0.0277269 PS_i
59119.4491521072 18.451 0.023337 PS_i
59597.3031894699 19.8531 0.205871 PS_i
59597.2917308868 19.7684 0.182561 PS_i
59597.280191067 19.5947 0.0928876 PS_i
59597.2686101192 19.7484 0.125038 PS_i
59596.3058050059 19.5168 0.0963095 PS_i
59596.2936094161 19.48 0.095186 PS_i
59596.2814490828 19.5048 0.0820607 PS_i
59596.2693347455 19.3646 0.0668226 PS_i
59566.4066998885 19.5184 0.171391 PS_i
59566.3945456731 19.6268 0.219902 PS_i
59566.382432499 19.5896 0.242854 PS_i
59566.3702971997 19.655 0.26495 PS_i
59539.5105986055 19.5085 0.152931 PS_i
59539.4983604895 19.5711 0.151141 PS_i
59539.4861490302 19.4938 0.152048 PS_i
59539.4739467031 19.538 0.191448 PS_i
59513.4937972965 19.263 0.145022 PS_i
59513.4821688687 19.2328 0.13231 PS_i
59513.4705537958 19.3357 0.116789 PS_i
59513.4588939921 19.6538 0.14695 PS_i
59102.5797280548 18.5353 0.0738429 PS_i
59102.5674214126 18.5313 0.0630171 PS_i
59102.5550382073 18.5287 0.0603642 PS_i
59102.5427636982 18.5123 0.062499 PS_i
58777.5412256838 17.6611 0.0204116 PS_i
58777.5289841028 17.8951 0.0264365 PS_i
58738.89878469985 18.018388179241096 0.04052884390685385 PS_i
58746.87116899993 18.15103533095229 0.05501719324824528 PS_i
58747.87789350003 17.998290643854617 0.03519109123787523 PS_i
58750.84437499987 18.125408239701887 0.05573190143051221 PS_i
58757.85084490013 18.086966010000054 0.03202946690198338 PS_i
58761.8276157002 18.139223808778 0.037048865704907286 PS_i
58765.826805599965 18.02067283380014 0.03761182153476561 PS_i
58769.7807755 17.962246623921867 0.09247614100654289 PS_i
60207.4658443597 20.2973 0.0924201 PS_w
60207.4542909112 20.2985 0.112656 PS_w
60207.4427522188 20.2963 0.0991276 PS_w
59544.3045334695 19.5417 0.0192573 PS_w
59544.2915606959 19.515 0.0189652 PS_w
59544.2786452439 19.4688 0.019045 PS_w
59544.2657181178 19.5321 0.0218887 PS_w
59525.4503230349 19.5513 0.0336537 PS_w
59525.4385389642 19.5122 0.0266349 PS_w
59525.4267020398 19.5653 0.0394321 PS_w
59525.4148389147 19.5543 0.037326 PS_w
59517.5068831909 19.5424 0.0518239 PS_w
59517.5062363277 19.5348 0.0506739 PS_w
59517.3901569041 19.5049 0.0499423 PS_w
59513.570087938 19.5437 0.0818192 PS_w
59513.5694463501 19.5581 0.0864744 PS_w
59500.4922972084 19.4483 0.0493618 PS_w
59500.4806074836 19.4239 0.045898 PS_w
59500.4689662228 19.5349 0.0575718 PS_w
59500.4573236179 19.454 0.0657445 PS_w
59246.2869649056 19.0942 0.0482673 PS_w
59246.2738408693 19.0938 0.0422697 PS_w
59246.2607802013 19.0212 0.0306363 PS_w
59246.247682964 19.0561 0.0335398 PS_w
59170.4343092075 19.0442 0.0375122 PS_w
59170.421546327 18.9855 0.0305584 PS_w
59170.4087649883 19.0718 0.0412037 PS_w
59170.3960239696 19.0056 0.0366023 PS_w
59141.5180263505 18.8968 0.0300415 PS_w
59141.5058812476 18.9434 0.028108 PS_w
59141.4937237831 18.9285 0.0313906 PS_w
59141.4815203223 18.9156 0.0297347 PS_w
59118.6145643885 18.8154 0.0289424 PS_w
59118.6001407746 18.7918 0.0214409 PS_w
59118.5857237341 18.7974 0.0239278 PS_w
59118.5712585171 18.8693 0.0325635 PS_w
58816.3805958475 17.9823 0.0182029 PS_w
58816.3692311054 18.0071 0.0203013 PS_w
58816.3578731898 17.9893 0.0151748 PS_w
58816.3464912601 17.9796 0.0165041 PS_w
58791.4393826249 17.943 0.0126616 PS_w
58781.457072572 17.8797 0.00943996 PS_w
58781.4449380614 17.9345 0.0127316 PS_w
58781.4328730018 17.8467 0.00847068 PS_w
58780.468180288 17.8996 0.0132367 PS_w
58780.4566877302 17.8611 0.0106988 PS_w
58780.4453146964 17.7882 0.00904176 PS_w
58780.4339872658 17.8632 0.00942601 PS_w
58752.5742041491 17.8033 0.00760293 PS_w
58752.5612209379 17.8149 0.00803434 PS_w
58752.5481424847 17.8012 0.00787758 PS_w
58752.5350137409 17.8148 0.00760785 PS_w
58751.5598881747 17.8013 0.0112606 PS_w
58751.5471271845 17.8433 0.0144114 PS_w
58751.534419882 17.8549 0.0122558 PS_w
58751.5217109155 17.8237 0.0121994 PS_w
58488.3044566339 18.6336 0.0333852 PS_w
58488.2912118616 18.6469 0.0325736 PS_w
58488.2779557925 18.6672 0.0156118 PS_w
58488.2646477078 18.7006 0.031604 PS_w
58352.5999650425 21.9874 0.237518 PS_w
59632.2713742998 20.2169 0.163296 PS_w
59632.2592191328 20.1416 0.130786 PS_w
59632.2471254879 20.178 0.113421 PS_w
59632.2350856513 20.213 0.103171 PS_w
59545.4666580082 19.5112 0.123557 PS_w
59545.4558521878 19.4676 0.0969533 PS_w
59545.445050267 19.661 0.105336 PS_w
59545.4342483636 19.6138 0.0787289 PS_w
59528.5228813961 19.4427 0.0613827 PS_w
59528.5114721903 19.6031 0.0923678 PS_w
59528.4999498076 19.5214 0.0418783 PS_w
59528.4885610071 19.4919 0.0577618 PS_w
59524.4874734027 19.5097 0.0820582 PS_w
59524.475340561 19.4189 0.103857 PS_w
59524.4631634817 19.4643 0.100596 PS_w
59524.4510578417 19.398 0.0909497 PS_w
59500.5472263102 19.2528 0.0585137 PS_w
59500.5350814984 19.2113 0.0552179 PS_w
59500.5228984072 19.2075 0.0498365 PS_w
59500.5107826846 19.2441 0.0635388 PS_w
59485.4633496977 19.3006 0.0537363 PS_w
59485.4512393206 19.3126 0.045778 PS_w
59485.4392337813 19.3056 0.045343 PS_w
59485.4272217159 19.2963 0.0409115 PS_w
59458.5731947655 19.1903 0.0325692 PS_w
59458.548665063 19.5117 0.210487 PS_w
59458.5364239607 19.2461 0.156889 PS_w
59229.2613062593 19.1554 0.0943288 PS_w
59229.2491080258 19.1997 0.0789286 PS_w
59229.2369003502 19.1636 0.0519798 PS_w
59229.2246425374 19.1598 0.0469706 PS_w
59225.3024029158 19.1746 0.0829699 PS_w
59225.2908369703 19.1393 0.0854652 PS_w
59216.2560599469 19.1303 0.0906684 PS_w
59216.2437171593 19.1405 0.105794 PS_w
59216.2313522478 19.1767 0.0978242 PS_w
59216.2189357453 19.1294 0.104732 PS_w
59195.3427912164 19.0011 0.0526949 PS_w
59195.3305258201 19.0154 0.0570953 PS_w
59195.3181819107 19.0475 0.0535593 PS_w
59195.3058204152 19.0177 0.044736 PS_w
59159.3166748165 19.1833 0.232759 PS_w
59146.4963687054 18.9419 0.0409405 PS_w
59146.4841560215 18.9147 0.0364374 PS_w
59146.4719620915 18.9451 0.0519268 PS_w
59146.4597201905 18.9546 0.0389619 PS_w
59142.403437002 18.8352 0.0354077 PS_w
59142.3892716988 18.8853 0.0389257 PS_w
59142.3751467369 18.8929 0.0350411 PS_w
59142.3610490017 18.9244 0.0336843 PS_w
59138.3999368875 18.8223 0.0467442 PS_w
59138.3871092981 18.8059 0.0478051 PS_w
59138.3743076372 18.8005 0.0455923 PS_w
59138.3614875344 18.7784 0.0448508 PS_w
59114.5803734507 18.7663 0.0572569 PS_w
59114.5674179648 18.7629 0.060265 PS_w
59114.5544540444 18.6997 0.0497409 PS_w
59114.5414452286 18.7379 0.0482881 PS_w
59107.5353621882 18.7482 0.0357599 PS_w
59107.5237297503 18.7576 0.0309056 PS_w
59107.5121558811 18.736 0.0430648 PS_w
59107.5005994374 18.7852 0.0458526 PS_w
59084.6106547001 18.6521 0.0377724 PS_w
59084.5981364263 18.6761 0.0467827 PS_w
59084.5856314315 18.647 0.0406811 PS_w
59084.5731504243 18.6963 0.0487658 PS_w
58845.3210497746 18.0702 0.0162267 PS_w
58845.30856132 18.0694 0.0181797 PS_w
58845.2959531559 18.0939 0.015091 PS_w
58845.283290035 18.0849 0.0141397 PS_w
58839.3090668298 17.7818 0.0746603 PS_w
58839.2970100171 18.0417 0.0369701 PS_w
58839.2849577515 18.0149 0.024348 PS_w
58839.2727993779 18.0301 0.024308 PS_w
58812.3383164997 17.9914 0.0099525 PS_w
58812.3250940264 17.986 0.0122843 PS_w
58812.3119295962 17.9683 0.0109936 PS_w
58812.2988759606 17.9509 0.013489 PS_w
58787.4345287859 17.8907 0.0140573 PS_w
58787.4220485439 17.906 0.0121569 PS_w
58787.4095972105 17.9157 0.0140475 PS_w
58787.3971240187 17.9238 0.01347 PS_w
58761.5498432224 17.944 0.0133529 PS_w
58761.5375792417 17.9138 0.0163216 PS_w
58761.525336924 17.9244 0.0133067 PS_w
58761.5131019144 17.938 0.0202805 PS_w
58125.014581905 14.21141519551042 0.09505740224844252 WISE_W1
58325.56235527363 14.23624219002369 0.12320009928084442 WISE_W1
58485.700949388 14.199599534878889 0.06429650068238581 WISE_W1
58692.83295239694 13.33172867532967 0.059346939024667665 WISE_W1
58850.26440293999 13.261722796401589 0.06570910097097098 WISE_W1
59056.88769820454 13.311000029497139 0.08273866055486515 WISE_W1
59216.983946039174 13.319271208333973 0.03224246251279348 WISE_W1
59421.47677557307 13.39227683560223 0.09494732267336595 WISE_W1
59581.18166372455 13.36252792493777 0.03850877328395019 WISE_W1
59788.207788867694 13.498453539594514 0.05383802136389028 WISE_W1
58125.014581905 13.029005789149958 0.05602399039697208 WISE_W2
58325.56235527363 13.103038588741951 0.0909618937561352 WISE_W2
58485.700949388 13.078938093275697 0.10419385778442038 WISE_W2
58692.83295239694 12.52334274578836 0.07025844092142981 WISE_W2
58850.26440293999 12.41510299131989 0.14982402901210984 WISE_W2
59056.88769820454 12.402389506166744 0.08206588765958357 WISE_W2
59216.983946039174 12.373982632057047 0.06367162938773342 WISE_W2
59421.47677557307 12.454810968951278 0.18321975682207664 WISE_W2
59581.18166372455 12.376681675940846 0.05750271283575286 WISE_W2
59788.207788867694 12.505692764482932 0.0639687423668779 WISE_W2
58475.59664350003 19.19862050576174 0.12962886972719545 ZTF_g
58481.76989579992 19.050504338161282 0.061062659344319314 ZTF_g
58483.66303239995 18.844573897151903 0.041034177720844056 ZTF_g
58487.65023150016 18.487404411955655 0.02802254612211108 ZTF_g
58490.60563659994 18.467130136573047 0.028151807058101497 ZTF_g
58490.625 18.475504818032203 0.02781351619165129 ZTF_g
58491.66203700006 18.382160092274262 0.02796845299791606 ZTF_g
58492.67194439983 18.391371010965095 0.09279381498663142 ZTF_g
58493.67011569999 18.241472699394194 0.023007238932564178 ZTF_g
58493.68510420015 18.263052902649456 0.024090438510320666 ZTF_g
58494.667963000014 18.224508387516906 0.02342613965888951 ZTF_g
58503.64818290016 18.00821242237448 0.04542333423672673 ZTF_g
58505.67359950021 18.087609667469742 0.053250218724842924 ZTF_g
58505.67454859987 18.14274642368857 0.06108794573859022 ZTF_g
58509.684479199816 17.99093188108438 0.028256886133370074 ZTF_g
58509.68540510023 17.970233581533286 0.02844726403222886 ZTF_g
58511.6449190001 17.863650923016056 0.022166952487893354 ZTF_g
58534.62828700011 17.69287557760471 0.04612268077593562 ZTF_g
58539.64548610011 17.65507703957573 0.025107098008978923 ZTF_g
58674.94700230006 17.84959009044491 0.02091442107777297 ZTF_g
58679.95337959984 17.93488750795666 0.03984887520799063 ZTF_g
58682.98663190007 17.871537603807237 0.037578547969047804 ZTF_g
58684.93584490009 17.945980771094938 0.0419604196425567 ZTF_g
58685.980173599906 17.882238068109487 0.031023777011951026 ZTF_g
58685.98107639979 17.900436779689134 0.03214399692652137 ZTF_g
58686.99325230019 17.80776478127521 0.03813069748371056 ZTF_g
58691.97240740014 17.92150072571888 0.021695129146994674 ZTF_g
58693.95342590008 17.93215997725687 0.018933715879187574 ZTF_g
58693.95432869997 17.913652924557375 0.0178148317838982 ZTF_g
58694.97717589978 17.923734986459422 0.018751016741777704 ZTF_g
58695.95739579992 17.90136355735197 0.018023168046187976 ZTF_g
58696.943958300166 17.89724442729896 0.01786365307938098 ZTF_g
58696.944861100055 17.891570594164037 0.017638327583556546 ZTF_g
58697.97994210012 17.939295248750415 0.018220991260905706 ZTF_g
58698.9646528 17.928676778375873 0.018026349768335947 ZTF_g
58699.974490699824 17.92752998216894 0.017520292790401015 ZTF_g
58699.97545140004 17.890048594401847 0.016783969172635693 ZTF_g
58700.984768500086 17.923823768318417 0.017941045458409022 ZTF_g
58701.95193290012 17.977361577845517 0.018172317313515762 ZTF_g
58703.99478009995 18.017777402781828 0.022561484695835077 ZTF_g
58703.99748839997 17.99258189174959 0.02145082260899045 ZTF_g
58704.93988429988 18.089268988100244 0.02319150039841844 ZTF_g
58705.99854170019 17.93767693431814 0.02025481126172224 ZTF_g
58706.96388889989 17.98362095932495 0.017811098766063793 ZTF_g
58706.96479169978 18.003503400982943 0.017798689663708345 ZTF_g
58707.94146989984 18.001722881769446 0.018666840092542714 ZTF_g
58709.95891200006 17.954225621408767 0.027252616304325628 ZTF_g
58709.95982640004 17.939753677502786 0.028907602639103303 ZTF_g
58712.00285879988 18.07486408356091 0.05562790181738464 ZTF_g
58714.98376160022 17.94865469690926 0.03309661440549405 ZTF_g
58718.93947920017 17.949590955927142 0.02693813289640623 ZTF_g
58724.96027779998 18.06138081809754 0.020692016509123334 ZTF_g
58727.93868059991 18.054200842807365 0.02002956842150816 ZTF_g
58736.97885419987 18.098018049116163 0.01869872845286835 ZTF_g
58746.00435189996 18.218203518258374 0.056590876945060486 ZTF_g
58756.915705999825 18.1839137919103 0.022078098308993432 ZTF_g
58759.89972219989 18.17762476422919 0.023140940256194398 ZTF_g
58765.94981480017 18.2373130367283 0.023192530829440727 ZTF_g
58768.91781250015 18.24076803740887 0.05418429617155596 ZTF_g
58785.82576389983 18.328925896281447 0.028442632210472496 ZTF_g
58788.856805600226 18.267643629798723 0.027868855635230005 ZTF_g
58791.79450230021 18.33980093268959 0.02723253301700268 ZTF_g
58800.71560190013 18.228075658303695 0.08080840740796269 ZTF_g
58803.68898149999 18.316693238982353 0.07103992834699646 ZTF_g
58806.69405090017 18.353447162783006 0.02923941528587548 ZTF_g
58811.71142360009 18.42285669364812 0.036995383001858784 ZTF_g
58813.68701389991 18.600302728645367 0.06531189796521097 ZTF_g
58819.70942129986 18.426040891141426 0.035463645288848156 ZTF_g
58833.64609949989 18.45578738750786 0.03554306232312321 ZTF_g
58836.62866900023 18.45169157971697 0.027999572285681396 ZTF_g
58850.669375000056 18.570899458272308 0.049380638819908285 ZTF_g
58859.586666699965 18.50191472732906 0.06003774303580123 ZTF_g
58863.63287039986 18.52201514315041 0.029097181810705308 ZTF_g
58871.686192099936 18.712292514001664 0.04345684288125007 ZTF_g
58871.687094899826 18.673281989549064 0.04179927435666997 ZTF_g
58872.673750000075 18.545752498458118 0.036530886118388395 ZTF_g
58873.62466439977 18.618506736956476 0.03229196135179535 ZTF_g
58874.64853010001 18.57085995785956 0.07701745254681391 ZTF_g
58874.66616899986 18.5467045732724 0.04785133026664745 ZTF_g
58876.63253469998 18.703569685286084 0.04310929194012303 ZTF_g
58882.59721060004 18.73978691555468 0.078071241374154 ZTF_g
58882.60716440016 18.65166060618222 0.06462853046900108 ZTF_g
58884.60622690013 18.768847003492613 0.13106549663614508 ZTF_g
58885.60836810013 18.72555305147623 0.0755649552389901 ZTF_g
58885.62057870021 18.611798830390846 0.07196380820956882 ZTF_g
58886.650023099966 18.76921958839535 0.09620822511761418 ZTF_g
58887.68559029978 18.559024563665172 0.08933273784747087 ZTF_g
58891.66399310017 18.636362663301327 0.04869571609450141 ZTF_g
58891.68351850007 18.710943786301442 0.06263487191648132 ZTF_g
58892.65540509997 18.589219557914422 0.04032299297711006 ZTF_g
58893.6499073999 18.713933308947603 0.04403013491410235 ZTF_g
58894.66609949991 18.620537738463973 0.0449570143654654 ZTF_g
58895.63887730008 18.74460994882981 0.05156266571750123 ZTF_g
58900.63972220011 18.64885690639828 0.06658306179113005 ZTF_g
58905.64271989977 18.843092165154495 0.09433163707425685 ZTF_g
59048.96539349994 18.950529313168538 0.04484290361151366 ZTF_g
59048.966330999974 18.98497751972732 0.04338993414621939 ZTF_g
59049.991713 18.93828415465972 0.0785759494490943 ZTF_g
59050.91956020007 19.05201529140652 0.05610337390108988 ZTF_g
59050.920497700106 18.899128347410493 0.05283091879501001 ZTF_g
59051.968634299934 19.205385989209965 0.06465764180417288 ZTF_g
59052.9650347 18.9745075508756 0.042137898328732604 ZTF_g
59052.96596059995 19.037148947570586 0.041661574814458646 ZTF_g
59053.933333300054 18.991235719076194 0.04244888060232732 ZTF_g
59053.93425930012 18.975018407127827 0.04061135945773309 ZTF_g
59054.9607406999 19.11499792478926 0.04282974221030145 ZTF_g
59054.961678199936 18.98529033543135 0.03928402593685654 ZTF_g
59055.92496530013 18.988436190759508 0.04494348697792461 ZTF_g
59055.92589120008 19.03326795582756 0.04983259454498956 ZTF_g
59056.947164400015 18.983742838142955 0.0422935729912961 ZTF_g
59056.94810190005 18.926948652505672 0.04069009026573589 ZTF_g
59057.920520800166 19.083033902731735 0.05176051320610142 ZTF_g
59057.9214583002 18.992957139923977 0.04545252299059399 ZTF_g
59059.92331020022 19.058943411459335 0.04156276170616735 ZTF_g
59059.92424769979 19.039258135315574 0.04422188832504581 ZTF_g
59060.9678588002 19.063367961633716 0.044320389715924335 ZTF_g
59061.9672801001 18.98473692529538 0.040066072382767715 ZTF_g
59062.9190508998 19.087114104768062 0.1012959336234065 ZTF_g
59062.92046299996 19.036651487576044 0.10165389149296722 ZTF_g
59063.96331019979 19.02703752221079 0.08133718776022114 ZTF_g
59063.96424769983 19.150206544077424 0.09203659747385728 ZTF_g
59064.98112270003 19.21558083209299 0.1260145071642924 ZTF_g
59064.998692099936 18.883425117372216 0.09149664330428209 ZTF_g
59065.96340279979 18.96872209395796 0.11269068740233479 ZTF_g
59066.9214931 19.071183152574704 0.11869558530008995 ZTF_g
59066.92383099999 19.13314480411399 0.12429437041106262 ZTF_g
59067.977870400064 19.04110236104294 0.100844948737846 ZTF_g
59073.92378470022 19.241650003100556 0.07635866702568883 ZTF_g
59075.9563310002 18.923356462276544 0.045860619371058675 ZTF_g
59076.94593749987 19.12079077123878 0.05714466417294162 ZTF_g
59076.99090280011 19.022351833428036 0.041712601032521945 ZTF_g
59082.90533560002 19.125916619084137 0.05542278495599007 ZTF_g
59082.95697919978 19.154525646120035 0.06539391294838559 ZTF_g
59084.89450229984 19.14023452091777 0.048175629710389245 ZTF_g
59085.923773100134 19.11238594741107 0.04617770442621172 ZTF_g
59086.98459490016 19.046469525201452 0.04133982859177188 ZTF_g
59087.97369210003 19.062419816944864 0.04574479260155684 ZTF_g
59090.8897338002 18.977670217636145 0.05559914496144458 ZTF_g
59091.87245369982 19.206321566244917 0.09508214269080284 ZTF_g
59092.885659699794 19.054335149861714 0.0930654520231009 ZTF_g
59093.93785879994 19.002021855402806 0.09683093787847774 ZTF_g
59094.96535879979 19.112829365196568 0.15358294400699357 ZTF_g
59107.015625 18.98740618502599 0.08030362194430474 ZTF_g
59107.88896990009 19.062355274909 0.052071989725586576 ZTF_g
59107.89717590017 19.06545381489581 0.04906665192221027 ZTF_g
59110.83905090019 19.23944483117377 0.06080379778711276 ZTF_g
59116.80969909998 19.13563759817953 0.04149062238036194 ZTF_g
59120.839259299915 19.149926491024715 0.08427901268720994 ZTF_g
59120.95868059993 19.20397082933516 0.04869536966640098 ZTF_g
59121.841030099895 19.151257770475112 0.10013018269200202 ZTF_g
59122.8287037001 18.944036865761674 0.11271177576196223 ZTF_g
59130.87004629988 19.13044785052559 0.06389993801417582 ZTF_g
59134.786574100144 19.2289077118686 0.04796811681549329 ZTF_g
59136.89525459986 19.236888148658558 0.04281794566035657 ZTF_g
59138.87163189985 19.302630835663983 0.05471285577350926 ZTF_g
59140.87952549989 19.287854722126177 0.050673422622628195 ZTF_g
59143.86342590023 19.30097908236241 0.04041424653356529 ZTF_g
59144.88218750013 19.228766027474535 0.03609796463241288 ZTF_g
59144.88311340008 19.159977628880696 0.035750293860365545 ZTF_g
59145.78708329983 19.252225439282622 0.03892567612292197 ZTF_g
59149.91293979995 19.31639224295342 0.10862799212840457 ZTF_g
59150.88461809978 19.26023235112444 0.10740340957632633 ZTF_g
59155.716886600014 19.037550487277052 0.13409934278998747 ZTF_g
59157.86425929982 19.338532949286353 0.10994968113475956 ZTF_g
59157.86519679986 19.18579821087015 0.09569605017561678 ZTF_g
59158.78217589995 19.23956668153133 0.10001950856389996 ZTF_g
59164.8426967999 19.346886603027443 0.056280659211861206 ZTF_g
59164.85328700021 19.387079102452592 0.06639271204944208 ZTF_g
59165.693391200155 19.259031635164906 0.05881487231036253 ZTF_g
59167.82376160007 19.442869463341424 0.07055766731597046 ZTF_g
59168.71266200021 19.253141370687107 0.04934010814861267 ZTF_g
59168.71359949978 19.363835738530152 0.05741745393484976 ZTF_g
59169.82320600003 19.321467826313818 0.06450817005960019 ZTF_g
59170.72688659979 19.2827004744604 0.052757951962833616 ZTF_g
59170.72782409983 19.281381364389425 0.05179094695258435 ZTF_g
59171.80322920019 19.294533941807195 0.053122173127412964 ZTF_g
59172.73650459992 19.365544348195087 0.05530690195856813 ZTF_g
59174.75782410009 19.213854988563533 0.11158812002194907 ZTF_g
59176.84896990005 19.260244378675324 0.05226642048761221 ZTF_g
59178.67327550007 19.185384084729684 0.08162285931086188 ZTF_g
59184.71290510008 19.294941422588597 0.15313440876780327 ZTF_g
59185.613495400175 19.21995984074096 0.10329942109312995 ZTF_g
59185.80370370019 19.503255591089736 0.15369771634405716 ZTF_g
59187.60912040016 19.437865074083298 0.06714633284300753 ZTF_g
59188.69195599994 19.36823773422066 0.06752248733779709 ZTF_g
59188.6943518999 19.436585542804256 0.06897385950037105 ZTF_g
59188.852314800024 19.234691289981594 0.09788310962497881 ZTF_g
59189.62732640002 19.40846640791865 0.062457664879120856 ZTF_g
59192.80409719981 19.427095453860762 0.11165062998803243 ZTF_g
59193.70715280017 19.339767054776015 0.06453250703093971 ZTF_g
59194.670057899784 19.542403436009806 0.07696262803193044 ZTF_g
59194.72807870014 19.494699740573086 0.07143626444918993 ZTF_g
59195.68547450006 19.33491988941109 0.053602368884824614 ZTF_g
59195.74273149995 19.355739215941874 0.06125206704568953 ZTF_g
59195.74366899999 19.39710746760055 0.06907123524509196 ZTF_g
59198.692835600115 19.452853008168752 0.09676887558172353 ZTF_g
59199.78729170002 19.60007530515002 0.11844864430101332 ZTF_g
59202.734606499784 19.43710290984278 0.07918518829819199 ZTF_g
59204.735324100126 19.332360714538424 0.07044361733936455 ZTF_g
59216.647488399874 19.447472815699886 0.07362516535291874 ZTF_g
59218.69777779979 19.646471359542645 0.08207952108900685 ZTF_g
59220.69188660011 19.47564862491882 0.06565428829613573 ZTF_g
59222.66353010014 19.37095213948376 0.12456656760933704 ZTF_g
59223.64920140011 19.446199790480165 0.060834126539141664 ZTF_g
59224.67349540023 19.654553764132885 0.10419436471151577 ZTF_g
59226.67274310021 19.41110060410601 0.0802870506289608 ZTF_g
59227.68021989986 19.560440522096435 0.10391568494300252 ZTF_g
59228.6510648001 19.34178734423309 0.1184625753160784 ZTF_g
59228.652002300136 19.663337694315288 0.13535192129605456 ZTF_g
59230.665161999874 19.451413445445297 0.08903952828043948 ZTF_g
59231.63105319999 19.566817345995528 0.09991655114298759 ZTF_g
59232.69574069977 19.463035735474243 0.062417299242740754 ZTF_g
59248.62922450015 19.22516291563231 0.08474047093678116 ZTF_g
59250.63084489992 19.335243936517415 0.07651482845886548 ZTF_g
59252.62958330009 19.245790706695026 0.05614455602524515 ZTF_g
59254.630914399866 19.197661493708093 0.05045218103945359 ZTF_g
59256.644861099776 19.33194088410768 0.07659598470476858 ZTF_g
59264.635833300184 19.33180297759204 0.10816420268666072 ZTF_g
59422.9634953998 19.23826610467887 0.11021205463450379 ZTF_g
59424.956770800054 19.044064889640257 0.09402477181383517 ZTF_g
59428.94418979995 19.340431014606388 0.07485819426185714 ZTF_g
59430.96814810019 19.408234050394455 0.07008337962122368 ZTF_g
59436.94027779997 19.409567891366436 0.057842362834728434 ZTF_g
59439.95725690015 19.510248650458855 0.06844126028770425 ZTF_g
59442.96793980012 19.557733420885377 0.06219028578050079 ZTF_g
59459.933923599776 19.79549209902384 0.07430192926544699 ZTF_g
59459.93486109981 19.528755569569288 0.05938435487591498 ZTF_g
59460.905451400205 19.557558843402763 0.0628501754906452 ZTF_g
59461.93112270022 19.471666193129995 0.05354523353883778 ZTF_g
59461.93207179988 19.461107262689353 0.05218801288250319 ZTF_g
59462.96870370023 19.607305537620242 0.0644311791948251 ZTF_g
59463.9378819 19.52426372965428 0.06058566963455192 ZTF_g
59464.94171300018 19.640947560794757 0.07111826506181451 ZTF_g
59464.94265050022 19.615460599812938 0.07154190779906244 ZTF_g
59466.920520800166 19.58967919050966 0.06128455260313892 ZTF_g
59468.95284719998 19.487672361512878 0.05080657731101468 ZTF_g
59470.89295140002 19.416431707213768 0.05611341947130022 ZTF_g
59472.93512730021 19.706264334106805 0.05745041784080129 ZTF_g
59474.89850689983 19.57240589077059 0.08086752309621126 ZTF_g
59474.89944439987 19.534049406305385 0.07490160209411556 ZTF_g
59475.958761599846 19.555250953486762 0.0701193064635035 ZTF_g
59476.97937500011 19.599776616147178 0.12156396320126994 ZTF_g
59484.88238430023 19.415518805998083 0.08446255402737712 ZTF_g
59484.885659699794 19.500999599391882 0.10072791382289736 ZTF_g
59487.91376159992 19.71182022538936 0.09030732622042059 ZTF_g
59488.86512729991 19.683497246255968 0.07455101577357759 ZTF_g
59488.86607640004 19.486930873537975 0.06574325642247913 ZTF_g
59489.85891199997 19.57730090098211 0.06851833206335378 ZTF_g
59496.86233799998 19.52205464073103 0.06717191792297506 ZTF_g
59501.899756900035 19.610517154501785 0.06392818027850922 ZTF_g
59502.91434030002 19.789672857072325 0.10054735767309175 ZTF_g
59502.91527780006 19.784341985607416 0.12236594055167949 ZTF_g
59504.90271990001 19.68773988815236 0.14066759851441368 ZTF_g
59504.90366900014 19.552489516266842 0.13845894991079888 ZTF_g
59512.88824070012 19.61500373783305 0.14105165815480625 ZTF_g
59517.76950229984 19.59519486558564 0.06383603871233134 ZTF_g
59517.77045139996 19.746545628876483 0.07094739432120711 ZTF_g
59518.777002300136 19.853650767409803 0.07573651356129929 ZTF_g
59520.79900459992 19.655961607488337 0.06438195856909701 ZTF_g
59521.799571800046 19.684358564359783 0.06263046519654658 ZTF_g
59521.80050930008 19.64314440875594 0.0575671513785192 ZTF_g
59522.85854170006 19.777530623731657 0.06884418667168468 ZTF_g
59523.79771990003 19.835197002201298 0.06988051712180976 ZTF_g
59523.79866900016 19.75057966436699 0.06190065113427501 ZTF_g
59524.83033559984 19.70926171621613 0.054491869793935166 ZTF_g
59525.712812500075 19.80482150319137 0.0946728386413156 ZTF_g
59525.71423610021 19.7318154679106 0.08187200770973746 ZTF_g
59526.828275499865 19.73850684504456 0.05680800748369563 ZTF_g
59527.73467590008 19.800475829497728 0.12555893245311012 ZTF_g
59527.73561340012 19.675220735871623 0.10210054266974034 ZTF_g
59529.81949070003 19.691472777452297 0.06755856226787493 ZTF_g
59530.79914350016 19.73257052581522 0.10464805651842646 ZTF_g
59530.80009259982 19.7316343597735 0.10845960839230173 ZTF_g
59531.85833329987 19.710108650432755 0.08863291883713309 ZTF_g
59532.73493060004 19.68235111876885 0.14205610658305545 ZTF_g
59532.73726850003 19.70976355359883 0.12010406304236554 ZTF_g
59542.7697222 19.54209626703438 0.08905279859922288 ZTF_g
59550.7315508998 19.821702728176554 0.07130344389012855 ZTF_g
58481.79684029985 19.167392750330443 0.09842445780578046 ZTF_r
58486.62321759993 18.647675780284114 0.035988377093406854 ZTF_r
58486.62413189979 18.744207894306644 0.03811398254193321 ZTF_r
58487.617708299775 18.64258438394357 0.034075296576258296 ZTF_r
58490.66527780006 18.49845317627473 0.028192797371696443 ZTF_r
58490.666238400154 18.48257453832239 0.031310124329422706 ZTF_r
58491.6106480998 18.425660570843338 0.031481822141074645 ZTF_r
58493.62964119995 18.342808018953725 0.03071327433626081 ZTF_r
58493.631516200025 18.35608176981051 0.026507195356209934 ZTF_r
58494.60887729982 18.30669763813938 0.02744746819478827 ZTF_r
58503.60836810013 18.047504857129937 0.051783825071003875 ZTF_r
58505.61288189981 17.984703694248864 0.03288704824142741 ZTF_r
58505.61378470017 18.002023271378448 0.034452844823933404 ZTF_r
58510.61325229984 17.855623830829607 0.02101800614266125 ZTF_r
58674.98421300016 17.483634401418417 0.019542288632772298 ZTF_r
58682.92333329981 17.549837107477835 0.026905402885462948 ZTF_r
58684.96293980023 17.56058052122539 0.022501381210627613 ZTF_r
58685.943669000175 17.543562452680902 0.02076538717014742 ZTF_r
58685.944571800064 17.597360936368872 0.02260291350072663 ZTF_r
58691.92230319977 17.553563326021035 0.018222946068483736 ZTF_r
58693.97508100001 17.53584808500077 0.014299660037817574 ZTF_r
58693.9759837999 17.56751918200247 0.014737439361002913 ZTF_r
58695.96526619978 17.570991247816643 0.01430648443311 ZTF_r
58696.98317130003 17.5835933594032 0.014688306053139755 ZTF_r
58696.9967939998 17.557584511795522 0.015966152454694793 ZTF_r
58697.9230324002 17.578015689643927 0.01570663633250291 ZTF_r
58699.98519679997 17.582034280933733 0.014922979949858473 ZTF_r
58700.00003470015 17.550444415950434 0.015042397084997106 ZTF_r
58700.9406365999 17.558607660536595 0.014179630079835803 ZTF_r
58701.998900500126 17.601197164621418 0.01844631991404455 ZTF_r
58703.93943289993 17.57302524882048 0.014887203670337357 ZTF_r
58703.94033560017 17.546346671955547 0.015206432893432265 ZTF_r
58704.98202549992 17.636192630790887 0.015561189147657473 ZTF_r
58705.96149310004 17.603663476684197 0.014985695421749767 ZTF_r
58706.98313659988 17.698117809919903 0.015320950160194968 ZTF_r
58708.00042819977 17.61712165010173 0.015723574311124366 ZTF_r
58709.89834489999 17.615499898624797 0.022949792685173165 ZTF_r
58709.89924769988 17.67869845001899 0.024078417852297918 ZTF_r
58711.93958330015 17.572263293636375 0.021115080403616204 ZTF_r
58712.93981479993 17.596387686277943 0.02229687807758829 ZTF_r
58712.94076390006 17.64158380828345 0.025939056208486022 ZTF_r
58713.89793979982 17.676632711652644 0.030454029080761558 ZTF_r
58718.96265049977 17.704315226521565 0.022828060088320612 ZTF_r
58727.9815508998 17.840180629350506 0.02554525914706751 ZTF_r
58730.919976899866 17.65805534519503 0.016003841273052544 ZTF_r
58733.905555599835 17.660983914477534 0.015839262938083465 ZTF_r
58739.89960649982 17.700736500217843 0.02565021661620115 ZTF_r
58745.899189800024 17.78347103722937 0.03574266076270405 ZTF_r
58748.83425930003 17.72205490759925 0.019906958934763352 ZTF_r
58751.814976899885 17.805187592950684 0.02154599744826058 ZTF_r
58756.89315970009 17.82447920371305 0.02022805201990785 ZTF_r
58759.87483800016 17.736787871701484 0.017249162465727608 ZTF_r
58765.9202430998 17.77860706983654 0.01750730399600542 ZTF_r
58773.81368059991 17.77519919151053 0.028936583872322785 ZTF_r
58776.78237270005 17.890396582557358 0.025240243434945242 ZTF_r
58778.695543999784 17.964679819750554 0.02913180009402616 ZTF_r
58778.69880789984 17.902497502789846 0.024932258313901556 ZTF_r
58778.69976849994 17.813458617637146 0.023724844995943073 ZTF_r
58778.702997699846 17.92917573915176 0.026570946525396266 ZTF_r
58778.705300900154 17.869867824829967 0.02574131793772949 ZTF_r
58778.70853010006 17.899918916995937 0.025963186509349256 ZTF_r
58778.78467589989 17.930235428647975 0.029194673162903584 ZTF_r
58778.78788190009 17.909079410515403 0.02826744960802685 ZTF_r
58778.79024309991 17.940100893004743 0.026249048755920157 ZTF_r
58778.83414349984 17.847703235899324 0.021641455032613166 ZTF_r
58778.83828700008 17.865296104298466 0.02632316211972352 ZTF_r
58778.84064809978 17.887043785388503 0.028022168696292482 ZTF_r
58778.84292820003 17.94006614847001 0.03640165548707763 ZTF_r
58778.84701390006 17.97747355592924 0.0359820396583288 ZTF_r
58778.848842599895 18.042932825460046 0.04446799172870186 ZTF_r
58778.85209489986 17.898643543409197 0.02643337240239063 ZTF_r
58778.85444439994 17.875431904727034 0.02779658655791195 ZTF_r
58778.85728010023 17.880026978385317 0.026072910044911524 ZTF_r
58778.861446800176 17.898232076186353 0.0256689281492406 ZTF_r
58778.86234949995 17.875042067476386 0.024428264207219996 ZTF_r
58778.86569439992 17.912108543746072 0.02811793490781156 ZTF_r
58778.868541699834 17.91538538427877 0.02775803685196898 ZTF_r
58778.87129630009 17.908465279639177 0.03164228768205746 ZTF_r
58778.91896989988 17.871423181785833 0.025216902170800637 ZTF_r
58778.92180560017 17.917758875021605 0.030221205142320073 ZTF_r
58778.92458330002 17.93985176893463 0.02859047343910781 ZTF_r
58778.92877310002 17.934662344825767 0.032785420800337306 ZTF_r
58778.930636600126 17.90131413105661 0.032528755110869056 ZTF_r
58778.93246529997 17.91249479718479 0.0321684837118994 ZTF_r
58778.93668980012 17.891638187604684 0.028339370395045194 ZTF_r
58778.938807900064 17.882031354598766 0.0324425059136626 ZTF_r
58778.94201389979 17.867151047870017 0.028814734831170696 ZTF_r
58778.94385420019 17.927213231057856 0.030453085348586484 ZTF_r
58778.94802080002 17.858969571417994 0.027886578188461186 ZTF_r
58778.94986109994 17.874040278104694 0.0285719247193974 ZTF_r
58778.952673600055 17.840513628654527 0.028065693259053504 ZTF_r
58778.955000000075 17.861549558570594 0.027381734525164347 ZTF_r
58779.69559030002 17.92064016004021 0.028581545065561542 ZTF_r
58779.69884259999 17.86738418447699 0.027044178519027184 ZTF_r
58779.69981480017 17.801644404208687 0.025188892968893484 ZTF_r
58779.70304400008 17.857864885573246 0.02525050395159667 ZTF_r
58779.70534719992 17.76964479501075 0.023658670385589886 ZTF_r
58779.70857639983 17.814082457759913 0.022971232810157005 ZTF_r
58779.7512730998 17.789853858969245 0.0201932809922738 ZTF_r
58779.754490700085 17.816453938887292 0.022587215654779058 ZTF_r
58779.756840299815 17.83595211643655 0.022765844392752754 ZTF_r
58779.7600579001 17.81643595840921 0.023230525761348986 ZTF_r
58779.76287040021 17.81948790226246 0.022562298434090522 ZTF_r
58779.76703700004 17.797685739752406 0.0223213230624566 ZTF_r
58779.76936340006 17.786935575546188 0.019884783935731676 ZTF_r
58779.77075230004 17.80530734453399 0.02127150596756522 ZTF_r
58779.7745254999 17.80879336791287 0.021392848598399183 ZTF_r
58779.7797801001 17.831428449188312 0.022156752431023108 ZTF_r
58779.783067100216 17.787816586329292 0.02108914655349281 ZTF_r
58779.784942099825 17.82622377078065 0.022554205067253363 ZTF_r
58779.78777780011 17.818045353663955 0.020797558077255474 ZTF_r
58779.81515049981 17.81397878562452 0.022194652870286546 ZTF_r
58779.8343055998 17.81845589570206 0.020097991815013927 ZTF_r
58779.83844910003 17.830578762011612 0.02171746157949883 ZTF_r
58779.84078700002 17.86721692842092 0.021046675936572612 ZTF_r
58779.843078699894 17.8403007188302 0.021828210187265995 ZTF_r
58779.84716439992 17.83693044163406 0.020824979845611935 ZTF_r
58779.84896990005 17.80154883714473 0.022205827856801363 ZTF_r
58779.85222220002 17.809181729275764 0.02166833412138125 ZTF_r
58779.85457180021 17.80252580008487 0.019144207349246045 ZTF_r
58779.85738429986 17.82341602852485 0.02060019923100853 ZTF_r
58779.861550900154 17.79945078400761 0.020097094643531932 ZTF_r
58779.86246530013 17.83524238341459 0.02030656223825389 ZTF_r
58779.86579860002 17.80691572906712 0.01984366817853278 ZTF_r
58779.86864579981 17.80619976449936 0.020118070492774365 ZTF_r
58779.87140050018 17.828221533945154 0.02044804616886786 ZTF_r
58779.91960649984 17.764365815048265 0.022538303833272266 ZTF_r
58779.92244210001 17.779763708977004 0.021069577833889852 ZTF_r
58779.92520829989 17.823228301202164 0.021638472121329855 ZTF_r
58779.92939809989 17.84996174727202 0.023217238571954013 ZTF_r
58779.931261599995 17.821399539182337 0.02348010607805584 ZTF_r
58779.93310189992 17.908379460816793 0.02378921287764868 ZTF_r
58779.937326400075 17.848825183131915 0.02491455152903832 ZTF_r
58779.939652800094 17.805239283155622 0.023376021852850926 ZTF_r
58779.942858799826 17.860204539013786 0.025692103355252627 ZTF_r
58779.94469910022 17.862584073386707 0.02433211893619358 ZTF_r
58779.948888900224 17.832800594017932 0.024691151045834303 ZTF_r
58779.95072920015 17.814677831987044 0.022682434064725143 ZTF_r
58779.953530100174 17.872231318131327 0.0261912833885809 ZTF_r
58779.955844900105 17.81092906157396 0.02533610653082441 ZTF_r
58781.69561340008 17.995650179658213 0.043349753466541685 ZTF_r
58781.698877300136 17.918956639308448 0.03683166894498058 ZTF_r
58781.69983799989 17.90883094764806 0.0368269025401613 ZTF_r
58781.70306710014 17.902915124320096 0.03449292140732041 ZTF_r
58781.70538190007 17.962009581147782 0.04150829291943303 ZTF_r
58781.70861109998 17.935671751041376 0.036968186223761634 ZTF_r
58781.75076390011 17.925275125269565 0.030741746453953667 ZTF_r
58781.75398149993 17.876610506335464 0.02999925043179097 ZTF_r
58781.75633100001 17.944421128229564 0.03207326727157778 ZTF_r
58781.75954859983 17.917320944456222 0.03126957452769474 ZTF_r
58781.76236109994 17.90154995038949 0.03558223411047301 ZTF_r
58781.76653939998 17.877185170186074 0.03520176621855953 ZTF_r
58781.76886569988 17.963702575720752 0.03697732780112162 ZTF_r
58781.77025459986 17.919536869202776 0.03173401745370796 ZTF_r
58781.7740162001 17.90852621660686 0.0369012635745154 ZTF_r
58781.77769679995 17.998278695816364 0.03921430826038197 ZTF_r
58781.77951390017 18.01174381682464 0.04384338922882414 ZTF_r
58781.78278939985 17.962078062403364 0.036640954066117004 ZTF_r
58781.78466439992 17.963601166700407 0.04548076006905788 ZTF_r
58781.787488400005 17.958996951692534 0.03617402622721322 ZTF_r
58781.834641200025 17.936671437507723 0.063333223162779 ZTF_r
58781.83877310017 17.846289868108542 0.07398135840475817 ZTF_r
58781.8411226999 17.899057833375267 0.03921992268124086 ZTF_r
58781.84341439977 17.933385223652902 0.038206423470869666 ZTF_r
58781.84750000015 17.954602765870916 0.03937511389305648 ZTF_r
58781.8493170999 18.054381802654724 0.05019268027730561 ZTF_r
58781.852557899896 18.00224593403577 0.04678479868238483 ZTF_r
58781.854907399975 18.0100833505796 0.05521797472715484 ZTF_r
58781.85771990009 17.952718652036378 0.04630977127890645 ZTF_r
58781.86188660003 17.99999404389676 0.047165513729247266 ZTF_r
58781.86278939992 18.063107554629045 0.06310957980135967 ZTF_r
58781.86612269981 18.022645811983427 0.05036625791417215 ZTF_r
58781.86898150016 18.049584200791287 0.05237954077785645 ZTF_r
58781.871724499855 17.987565126771038 0.04476041860521818 ZTF_r
58781.91947920015 17.93303349672959 0.03851754770727034 ZTF_r
58781.92230319977 17.891179705066833 0.034163653648111136 ZTF_r
58781.92506940011 17.953489741310083 0.0324927400356092 ZTF_r
58781.92925930023 17.90969602083106 0.037733458261325126 ZTF_r
58781.93112270022 17.924074354631735 0.03970653515545486 ZTF_r
58781.932963000145 17.93676511426201 0.04704445132971102 ZTF_r
58781.93718749983 17.94753852280831 0.03833375816154394 ZTF_r
58781.93952549994 17.908959198916484 0.03538496513949241 ZTF_r
58781.94273150014 18.0646557634035 0.050685662964347955 ZTF_r
58781.944571800064 17.98295379198359 0.04113693910679572 ZTF_r
58781.94876160007 17.997738455195947 0.04755309789467965 ZTF_r
58781.9506019 17.990030626859163 0.048497228464515985 ZTF_r
58781.95340280002 17.907224962110142 0.04263551195522197 ZTF_r
58781.95572920004 17.929824723815113 0.04442464017452785 ZTF_r
58782.82729170006 17.80734837448982 0.019045234348935125 ZTF_r
58791.835821799934 17.880005394208148 0.024720892779056314 ZTF_r
58794.795902799815 17.876564589420056 0.02913500758507226 ZTF_r
58800.81583329989 17.814990444717264 0.045653022190075276 ZTF_r
58803.79641199997 17.816480933187613 0.03027390529287821 ZTF_r
58803.81215280015 17.81855945989561 0.02558740548241545 ZTF_r
58806.748101899866 17.8658707931634 0.02033777163918593 ZTF_r
58811.79965279997 17.96709756282613 0.033879360319645 ZTF_r
58812.72204860021 17.93795339992306 0.021765256395758215 ZTF_r
58814.68976850016 17.97401876637931 0.04747777567602007 ZTF_r
58819.75495370012 17.719061863913375 0.12734762302114078 ZTF_r
58833.71129629994 18.07958926391143 0.03281573332760246 ZTF_r
58836.59232639987 18.070928846921362 0.03208656028350809 ZTF_r
58846.62634260021 18.10228928486324 0.02601812072164833 ZTF_r
58850.62723380001 18.06666225186477 0.08156006480850131 ZTF_r
58855.708368100226 18.056262142745346 0.04073474256906451 ZTF_r
58859.672546300106 18.073606382034885 0.03664417639182638 ZTF_r
58860.68059029989 18.14038242598039 0.04992285163774213 ZTF_r
58861.6782176001 18.1686207959471 0.03971765260294724 ZTF_r
58867.60710649984 18.112718924534448 0.036255756023061636 ZTF_r
58871.60530090006 18.107770570334196 0.022614871747133947 ZTF_r
58872.636134299915 18.158007757841744 0.024168504510576838 ZTF_r
58873.65021990007 18.123370127210904 0.022381850896644906 ZTF_r
58875.62064810004 18.14282216983772 0.023449088891112524 ZTF_r
58876.61811339995 18.135033299447116 0.023487979126516123 ZTF_r
58877.61972220009 18.190496681382392 0.026409210354731982 ZTF_r
58882.62840279983 18.21939671170835 0.040478245194305984 ZTF_r
58884.627719900105 18.178196949913684 0.06450192231298679 ZTF_r
58885.64445600007 18.347545860972353 0.06712427650053066 ZTF_r
58885.64534719987 18.236232271156023 0.056177872520759564 ZTF_r
58887.639525500126 18.166429128101647 0.03960070300924201 ZTF_r
58891.60820600018 18.232251593315915 0.031568102186673386 ZTF_r
58891.621435199864 18.20899342742995 0.027397154204592766 ZTF_r
58892.63975689979 18.176742350660987 0.026441429357610957 ZTF_r
58895.61459490005 18.195135351155855 0.028531886736889334 ZTF_r
58905.61087960005 18.279914021490974 0.05811755457404644 ZTF_r
58912.615613400005 18.16579328327569 0.05209401882240883 ZTF_r
58912.623414400034 18.261541816886982 0.055365738496135464 ZTF_r
58912.62840279983 18.228694712293056 0.05313179166527071 ZTF_r
59048.92445599986 18.499379995008233 0.03442432233282133 ZTF_r
59048.9253934999 18.563500313071085 0.03545938342144517 ZTF_r
59049.92518519983 18.551310487177226 0.037167225185127606 ZTF_r
59050.96060189977 18.56057984847679 0.03296293301178821 ZTF_r
59050.96152780019 18.57522411127892 0.03613406717155776 ZTF_r
59051.92421300011 18.563637890624708 0.04080389071567225 ZTF_r
59051.925150500145 18.543144663071217 0.04390479076538334 ZTF_r
59052.936249999795 18.60394912518316 0.03350222026855576 ZTF_r
59052.93717590021 18.542340625403185 0.030611923251575135 ZTF_r
59053.9700230998 18.565415151373507 0.030946109861636373 ZTF_r
59053.992291700095 18.47600594926417 0.034166261556103805 ZTF_r
59054.92045139987 18.56541074413045 0.03684911515573397 ZTF_r
59054.922326399945 18.56009015267646 0.03700118193287594 ZTF_r
59055.971817099955 18.573271240666088 0.03002108609821974 ZTF_r
59057.962881899904 18.71621729525454 0.037988781242658476 ZTF_r
59057.96381939994 18.60110376370177 0.03648532440066177 ZTF_r
59059.96354170004 18.559353925629907 0.031034979139102248 ZTF_r
59059.96447920008 18.55850620688669 0.029533165341991463 ZTF_r
59060.94387729978 18.526560716000898 0.029813684563077203 ZTF_r
59061.91344910022 18.603546657534473 0.03810254175684946 ZTF_r
59061.94135419978 18.613897011940903 0.03655780852903234 ZTF_r
59062.98184029991 18.544218373708713 0.03652207373317928 ZTF_r
59062.98276619986 18.539504431776958 0.03268378483661216 ZTF_r
59063.899536999874 18.680578986223185 0.08399909756611379 ZTF_r
59063.90141199995 18.67051609055916 0.07629546995453396 ZTF_r
59064.93775459984 18.55566164999628 0.055390871754902093 ZTF_r
59064.940266199876 18.535047467941585 0.05860636561819632 ZTF_r
59064.94120369991 18.650902448746457 0.06255812834555208 ZTF_r
59065.954375000205 18.54237091183096 0.06369322918878773 ZTF_r
59066.980810199864 18.504893823151775 0.050840823431210325 ZTF_r
59066.98173609981 18.451483372518815 0.046034704771074075 ZTF_r
59067.94327550009 18.585665049145195 0.0468294432506422 ZTF_r
59073.96130790003 18.503086824922853 0.03269591661458726 ZTF_r
59076.92046299996 18.626343413925788 0.03788305217413601 ZTF_r
59077.986516200006 18.612946463682718 0.03190492656096566 ZTF_r
59079.95542819984 18.284316649070014 0.1401068448585825 ZTF_r
59082.98184029991 18.679604545880693 0.040019703567306664 ZTF_r
59086.92876160005 18.64884650543679 0.03080073746250278 ZTF_r
59086.95678240014 18.558422166020264 0.031061947813556756 ZTF_r
59087.95293979999 18.65447244426293 0.03582727346876169 ZTF_r
59090.98581020022 18.66734239533987 0.028848246754890283 ZTF_r
59093.87969909981 18.583976592885147 0.06688574901175848 ZTF_r
59094.89196760021 18.65798009544785 0.10031879335392979 ZTF_r
59094.92074069986 18.60311560740576 0.09431352175439223 ZTF_r
59095.937048600055 18.600573180630462 0.07259602827930856 ZTF_r
59095.93945599999 18.635486936682206 0.0718814275346773 ZTF_r
59096.88590280013 18.554078825819126 0.07524360105982097 ZTF_r
59102.950694399886 18.66206650267725 0.1292936908835376 ZTF_r
59104.92475689994 18.62914321560263 0.06368479605453103 ZTF_r
59107.92004630016 18.58743560192884 0.03794328973738992 ZTF_r
59109.90748840012 18.60182691956978 0.03752065538668603 ZTF_r
59110.93912040023 18.689420545692165 0.03633265945206965 ZTF_r
59112.90651619993 18.74087550290133 0.032553083118322945 ZTF_r
59113.84495369997 18.597273569813268 0.03271239375992252 ZTF_r
59113.91958330013 18.694617851213657 0.030984170470311767 ZTF_r
59115.84972220007 18.68339190550495 0.0328457476057622 ZTF_r
59116.88115740009 18.60249255394324 0.028628817519285477 ZTF_r
59116.905578699894 18.662598475950734 0.03138590426991428 ZTF_r
59118.798101900145 18.64124053102717 0.03682075922418093 ZTF_r
59120.99907410005 18.71470115996452 0.03760770760247745 ZTF_r
59123.813518499956 18.556208448118845 0.10562465801971577 ZTF_r
59128.90083329985 18.697219922913845 0.11093762240880878 ZTF_r
59130.79604170006 18.69983295781678 0.03699142048682447 ZTF_r
59134.83130790014 18.805003795611576 0.04102755116212364 ZTF_r
59136.81656249985 18.724094639703615 0.03259385635509027 ZTF_r
59138.84861110011 18.83007196435453 0.038583577912586264 ZTF_r
59140.860370399896 18.79569546032332 0.03527008677365906 ZTF_r
59142.786215300206 18.834192411396256 0.035318372683654786 ZTF_r
59143.82201390015 18.773151886967604 0.03171713837371115 ZTF_r
59144.916539399885 18.793091931483573 0.0292017082191105 ZTF_r
59145.83743060008 18.798437274494454 0.033430195851689604 ZTF_r
59149.83888889989 18.982911551172347 0.08515199957796149 ZTF_r
59150.79483800009 18.839880432976496 0.06511582963383233 ZTF_r
59155.77778939996 18.773029547134584 0.07273552870161382 ZTF_r
59155.7787269 18.771357202535256 0.07163055910398519 ZTF_r
59157.927870399784 18.852249204180062 0.08991758595223232 ZTF_r
59157.92880789982 18.77313648997943 0.08304336467286433 ZTF_r
59158.83803239977 19.045668047315853 0.07114475099634987 ZTF_r
59164.80890050018 18.93314252470134 0.059219291157567966 ZTF_r
59164.80983800022 19.04671230927815 0.06190436648406639 ZTF_r
59165.731805600226 18.837028635235257 0.041000704551725775 ZTF_r
59166.78913189983 18.85589911874978 0.10226406192693993 ZTF_r
59166.790057899896 18.847665360074593 0.08937220302166615 ZTF_r
59168.78871530015 18.95456667120405 0.04684760263823229 ZTF_r
59168.78965280019 18.842711873152304 0.04239467885562753 ZTF_r
59169.78253469989 18.89269076959939 0.04242164291028594 ZTF_r
59170.766018500086 18.878214310866664 0.03948528486224845 ZTF_r
59170.768391199876 18.96553121630429 0.04825169739535973 ZTF_r
59171.728761599865 18.949745297009628 0.04045504282064272 ZTF_r
59174.81105320016 18.87243779424083 0.08699233755317692 ZTF_r
59176.77873839997 19.065027605964545 0.05836903067401522 ZTF_r
59178.75436339993 18.882234880192115 0.06288053001538962 ZTF_r
59182.868773099966 18.825015051487544 0.12151997298332695 ZTF_r
59184.75689810002 18.961274967294163 0.0864348517589022 ZTF_r
59184.77487270022 19.012672988543155 0.10145238270531642 ZTF_r
59184.80467589991 18.901198457231303 0.08675650402739521 ZTF_r
59185.663888900075 18.940236401864958 0.07622076718647186 ZTF_r
59185.863240700215 18.96760738007847 0.08947514838356874 ZTF_r
59187.687893500086 19.021133309731923 0.06698897258486447 ZTF_r
59187.74896989995 19.019090632620365 0.07206347904117116 ZTF_r
59188.73712959979 18.90148681242718 0.08837393214304434 ZTF_r
59188.75414349977 18.98305756930179 0.06713272244548563 ZTF_r
59188.77653940022 18.939092453371142 0.054879072004988316 ZTF_r
59190.68518520007 19.000902492783425 0.043521173700117544 ZTF_r
59193.71577550005 18.95192251286273 0.06691690626868585 ZTF_r
59194.6456133998 19.08872478041385 0.046395326477178145 ZTF_r
59194.66145829996 18.963312511809008 0.043903009075156874 ZTF_r
59195.69351849984 18.976565475462813 0.04287504934429798 ZTF_r
59195.712245400064 18.88317689902243 0.04495105628761209 ZTF_r
59195.75495370012 18.9712222581989 0.05085918087221053 ZTF_r
59196.77601849986 18.97838105853491 0.06800868681904149 ZTF_r
59199.716296299826 18.96273910319784 0.05742707221891408 ZTF_r
59202.75972220022 19.07116868435522 0.07082270780419009 ZTF_r
59204.696955999825 19.044579995821447 0.06281480195660905 ZTF_r
59210.78178239986 18.985748760019415 0.09725992832976083 ZTF_r
59218.65256940015 19.115474421449655 0.06408140567631193 ZTF_r
59220.72789350012 19.072123793575752 0.0597319073130862 ZTF_r
59222.70687500015 19.05406384385509 0.04820003944816165 ZTF_r
59223.74791669985 19.149603371364993 0.07942223006238969 ZTF_r
59224.624884299934 19.153841057387776 0.059571689043453446 ZTF_r
59225.67300930014 19.137443003610436 0.09269803657787179 ZTF_r
59227.66067129979 19.130464578893186 0.078271274827733 ZTF_r
59228.63021990005 19.019365906960537 0.12151189805337026 ZTF_r
59228.63115740009 18.899809915537436 0.12342569234101575 ZTF_r
59229.63197920006 19.169556828398505 0.06472074801241412 ZTF_r
59230.645868100226 19.08847033413471 0.054854683639133484 ZTF_r
59231.650011599995 19.318998717431814 0.10463981937934008 ZTF_r
59232.66376159992 19.09540446603376 0.05111537531040433 ZTF_r
59250.66618059995 18.98737787768782 0.07775901032307608 ZTF_r
59252.65170140006 18.931358934668918 0.049757050002929404 ZTF_r
59254.65259259986 18.91045779466429 0.04640759823632301 ZTF_r
59256.65021990007 18.940303642760476 0.04810250751897094 ZTF_r
59260.66460649995 19.064486872629473 0.10559105085945575 ZTF_r
59264.65317129996 19.005467533869464 0.08324769409929011 ZTF_r
59275.62222220003 18.98806276386975 0.09612465781946611 ZTF_r
59275.625173599925 18.914421170481965 0.07924156235389468 ZTF_r
59275.628124999814 19.133062193688907 0.1297590028521487 ZTF_r
59275.63106480008 18.97999643561778 0.10850077364883859 ZTF_r
59275.63400459988 18.827985894703346 0.09249044823135222 ZTF_r
59276.62276619999 19.03089636733035 0.08111240682862153 ZTF_r
59276.625682900194 18.849871398129004 0.05948675605633902 ZTF_r
59276.62859949982 18.99343754774352 0.0768157009142314 ZTF_r
59278.62581019988 18.835780195659595 0.10272248268380046 ZTF_r
59278.62875000015 19.083667524410963 0.125507213818576 ZTF_r
59278.63168979995 18.895410115937317 0.10224074695807417 ZTF_r
59278.63461809978 18.936494326061663 0.09965560176357968 ZTF_r
59412.92127310019 19.013162905797337 0.06446640284885063 ZTF_r
59422.920347199775 19.163843391162214 0.09977949297249289 ZTF_r
59424.890775499865 18.96641953764327 0.1111706617809034 ZTF_r
59430.8922917 19.12643682059799 0.055722637014637755 ZTF_r
59436.9652315001 19.05368201640993 0.043164992435917426 ZTF_r
59439.96658559982 19.28870124855674 0.06670825473501907 ZTF_r
59444.9691319 19.257333379777965 0.04767546606271189 ZTF_r
59459.96328700008 19.24897241725791 0.041046483826992386 ZTF_r
59459.97811339982 19.27897142795046 0.04233001206662479 ZTF_r
59460.86290509999 19.363916923305542 0.05941981233016058 ZTF_r
59461.96508099977 19.242592746543888 0.04615486300851046 ZTF_r
59461.966030099895 19.21934282664743 0.0522114616122078 ZTF_r
59462.91116899997 19.267958736500916 0.050353139850251694 ZTF_r
59463.89612270007 19.245716793373177 0.05326478375373078 ZTF_r
59464.908969900105 19.239403413640847 0.047320121763466005 ZTF_r
59464.90991900023 19.25707662677726 0.04819249005665327 ZTF_r
59466.87853009999 19.209469576625462 0.05675030313664031 ZTF_r
59468.89384259982 19.29203597097377 0.053532004027172064 ZTF_r
59470.91807870008 19.26145384815848 0.04990264414640144 ZTF_r
59472.87814809987 19.304872980640884 0.057096549747354786 ZTF_r
59474.81853009993 19.274318228086898 0.07676864068776901 ZTF_r
59474.82967589982 19.29357020341168 0.07308713792690291 ZTF_r
59476.934756900184 19.44521368449466 0.09726844034982562 ZTF_r
59477.79177080002 19.256310103839915 0.1282507847515788 ZTF_r
59484.839004599955 19.19163720330178 0.06350726815306551 ZTF_r
59484.83995370008 19.27353416274556 0.07089547435840515 ZTF_r
59486.806284700055 19.32060031789375 0.08671257434953539 ZTF_r
59486.80723380018 19.458113987425357 0.09820486767002379 ZTF_r
59487.84076389996 19.261377396309854 0.05416062217987694 ZTF_r
59488.85037040012 19.32049883248562 0.05838747603001515 ZTF_r
59488.85131940013 19.234856583378086 0.06202354568736723 ZTF_r
59489.91282409988 19.264471811901586 0.0555156683171969 ZTF_r
59490.8011690001 19.284930825062485 0.07537787788873374 ZTF_r
59490.810080999974 19.348761189801515 0.08175992343099736 ZTF_r
59496.899733799975 19.35940558469183 0.07271048958221549 ZTF_r
59498.858634300064 19.284309174762946 0.059287673514806016 ZTF_r
59501.88540509995 19.34974409600502 0.05160873728429749 ZTF_r
59502.87311339984 19.362640003025337 0.08103754140579156 ZTF_r
59502.874050899874 19.433932576559478 0.07594752231801927 ZTF_r
59503.8636690001 19.40322089316435 0.10516394102436522 ZTF_r
59504.84009259986 19.199012560187768 0.10022462283848377 ZTF_r
59504.841030099895 19.291904587102007 0.1089973921304388 ZTF_r
59512.82023150008 19.269974956836514 0.06697812735382236 ZTF_r
59517.85152779985 19.377949026840902 0.05321261904740027 ZTF_r
59517.852939799894 19.42102259465314 0.05737443471850234 ZTF_r
59518.81138890004 19.470251631253078 0.058970888430934565 ZTF_r
59520.76686340012 19.32858800646931 0.04789216203001345 ZTF_r
59521.77578700008 19.461264717761694 0.05598590326071751 ZTF_r
59521.77672450011 19.398133180949255 0.05314281088012507 ZTF_r
59523.7702314998 19.38111477247067 0.051263937200049625 ZTF_r
59523.7711920999 19.449269387038594 0.06017589113919719 ZTF_r
59524.755393499974 19.381188761095437 0.052455710162742974 ZTF_r
59525.77006939985 19.367853598510916 0.057749391902458314 ZTF_r
59525.771006899886 19.341653250571383 0.05319230474441028 ZTF_r
59526.7629976999 19.458877356279142 0.06283017617150932 ZTF_r
59527.77634260012 19.34724229345079 0.06618790581802259 ZTF_r
59527.77731479984 19.381928394210846 0.055559451242686464 ZTF_r
59529.8450230998 19.41464388300035 0.06771027068775837 ZTF_r
59530.841805600096 19.401146173764147 0.07123943117834841 ZTF_r
59530.842754600104 19.522662308003618 0.09010357858248419 ZTF_r
59531.778252299875 19.533112854876222 0.12154750678977067 ZTF_r
59532.84035879979 19.566436693307406 0.1100386695204918 ZTF_r
59532.8623147998 19.42322916832212 0.10935728794627941 ZTF_r
59537.81652780017 19.24788195433135 0.10707912639435158 ZTF_r
59540.7196411998 19.577340987709327 0.13934516636359007 ZTF_r
59542.69351849984 19.4539710379019 0.06649139168682083 ZTF_r
59550.65600690013 19.45368049122909 0.07027075157168561 ZTF_r
