MJD mag magerr band
59915.3432669308 17.7967 0.0175953 PS_i
59915.3313037306 17.7971 0.0175743 PS_i
59915.3193164606 17.8278 0.0229016 PS_i
59915.3073330574 17.8106 0.0209488 PS_i
59915.302317128 17.9328 0.0238618 PS_i
59915.291083382 17.8775 0.0231115 PS_i
59915.2798082147 17.8829 0.0257138 PS_i
59915.268573518 17.8834 0.0286296 PS_i
59832.5597163975 17.2565 0.0313012 PS_i
59832.5461805817 17.2891 0.0346612 PS_i
59832.5325840955 17.2635 0.0231268 PS_i
59531.2867787358 16.8317 0.0224521 PS_i
59531.2746212799 16.7953 0.0257169 PS_i
59531.2502487194 16.8692 0.0178827 PS_i
59531.2346457108 16.8701 0.0341591 PS_i
59531.2235854831 16.8043 0.0260808 PS_i
59531.2125275059 16.885 0.0210458 PS_i
59206.2873594654 20.6478 0.192718 PS_i
59206.2656091541 20.6195 0.165319 PS_i
59128.4017059329 20.8609 0.249116 PS_i
58745.5769822234 20.4677 0.189163 PS_i
59915.3432669308 17.7967 0.0175953 PS_i
59915.3313037306 17.7971 0.0175743 PS_i
59915.3193164606 17.8278 0.0229016 PS_i
59915.3073330574 17.8106 0.0209488 PS_i
59915.302317128 17.9328 0.0238618 PS_i
59915.291083382 17.8775 0.0231115 PS_i
59915.2798082147 17.8829 0.0257138 PS_i
59915.268573518 17.8834 0.0286296 PS_i
59832.5597163975 17.2565 0.0313012 PS_i
59832.5461805817 17.2891 0.0346612 PS_i
59832.5325840955 17.2635 0.0231268 PS_i
59531.2867787358 16.8317 0.0224521 PS_i
59531.2746212799 16.7953 0.0257169 PS_i
59531.2502487194 16.8692 0.0178827 PS_i
59531.2346457108 16.8701 0.0341591 PS_i
59531.2235854831 16.8043 0.0260808 PS_i
59531.2125275059 16.885 0.0210458 PS_i
59206.2873594654 20.6478 0.192718 PS_i
59206.2656091541 20.6195 0.165319 PS_i
59128.4017059329 20.8609 0.249116 PS_i
58745.5769822234 20.4677 0.189163 PS_i
58697.948333300184 20.88582130258942 0.036106831181644594 PS_i
59379.94530089991 16.822673635787403 8.895893645011199e-05 PS_i
59385.95052079996 16.82403468851072 9.356340081012604e-05 PS_i
59391.87907409994 16.772471744072345 0.00019592508589383328 PS_i
59394.90679399995 16.637508978554887 0.00011713577280936249 PS_i
59399.9488309999 16.68306848234192 8.284548271575431e-05 PS_i
59403.947453700006 16.641113314685125 6.292559586995594e-05 PS_i
59407.90828699991 16.649488219200606 6.676295411978117e-05 PS_i
59411.93292819988 16.656467286480893 6.575209640757862e-05 PS_i
59417.9075230998 16.633863265922198 0.00017410253907890194 PS_i
59423.96986109996 16.580317410709494 0.00046143381888796853 PS_i
59427.90815970022 16.639842965762078 5.7773783069592355e-05 PS_i
59430.94650459988 16.734780706075668 5.2241568909039415e-05 PS_i
59434.90341439983 16.695105758387697 5.448775424987673e-05 PS_i
59438.928611100186 16.73261127441129 6.172798952874814e-05 PS_i
59443.93468749989 16.72056650608767 6.859248202850665e-05 PS_i
59446.82369210012 16.84158384170263 0.00012107220161183818 PS_i
59449.804571799934 16.78153604482779 0.00012612727997307616 PS_i
59453.906122699846 16.786926471710593 6.974419449434777e-05 PS_i
59458.822743100114 16.818561912576456 7.327076491137063e-05 PS_i
59461.841574099846 16.794393314844797 6.639492135462888e-05 PS_i
59464.86840280006 16.787315255289492 7.048465422698769e-05 PS_i
59467.841898099985 16.80252142524464 5.8748047216283794e-05 PS_i
59470.8515625 16.84986470469297 6.813396625560131e-05 PS_i
59473.91173609998 16.83259914573189 7.805748984601735e-05 PS_i
59476.86497690016 16.831973640926428 0.00010122281632618524 PS_i
59479.81799770007 16.814865561862923 0.00013838901190155184 PS_i
59483.81038190005 16.808925221944442 0.00015046773565785543 PS_i
59487.80466439994 16.895975084868468 0.00010630364628916311 PS_i
59491.822743100114 16.871278125100865 9.239127499149902e-05 PS_i
59496.851041700225 16.980039798129482 0.00010892546920970858 PS_i
59502.800821799785 17.077963160747657 0.00014470911518671414 PS_i
59505.82032410009 17.058331171161754 0.0001702199615127853 PS_i
59509.797893499956 17.033311646486144 0.00016366979784265823 PS_i
59512.764317099936 16.971215046554793 0.00010069767765941151 PS_i
59517.810000000056 17.005435677662653 8.694304424139432e-05 PS_i
59520.82821760001 17.008710556737146 8.369195188784317e-05 PS_i
59523.67532410007 16.97945002654324 8.13920890472275e-05 PS_i
59526.783946800046 17.038552630624977 8.411327674728852e-05 PS_i
59529.79199070018 17.19369936587001 0.00017454108343351038 PS_i
59532.65162040014 17.085814184630856 0.00012371599954619228 PS_i
59540.77829860011 17.236577606110803 0.0003079283858209436 PS_i
59550.702997699846 17.167766232037643 0.00010987892564351398 PS_i
60295.3276095041 20.7109 0.335155 PS_w
60295.3022071418 20.7396 0.319074 PS_w
60295.2897206377 20.9212 0.339273 PS_w
60268.293498661 20.1957 0.149863 PS_w
60268.2815237027 20.2931 0.136618 PS_w
60268.2681424115 20.0905 0.104091 PS_w
60268.2515918877 20.5907 0.278133 PS_w
60266.3424722529 20.1285 0.0767968 PS_w
59869.4870607113 18.1076 0.0129837 PS_w
59869.4749575374 18.0753 0.0115512 PS_w
59869.4629070335 18.0856 0.0114088 PS_w
59869.4509195136 18.0765 0.0115264 PS_w
59111.473323624 21.281 0.284945 PS_w
58778.4655012527 20.0854 0.0566939 PS_w
58778.4543398758 20.2111 0.0657002 PS_w
58778.4431617661 20.1343 0.0595679 PS_w
58778.4319113615 20.2427 0.0638556 PS_w
60295.3276095041 20.7109 0.335155 PS_w
60295.3022071418 20.7396 0.319074 PS_w
60295.2897206377 20.9212 0.339273 PS_w
60268.293498661 20.1957 0.149863 PS_w
60268.2815237027 20.2931 0.136618 PS_w
60268.2681424115 20.0905 0.104091 PS_w
60268.2515918877 20.5907 0.278133 PS_w
60266.3424722529 20.1285 0.0767968 PS_w
59869.4870607113 18.1076 0.0129837 PS_w
59869.4749575374 18.0753 0.0115512 PS_w
59869.4629070335 18.0856 0.0114088 PS_w
59869.4509195136 18.0765 0.0115264 PS_w
59111.473323624 21.281 0.284945 PS_w
58778.4655012527 20.0854 0.0566939 PS_w
58778.4543398758 20.2111 0.0657002 PS_w
58778.4431617661 20.1343 0.0595679 PS_w
58778.4319113615 20.2427 0.0638556 PS_w
56675.96092963143 13.680577180572904 0.8213206637197564 WISE_W1
56865.17350910833 13.716832884903408 0.06946756837226649 WISE_W1
57038.68624445333 13.679847283911666 0.04343577634469856 WISE_W1
57227.04683782465 13.752784349472602 0.06716864347794059 WISE_W1
57399.74883276642 13.82383131649828 0.0432524624756104 WISE_W1
57591.49457019501 13.945734410532916 0.050367476143452425 WISE_W1
57759.95489856749 13.923646799104086 0.04720250405316333 WISE_W1
57958.16997965214 13.905906767241321 0.05505345268973814 WISE_W1
58121.918292525006 13.947330544270176 0.039388955252943364 WISE_W1
58322.311779723845 13.195909861666053 0.62696188648162 WISE_W1
58482.69763857166 13.797516512192836 0.03936651143068452 WISE_W1
58687.81407343035 13.824490647187298 0.20357443606800976 WISE_W1
58847.320210232494 13.765382279063349 0.05068711467177818 WISE_W1
59053.70427255077 13.741742369848224 0.05388229556308777 WISE_W1
59213.94947449929 13.743001977134988 0.07668927498652736 WISE_W1
59418.44073521999 12.381435706539284 0.04533711593862856 WISE_W1
59578.21455667924 12.008044622922688 0.020985201886683416 WISE_W1
59784.9991108675 12.04877874412281 0.02706235565781386 WISE_W1
56865.17350910833 13.088319511182354 0.16907025167071826 WISE_W2
57038.68624445333 12.968216682068997 0.10582771930283458 WISE_W2
57227.04683782465 13.033693614394869 0.10536278069392226 WISE_W2
57399.74883276642 13.117188845686265 0.04302467256098068 WISE_W2
57759.95489856749 13.224992449659046 0.09541749453789346 WISE_W2
57958.16997965214 13.280261776208283 0.07964359384668873 WISE_W2
58121.918292525006 13.29150700007197 0.08357191697049013 WISE_W2
58322.311779723845 13.15818646910009 0.24828655424277685 WISE_W2
58482.69763857166 13.121240584722006 0.07202410861803313 WISE_W2
58687.81407343035 13.128757984365814 0.23266522546968013 WISE_W2
58847.320210232494 13.136853479821372 0.08544808365317484 WISE_W2
59053.70427255077 13.073889881700975 0.1161882781365287 WISE_W2
59213.94947449929 13.08134158158826 0.08327030609737765 WISE_W2
59418.44073521999 11.908680285837809 0.059811822256412225 WISE_W2
59578.21455667924 11.348101920750135 0.022591300624473135 WISE_W2
59784.9991108675 11.280448618347426 0.0312527498790106 WISE_W2
58430.75489579979 21.796162016597165 0.054960334692124135 ZTF_g
58430.768113399856 21.982980027895444 0.04432971026080601 ZTF_g
58430.77146989992 21.54754704514059 0.03301053533790288 ZTF_g
58430.79249999998 21.91068537626178 0.05464425044864285 ZTF_g
58434.75811340008 21.007365539976195 0.05377554877685675 ZTF_g
58434.77200229978 21.100766383406842 0.036802388846066236 ZTF_g
58435.721516199876 21.055970214263457 0.041791970020872427 ZTF_g
58436.68260420021 20.836673306995273 0.04202032546097456 ZTF_g
58436.734768500086 20.916169441717855 0.03348625264558969 ZTF_g
58483.62385419989 21.140436401145806 0.03289410884612032 ZTF_g
58486.65346059995 21.41561864443267 0.04889232117072417 ZTF_g
58674.950358800124 21.422393826383022 0.03250703843527347 ZTF_g
58674.95509260008 21.62411795162859 0.03568302310431015 ZTF_g
58677.97513889987 21.204562216449666 0.033243074883218426 ZTF_g
58690.95025460003 21.15806467081978 0.03114424161303475 ZTF_g
58695.89827550016 21.529517839471964 0.03331451175460387 ZTF_g
58695.92329860013 21.366196271849763 0.028871985717762172 ZTF_g
58695.9523494998 21.67782431862865 0.03246336425527829 ZTF_g
58696.92534720013 21.203898255951835 0.01650866182280275 ZTF_g
58696.92767360015 21.407194513597506 0.024876766231420433 ZTF_g
58700.96960650012 21.73554217365208 0.05067272615113794 ZTF_g
58756.90388889983 21.39703148015428 0.04181373826637902 ZTF_g
58758.8499305998 21.023243308900135 0.01910780773786236 ZTF_g
58758.88155090017 21.589636396787633 0.046658105946862705 ZTF_g
58760.8865278 21.531114127627546 0.043678135182815936 ZTF_g
58859.59724539984 20.720242289411452 0.060954043511658895 ZTF_g
58862.61288189981 21.26574821163559 0.025968787495751045 ZTF_g
58864.6089583002 21.670367954853717 0.04840087357741396 ZTF_g
58877.679803200066 20.983923753375603 0.04600589333345084 ZTF_g
58887.67788190022 20.069437134537168 0.04214709937446415 ZTF_g
58893.606655099895 21.36638207949539 0.021663184186323292 ZTF_g
58894.6027199002 21.07430424221026 0.006367338426773728 ZTF_g
58894.65876160003 20.914274281431663 0.03294522421039758 ZTF_g
59053.9250115999 21.780465279651306 0.05211888024645539 ZTF_g
59054.97165510012 21.54961737780299 0.02945542326903805 ZTF_g
59055.9301041998 21.804465293568143 0.05936653683175308 ZTF_g
59056.95374999987 21.890969151621327 0.06256430438959626 ZTF_g
59057.92995369993 21.285189153415402 0.019991144765798552 ZTF_g
59059.931759300176 21.552618750871105 0.03461350309151001 ZTF_g
59061.9719560002 21.687081922007597 0.04351828369081012 ZTF_g
59062.95041669998 21.35847314282143 0.041910219282650374 ZTF_g
59063.97378470003 21.117833232495457 0.05912449146190646 ZTF_g
59067.90203699982 20.61750112168217 0.04038544904448216 ZTF_g
59170.70513889985 21.343574571863403 0.04577819742702616 ZTF_g
59256.63436339982 21.048857421242783 0.030956678269619786 ZTF_g
59385.92880789982 16.969100345195965 5.54634697564893e-05 ZTF_g
59387.89124999987 17.506376919879003 0.007467019994180646 ZTF_g
59391.94649309991 16.924902511587874 9.175097917335506e-05 ZTF_g
59393.87129630009 17.018362098213004 0.00029255778655823406 ZTF_g
59395.93236109987 16.97178597941697 9.576615328121818e-05 ZTF_g
59399.919675900135 16.94049373453847 4.300894756248397e-05 ZTF_g
59401.912685200106 17.024905092049934 5.27880587526397e-05 ZTF_g
59402.95061339997 17.023109892943772 4.482043490483534e-05 ZTF_g
59403.90674770018 16.972400292252196 4.5941590567366575e-05 ZTF_g
59404.91467589978 16.98684597794761 5.459017489783946e-05 ZTF_g
59405.96060189977 17.038153694678734 4.786837961745505e-05 ZTF_g
59408.96277779993 17.50698294508428 0.0066250385946453605 ZTF_g
59409.93366899993 17.02302915919468 5.0486890357248626e-05 ZTF_g
59410.96478010016 17.011165690807847 5.547605634248498e-05 ZTF_g
59411.905277799815 17.004112408929963 5.7657526237875345e-05 ZTF_g
59412.94385420019 17.004396649709264 4.548623228473048e-05 ZTF_g
59414.914756900165 17.030139978030533 4.2219138830290603e-05 ZTF_g
59415.96461809985 17.018724881182045 4.217414275942133e-05 ZTF_g
59419.93206019979 17.015522121195254 0.0009428468903198706 ZTF_g
59422.950705999974 17.032633103470666 6.508710688812869e-05 ZTF_g
59424.9456944 17.056797095647106 6.39651223561799e-05 ZTF_g
59427.97052079998 17.08131843632863 5.249715865396354e-05 ZTF_g
59429.92335649999 17.139459362946443 4.947690241507985e-05 ZTF_g
59434.93256939994 17.134538137560423 4.263047839181411e-05 ZTF_g
59436.928113400005 17.138561406910068 4.562308005162663e-05 ZTF_g
59439.92570600007 17.205712837498318 5.836757729582587e-05 ZTF_g
59442.82695600018 17.214430554894758 6.376108614958298e-05 ZTF_g
59446.969421300106 17.209270386577668 5.0125832768088685e-05 ZTF_g
59449.73927079979 17.24189486029185 0.0004924893913944572 ZTF_g
59452.84628470009 17.224315144569655 0.00012425459767939628 ZTF_g
59454.89006939996 17.179406926712133 6.1014694313854534e-05 ZTF_g
59460.88057869999 17.292431949636743 5.328538783544445e-05 ZTF_g
59462.84577549994 17.28062480226761 5.234110800778069e-05 ZTF_g
59464.93752310006 17.294297734683184 4.921551205150365e-05 ZTF_g
59466.90712960018 17.261126633633147 4.8093560641504496e-05 ZTF_g
59468.93582180003 17.243537686514642 4.687047368889807e-05 ZTF_g
59470.87383100018 17.28041920392961 4.967075790318631e-05 ZTF_g
59472.90620370023 17.378859945941052 5.974396249541769e-05 ZTF_g
59474.91422449984 17.35055852948336 5.262547620432656e-05 ZTF_g
59477.82834490016 17.311629261033765 0.00017465004942351925 ZTF_g
59479.72747689998 17.289327484151325 0.0003015887585391397 ZTF_g
59485.80053240014 17.397050109073536 0.0008672844817034786 ZTF_g
59488.78302079998 17.362982402846043 5.5290643462768685e-05 ZTF_g
59491.86857639998 17.404128288593398 0.0032843575456400487 ZTF_g
59498.84950229991 17.381105029861743 5.644968098117431e-05 ZTF_g
59502.910497699864 17.473735063983618 0.0001126054123616882 ZTF_g
59504.90936340019 17.31791125991761 0.00012642392417561155 ZTF_g
59510.744641200174 17.35565153243285 0.00010392098011280382 ZTF_g
59517.72657410009 17.473396021016363 5.809216687602259e-05 ZTF_g
59520.80469910009 17.514230738456718 6.293718967853579e-05 ZTF_g
59522.7546064998 17.473156493166712 5.9954055565469844e-05 ZTF_g
59524.80672449991 17.475619799449465 5.691635241511506e-05 ZTF_g
59526.72718749987 17.47875422613114 5.727937911892411e-05 ZTF_g
59529.7532060002 17.619333590946617 0.00010247825526654708 ZTF_g
59531.842152799945 17.569534748661283 0.0001128872841515971 ZTF_g
59537.74366899999 17.500710288348188 0.0005272260772741788 ZTF_g
59540.795011600014 17.74351870845587 0.0006829588998762404 ZTF_g
59550.71962960018 17.63557559855962 8.436817270585095e-05 ZTF_g
59622.64409720013 17.957714882582994 0.0005497361854676086 ZTF_g
59627.67728010006 18.09430930788135 0.0025157044104346937 ZTF_g
59629.67300930014 18.114813888031087 0.001645785906779551 ZTF_g
59722.97482640017 18.38239534059752 0.0013951206759230672 ZTF_g
59722.97719909996 18.281975730495702 0.0012105035065008707 ZTF_g
59722.97957180021 18.273109471864 0.0011305138229555922 ZTF_g
59722.981944399886 18.255177026518957 0.0013605013112698572 ZTF_g
59722.98432870023 18.275704769973636 0.002437210331525108 ZTF_g
59764.92770829983 17.879683653508785 0.00010569634686419249 ZTF_g
59766.92820600001 17.902919329651894 0.0001221630153160902 ZTF_g
59769.9239236 17.825602511064076 0.00010497301500755896 ZTF_g
59769.96232639998 17.80899167902976 0.00010100971476667553 ZTF_g
59780.90111109987 17.7220781045923 0.00021725253555082702 ZTF_g
59780.9510764 17.744606509883916 0.00026524385181758703 ZTF_g
59782.94834489981 17.748724150799532 0.00013232385397721202 ZTF_g
59784.90395830013 17.765934043614596 0.00010029276653256147 ZTF_g
59786.94903940009 17.781037300999017 9.152645387189295e-05 ZTF_g
59788.95315970015 17.76484633457862 0.00011029373047932722 ZTF_g
59790.866192100104 17.812252784298394 0.00014215798549166436 ZTF_g
59798.9109259001 17.91560176337834 0.0001165879613189702 ZTF_g
59801.9293056 17.886427531650654 0.00020254190350854628 ZTF_g
59803.97802079981 17.82408321963768 0.0003181685208275553 ZTF_g
59806.95384259987 17.856288686733805 0.00027061907397296636 ZTF_g
59808.8219444002 17.86696593297421 0.00025291981259023544 ZTF_g
59810.864733799826 17.9594853630948 0.00034465331464872406 ZTF_g
59813.84082179982 18.016052833238327 0.00013285408787666597 ZTF_g
59815.93339119991 18.00598811356754 0.00012957451625972283 ZTF_g
59817.92527779983 18.02670347635093 0.0001199141070582499 ZTF_g
59819.92280089995 18.048719071324268 0.00011271971210113918 ZTF_g
59822.92100689979 18.154323142440262 0.0001618014954942737 ZTF_g
59824.90484949993 18.178557250108675 0.00020674048568203318 ZTF_g
59826.866504599806 18.250548470745358 0.00026461541470013117 ZTF_g
59828.9677893999 18.190027337921848 0.00018155673119402138 ZTF_g
59839.806053199805 18.261264216736464 0.00021581031423067998 ZTF_g
59839.86322919978 18.238777982138345 0.00023733140399784247 ZTF_g
59841.78127310006 18.325060355857268 0.00020314642027940977 ZTF_g
59841.82063659979 18.360971862933386 0.00017887682786188464 ZTF_g
59843.84290509997 18.38232185808014 0.0001910000220828323 ZTF_g
59846.86576389987 18.379745842952175 0.00024710430681551543 ZTF_g
59848.86781249987 18.418456372676584 0.00022975256739599104 ZTF_g
59850.88681709999 18.426968750814424 0.00022540545102778253 ZTF_g
59852.83994209999 18.44053418709103 0.00021171628773153373 ZTF_g
59854.865034699906 18.48206099154641 0.0002258644733839077 ZTF_g
59856.81987270014 18.641323315008414 0.00046684658448192806 ZTF_g
59858.91052079992 18.628393464119114 0.0005981834167254618 ZTF_g
59860.84548609983 18.61658160290624 0.0014427524170628203 ZTF_g
59862.88718750002 18.57218934151026 0.002745629387760573 ZTF_g
59864.89340279997 18.71775984887132 0.0029954668572766963 ZTF_g
59871.74322920013 18.760183848810005 0.000452434063280549 ZTF_g
59873.71826389991 18.749702800819627 0.0003709370125406508 ZTF_g
59877.78325230023 18.796522249435053 0.0004200924429014208 ZTF_g
59879.82434030017 18.7629209130277 0.00040592033194286614 ZTF_g
59881.849664399866 18.82161779977076 0.0005817048721610263 ZTF_g
59883.74085649988 18.828481163877203 0.0004563397841987893 ZTF_g
59888.73660880001 18.7142378387792 0.0038151994856985283 ZTF_g
59894.85174770001 19.189175154817477 0.012324496249529915 ZTF_g
59896.7228472 18.92206469486085 0.0012006473205552481 ZTF_g
59898.71740739979 18.79784911210569 0.0006332820303480702 ZTF_g
59900.706990700215 19.120762571915662 0.0019350318276902811 ZTF_g
59902.78054400021 18.9830173407462 0.001146858536031914 ZTF_g
59904.680786999874 18.950420487594798 0.0005269987620817318 ZTF_g
59906.70045140013 19.013337408997373 0.0005780801477666131 ZTF_g
59908.74040509993 18.958258285485144 0.0008619155890503549 ZTF_g
59910.71553240018 18.954102706877467 0.0005609789042093638 ZTF_g
59922.729131899774 18.893321461951963 0.0019336542004229074 ZTF_g
59928.70137730008 19.13132436681075 0.0014595876254563933 ZTF_g
59932.63062500022 18.92645694943578 0.0004993841482967554 ZTF_g
59934.70059029991 18.908293482279095 0.0005458982375845522 ZTF_g
59936.6771296002 18.84956817747338 0.0009703690305187251 ZTF_g
59951.63770829979 18.964767305466435 0.0028452174143076547 ZTF_g
59956.78159719985 19.147349176522734 0.01079502327767834 ZTF_g
59958.7687615999 18.85159128297525 0.014441545747258644 ZTF_g
59967.6837847 19.52268033390299 0.007543563392658825 ZTF_g
59969.67571760016 19.241372970660652 0.00253773576212879 ZTF_g
59977.64302079985 19.41741976145132 0.005064628631068047 ZTF_g
59980.658738399856 19.277229045689083 0.005863423165187953 ZTF_g
59982.601446799934 19.535803534293894 0.007729247068937184 ZTF_g
59984.64108800003 19.625730111270563 0.0068294689318459945 ZTF_g
59991.64098379994 19.98365008923608 0.014745041752002308 ZTF_g
58429.770694400184 21.609892605225802 0.061632696242103435 ZTF_r
58432.76512729982 21.201199726406653 0.053109532281155225 ZTF_r
58432.821955999825 20.802243451664033 0.03378564757374214 ZTF_r
58434.70141200023 21.059441382011812 0.060676552215241486 ZTF_r
58435.76476849988 20.827992494067885 0.04457291221653037 ZTF_r
58696.97553239995 21.8938302719343 0.06192046821666075 ZTF_r
58721.94753469992 18.698087570230435 0.029370560956380132 ZTF_r
58758.809502299875 21.625171177600915 0.05302804920733095 ZTF_r
58887.612222199794 20.791044417682865 0.053904506302197674 ZTF_r
58891.61274310015 20.56459437728716 0.022320409904944327 ZTF_r
58893.62189809978 21.049279656341987 0.010470745282946226 ZTF_r
58894.60792820016 21.949290037577526 0.031659299848016076 ZTF_r
58894.631284699775 21.201338544498086 0.056215946307180076 ZTF_r
58895.67516200011 20.716250331207412 0.004495955408993169 ZTF_r
59055.947731500026 21.76205298442966 0.04819050053282936 ZTF_r
59280.625798599795 20.75280543809041 0.04786174320009273 ZTF_r
59280.628344899975 20.76998545961427 0.04490650678153507 ZTF_r
59341.98723379988 18.986233964455785 0.006174418225295852 ZTF_r
59341.98958329996 18.730652991113054 0.005123150093435669 ZTF_r
59341.99194440013 18.851563445383352 0.006917124967808164 ZTF_r
59341.99429399986 18.97299722505972 0.02250513027775547 ZTF_r
59342.986446800176 18.627142779114283 0.0018753818741590322 ZTF_r
59342.98885420011 18.58840697772103 0.002122336822367288 ZTF_r
59342.99126160005 18.755848097293743 0.003929326177939174 ZTF_r
59342.99366899999 18.328366629329807 0.0035204623956222036 ZTF_r
59344.9852661998 18.445813230126785 0.001570540651936625 ZTF_r
59344.98768519983 18.62964162318994 0.0033401006939062228 ZTF_r
59344.99010419985 18.475420918400914 0.002264147572626385 ZTF_r
59344.99252310023 18.3464787313206 0.0027441507392342857 ZTF_r
59345.98296299996 18.44553160663159 0.0016541399953080571 ZTF_r
59345.98538189987 18.362496950078203 0.0015980222924305565 ZTF_r
59345.98778939992 18.380433988374705 0.0016451228484495317 ZTF_r
59345.99019679986 18.41127670932736 0.0022766500959967573 ZTF_r
59345.99261569977 18.44565589734244 0.005329770812139145 ZTF_r
59346.98432870023 18.25473447190945 0.0010546504653579092 ZTF_r
59346.98667819984 18.406458390598814 0.001346237166485409 ZTF_r
59346.98902780004 18.35504954691159 0.0018336493898338802 ZTF_r
59346.99137730012 18.33760043382948 0.0034601328095096306 ZTF_r
59348.983402799815 18.015975666120628 0.00043279125712913924 ZTF_r
59348.985752299894 18.07470350505133 0.0006418077180168069 ZTF_r
59348.98810190009 18.03593805933522 0.0009657297637151174 ZTF_r
59348.99046299979 18.035907474403537 0.001373363513710757 ZTF_r
59349.98096060008 18.081667487921166 0.0005830313723986791 ZTF_r
59349.983379600104 18.106283567862796 0.0009842735432208372 ZTF_r
59349.98578700004 18.17964611050789 0.001335211463610264 ZTF_r
59349.98819439998 18.144713122142647 0.0017254540436830723 ZTF_r
59349.990601900034 18.12554140935795 0.0023841516887621594 ZTF_r
59352.98237269977 18.05078162812744 0.0011207803674828654 ZTF_r
59352.98471060023 17.900977559272572 0.0010931219338932152 ZTF_r
59352.98704859987 18.03872488760539 0.0017857862292629534 ZTF_r
59353.978993100114 17.89412089415709 0.0004536691595031783 ZTF_r
59353.981331000105 17.880569240100336 0.0005760884229175645 ZTF_r
59353.983680599835 17.883914316426736 0.0005057460902726518 ZTF_r
59353.986018499825 17.96659170841184 0.0014199753560379946 ZTF_r
59353.98835649993 17.8650380234452 0.0013772672893406224 ZTF_r
59354.97999999998 17.901234416922126 0.0006872699327473697 ZTF_r
59354.98233800009 17.873700386660467 0.0009162247990843753 ZTF_r
59354.98467590008 17.968309727756306 0.0014940523807620565 ZTF_r
59354.98702549981 17.927959733425627 0.0017530817360675854 ZTF_r
59356.97799770022 17.711226724702456 0.0002931446527547621 ZTF_r
59356.98034719983 17.72378090064406 0.000434722473226401 ZTF_r
59356.9827083 17.719834044698764 0.0004771371051646156 ZTF_r
59356.985069400165 17.709714612538015 0.000694185232477551 ZTF_r
59357.97805560008 17.657223154642544 0.00024248172341501117 ZTF_r
59357.98040510016 17.671211701722015 0.0003225025880482235 ZTF_r
59357.982777799945 17.622011219707517 0.0003421058895405338 ZTF_r
59357.98513890011 17.576540266410596 0.0004853693717077334 ZTF_r
59358.975879599806 17.6667123417144 0.00035427219336625626 ZTF_r
59358.97824069997 17.581785842846845 0.00030133664755283007 ZTF_r
59358.98060189979 17.6843165459993 0.0004419799887322995 ZTF_r
59358.98296299996 17.610774542335708 0.0005473429985904943 ZTF_r
59358.985324100126 17.687496113697456 0.0007809525074442547 ZTF_r
59359.97687500017 17.50707347165731 0.000364716528073572 ZTF_r
59359.97924769996 17.523891492141843 0.00046045297273344943 ZTF_r
59359.981608800124 17.43620729695143 0.00035349569873943665 ZTF_r
59359.983969899826 17.501548928647413 0.0004725924255417624 ZTF_r
59362.96271990007 17.401320470155355 0.00019878245104365533 ZTF_r
59362.96468750015 17.387807061689273 0.0002230821859274812 ZTF_r
59362.96664350014 17.391690943600267 0.0002103164117492895 ZTF_r
59362.96861110022 17.465500470304576 0.00020903883160805492 ZTF_r
59362.97057869984 17.380811888974478 0.00017629573305200097 ZTF_r
59363.96333329985 17.39996410697872 0.0002563113934268557 ZTF_r
59363.96528939996 17.37205878203213 0.00024549123069306233 ZTF_r
59363.96725689992 17.446096191336263 0.00022001518181902213 ZTF_r
59363.9692245 17.408309459874072 0.00024680530141552026 ZTF_r
59363.971180600114 17.37147477111877 0.0002540141524605133 ZTF_r
59364.96153939981 17.345293350708722 0.00013744397928228125 ZTF_r
59364.963506899774 17.260591349046173 0.00011102628414683124 ZTF_r
59364.96546299989 17.30179972795257 0.00011650753632430622 ZTF_r
59364.967430599965 17.314513541756078 0.0001255863689468839 ZTF_r
59364.96939809993 17.263625459922785 0.00010930153743160531 ZTF_r
59365.96391199995 17.336591575426553 0.0001420998103647264 ZTF_r
59365.96583329979 17.326322893533003 0.00014225292744995954 ZTF_r
59365.96774310013 17.307199992794185 0.00012027420699567415 ZTF_r
59365.96966439998 17.314118452078716 0.0001555910916799519 ZTF_r
59365.97158560017 17.32198335328941 0.00015595627928455258 ZTF_r
59366.963379600085 17.209805612818478 9.934162132374524e-05 ZTF_r
59366.96539349994 17.192417294151348 8.717338868713398e-05 ZTF_r
59366.96740739979 17.236198614228847 9.942821337816099e-05 ZTF_r
59366.969421300106 17.286721703397223 0.00010094658114212507 ZTF_r
59366.97143519996 17.237424165102173 0.00010984329817631533 ZTF_r
59367.962511599995 17.272169077135985 0.00015276955351239963 ZTF_r
59367.964513900224 17.229151509805867 0.00011220136955003568 ZTF_r
59367.9665045999 17.227867171309263 0.0001274472330496934 ZTF_r
59367.96850690013 17.25723965630833 0.00012341472209875803 ZTF_r
59367.97050930001 17.21330966341953 9.452854908609254e-05 ZTF_r
59385.89123839978 16.891611810555332 7.195489196831772e-05 ZTF_r
59387.93684029998 16.815383668601452 5.490193091439721e-05 ZTF_r
59391.907199100126 16.825434337453085 7.748001416274519e-05 ZTF_r
59393.949004599825 16.794684738790913 4.7755400533588954e-05 ZTF_r
59399.89233799977 16.828013931337743 6.109123508579728e-05 ZTF_r
59401.94209490018 16.856550335661517 3.827059702921076e-05 ZTF_r
59402.93374999985 16.88120953152671 4.2453865862768225e-05 ZTF_r
59403.926840300206 16.7677424517177 3.405135636569412e-05 ZTF_r
59404.961886600126 16.750042032397673 3.6444803480861765e-05 ZTF_r
59405.93146990007 16.822728472590825 3.5121352924605276e-05 ZTF_r
59408.95348379994 16.789153329241184 0.0003583596106668807 ZTF_r
59409.96157409996 16.78454991706048 3.675218584575646e-05 ZTF_r
59410.92890049983 16.82999502000563 4.518283772192433e-05 ZTF_r
59411.96520829992 16.762006542103002 3.5432769182719426e-05 ZTF_r
59412.928993099835 16.788772102980303 3.6475066043095694e-05 ZTF_r
59414.94987270003 16.814751666645716 3.2324302033259755e-05 ZTF_r
59415.91230319999 16.825799007753737 3.5923469168253064e-05 ZTF_r
59416.915289400145 16.787719323959383 4.983332666519402e-05 ZTF_r
59418.90906250011 16.769142548427528 9.62408877001053e-05 ZTF_r
59419.94906250015 17.31861627875399 0.03453715818566927 ZTF_r
59422.931215300225 16.80965466705014 4.583517091916178e-05 ZTF_r
59424.88975689979 16.79381147671713 4.529880412995624e-05 ZTF_r
59427.955000000075 16.836715048507973 4.05048835077082e-05 ZTF_r
59429.90412040008 16.839120427324985 3.2349514286877934e-05 ZTF_r
59434.867662 16.84807777400521 3.2276504649431104e-05 ZTF_r
59436.88513890002 16.7800367610855 3.219140043064783e-05 ZTF_r
59439.88929399988 16.848358183974806 4.01090007766669e-05 ZTF_r
59442.92998840008 16.904066343945445 3.913898235374802e-05 ZTF_r
59446.89385419991 16.9088124491933 7.051357294152183e-05 ZTF_r
59449.870231499895 16.867722550833722 0.00013199405576003187 ZTF_r
59452.92418979993 16.892564224924353 0.0007928580731793033 ZTF_r
59454.84346059989 16.912339186972225 5.357824425544777e-05 ZTF_r
59458.86540509993 16.95713129603589 3.663386872965191e-05 ZTF_r
59460.839213000145 16.993433725854963 4.2742223039127225e-05 ZTF_r
59462.889826400205 16.946990540466167 3.520748476049107e-05 ZTF_r
59464.88716439996 16.974037928005487 3.8341782428119586e-05 ZTF_r
59466.882962999865 16.947020316773596 3.4002291831924936e-05 ZTF_r
59468.85534719983 16.94083855939285 3.505411032556083e-05 ZTF_r
59470.90737270005 16.979891457787758 3.87125812864042e-05 ZTF_r
59472.89018520014 16.949254290896285 4.035558657022875e-05 ZTF_r
59474.78793979995 16.96520004482356 5.1124107358191395e-05 ZTF_r
59477.736944399774 16.99725935807382 9.491366864011752e-05 ZTF_r
59479.85903939977 16.924183443968822 8.611963457028082e-05 ZTF_r
59483.849131899886 16.92185237157303 0.000930076026804727 ZTF_r
59485.90658560023 16.906327165783498 0.0006396479660608634 ZTF_r
59488.82783559989 17.028319255554692 4.039594510985012e-05 ZTF_r
59491.74153940007 17.03217949662635 6.1033186826264796e-05 ZTF_r
59498.82790509984 17.01769506945658 3.946571068524918e-05 ZTF_r
59502.8640509001 17.160993171811622 5.9796257321664825e-05 ZTF_r
59517.74000000022 17.08554020528429 3.9061731769152175e-05 ZTF_r
59520.74721059995 17.083957215022487 4.5342239921808414e-05 ZTF_r
59522.80171300005 17.125658136361217 4.1253683864539425e-05 ZTF_r
59524.714838000014 17.119877909379007 4.227000708034723e-05 ZTF_r
59526.65252309991 17.084759379285146 4.216130312073574e-05 ZTF_r
59529.70521989977 17.163546978540815 5.247550872056195e-05 ZTF_r
59531.73761569988 17.181203039406014 6.572988967690208e-05 ZTF_r
59537.82962960005 17.08530122686621 0.00016302112361543664 ZTF_r
59550.65207180008 17.255319483851196 5.9604896058829127e-05 ZTF_r
59622.67996530002 17.536843390558953 0.0004211041377502056 ZTF_r
59624.65717589995 17.51176532546475 0.00023796417483445964 ZTF_r
59629.658449099865 17.60503941579342 0.0003202681315670475 ZTF_r
59707.98355320003 17.887996724393105 0.0012854553206036456 ZTF_r
59707.985972200055 18.01373814143855 0.0018054946882699596 ZTF_r
59707.98840280017 17.894390572051357 0.0018161523685709113 ZTF_r
59707.990821800195 18.03931132637998 0.0033747940288950673 ZTF_r
59708.98233800009 17.92300815913086 0.0010144107485992038 ZTF_r
59708.984768500086 17.89626406872857 0.0010793329715106381 ZTF_r
59708.9871991002 17.841636509140436 0.0011152771151223817 ZTF_r
59708.9896296002 17.93870201722093 0.001865291444318018 ZTF_r
59708.992071799934 17.90251133222297 0.0026627196513686613 ZTF_r
59709.98158559995 17.926286230415396 0.0053494807154521595 ZTF_r
59709.98401620006 17.80669286651338 0.006372868655329711 ZTF_r
59709.98645830015 18.092450763758627 0.01830665735420567 ZTF_r
59709.98888889979 18.09102669083996 0.011730590238094862 ZTF_r
59709.99131939979 17.911850543269967 0.0037391492963916306 ZTF_r
59710.98211809993 17.841054908661462 0.0007271507961164048 ZTF_r
59710.98453699984 17.86251025491072 0.0009618493623619884 ZTF_r
59710.98696759995 17.842840525382663 0.0009357432838434931 ZTF_r
59710.98939809995 17.99510343294067 0.0016949756793742665 ZTF_r
59710.99181709997 17.79307100133364 0.0017247356102352285 ZTF_r
59711.980752300005 17.796391417031288 0.0009417917601624026 ZTF_r
59711.983124999795 17.82203081468569 0.0014109472914789478 ZTF_r
59711.98549770005 17.952831244924138 0.002266678495100649 ZTF_r
59711.98785880022 18.06484626532106 0.003384991329665965 ZTF_r
59711.99021989992 17.885936410842767 0.0033023527870348346 ZTF_r
59712.98138889996 17.761603507271857 0.0003407877316767838 ZTF_r
59712.98376160022 17.820332544298935 0.0008135382613119191 ZTF_r
59712.98612269992 17.836610921205825 0.0009159447773896545 ZTF_r
59712.988495400175 17.771020076559093 0.0010298006380864422 ZTF_r
59712.99085649988 17.712218995805102 0.000910012516460057 ZTF_r
59713.98091439996 17.728544057028643 0.0004642570241522037 ZTF_r
59713.9832870001 17.486596494049806 0.0021222624325147876 ZTF_r
59713.9856480998 17.88708033766089 0.0012623524301034195 ZTF_r
59713.988020800054 17.709331412423012 0.0006205684189737326 ZTF_r
59713.99038190022 17.787155520154855 0.0008910883490891308 ZTF_r
59714.98024309985 17.718999539811545 0.000621455175565444 ZTF_r
59714.98266200023 17.83941634362113 0.0010808700957980477 ZTF_r
59714.98509259987 17.650368684107256 0.0006689752437658569 ZTF_r
59714.9875115999 17.621744087541046 0.000794674436836118 ZTF_r
59714.9899420999 17.791371090901116 0.0011537779624788413 ZTF_r
59718.97603010014 17.76337525254998 0.00044307892634343204 ZTF_r
59718.97839119984 17.756695951454738 0.0006087216384429439 ZTF_r
59718.980752300005 17.70287986995023 0.00042408313465180925 ZTF_r
59718.98311340017 17.780101949127875 0.0005961600053989713 ZTF_r
59718.9854629999 17.816430366194012 0.0007970855512891006 ZTF_r
59719.97606479982 17.80622326305516 0.0008561339947767976 ZTF_r
59719.978425899986 17.81637521266066 0.0008788350981259185 ZTF_r
59719.98078700015 17.814252864259693 0.0010836462219412368 ZTF_r
59719.98313659988 17.85087699739228 0.001672543472560406 ZTF_r
59719.98549770005 17.93805932499717 0.002104598373005473 ZTF_r
59720.97465279978 17.84335181144722 0.0003870843212148145 ZTF_r
59720.97657410009 17.822285905678882 0.000388501154276355 ZTF_r
59720.97893519979 17.751816068477964 0.00032109555537118695 ZTF_r
59720.981307900045 17.72892095479608 0.00031140579000776825 ZTF_r
59720.983692099806 17.734439239200302 0.00042861910909053336 ZTF_r
59721.973865699954 17.74024657780417 0.0002642084797379596 ZTF_r
59721.97623840021 17.736483633444912 0.00024283040759875973 ZTF_r
59721.97862270009 17.748469595432724 0.0003259308015834961 ZTF_r
59721.98098379979 17.73327640378816 0.00044002882973259716 ZTF_r
59721.983356500044 17.78443957037563 0.0006904659053059703 ZTF_r
59723.973518500105 17.744929373932237 0.00026354421976648723 ZTF_r
59723.97590279998 17.762622806007627 0.00036167574124945645 ZTF_r
59723.97826390015 17.785153782354133 0.0004219171513639708 ZTF_r
59723.98063659994 17.75094187023032 0.0003467093479656569 ZTF_r
59723.983009300195 17.780593192266622 0.000642244414958526 ZTF_r
59724.974745399784 17.711331468744604 0.00020195344633933132 ZTF_r
59724.97711810004 17.736655570926466 0.0002582874093857157 ZTF_r
59724.97949070018 17.776053200700986 0.0003476012655241334 ZTF_r
59724.98186339997 17.725467624433847 0.00041768243393214277 ZTF_r
59724.98423610022 17.681733705519576 0.0006489288306994467 ZTF_r
59729.961608800106 17.86850112722325 0.00026516590249237026 ZTF_r
59729.96357640019 17.831988771015354 0.00022386851652989037 ZTF_r
59729.96555559989 17.79694708179727 0.00027868238706751924 ZTF_r
59729.967523099855 17.81098562070372 0.00022198240266924074 ZTF_r
59729.969502300024 17.860594024454862 0.00022333532873908268 ZTF_r
59730.963425899856 17.731238400474446 0.00014709638724319518 ZTF_r
59730.96535879979 17.73225954364247 0.0001310846174611413 ZTF_r
59730.9672801001 17.684040633123672 0.0001249609831841525 ZTF_r
59730.96921300003 17.731906661933238 0.00013897923330574713 ZTF_r
59730.97114579985 17.728478558334206 0.00014856028930054777 ZTF_r
59731.96204859996 17.817924776157078 0.0002510020376558231 ZTF_r
59731.9640740999 17.857395886334906 0.0003082903956190819 ZTF_r
59731.96608800022 17.80724596101716 0.0002619014957971899 ZTF_r
59731.96811340004 17.809735159494295 0.0003135689998590152 ZTF_r
59731.97013889998 17.83068129166994 0.0003165045147284218 ZTF_r
59732.961331000086 17.816234504583555 0.0001823143075210254 ZTF_r
59732.96333329985 17.79503086748849 0.0001400577081209775 ZTF_r
59732.96533560008 17.74327359160427 0.0001483128222972141 ZTF_r
59732.96733799996 17.735927447773005 0.00018797157945726894 ZTF_r
59732.96934030019 17.746666630302215 0.00017467459536568697 ZTF_r
59764.88718750002 17.434812354448802 9.420325107711847e-05 ZTF_r
59766.89153939998 17.397895007067856 6.93684593198185e-05 ZTF_r
59772.866435199976 17.31497455911511 0.00014445914538008253 ZTF_r
59772.96326390002 17.2918306058192 6.717987743165565e-05 ZTF_r
59775.91461810004 17.20957294773958 0.0001010134556427289 ZTF_r
59775.9614467998 17.245907063766026 8.285111739247952e-05 ZTF_r
59778.934224499855 17.234648331307817 9.642507975726744e-05 ZTF_r
59778.94530089991 17.22201250520925 8.765147589073763e-05 ZTF_r
59782.911041699816 17.300268540237457 0.00012395738182036098 ZTF_r
59784.952106500044 17.294138464884654 4.926713864250587e-05 ZTF_r
59786.88773149997 17.240946885182318 5.553464053065227e-05 ZTF_r
59788.92922449997 17.290155211065013 5.0816064886660683e-05 ZTF_r
59794.94861110021 17.334336348515915 0.00011480344123704356 ZTF_r
59798.952025500126 17.381984335428715 5.657496884481361e-05 ZTF_r
59801.96702549979 17.364793887465257 5.9511238612586226e-05 ZTF_r
59803.88430560008 17.311671730725102 0.00013821421331883244 ZTF_r
59806.91000000015 17.38455150427108 0.0001144339056011745 ZTF_r
59808.92357640015 17.3693798561615 8.416532938326782e-05 ZTF_r
59810.929583299905 17.401756254214337 8.153153852497041e-05 ZTF_r
59813.8811458 17.471556403264962 6.304569640391833e-05 ZTF_r
59815.88947919989 17.494571444663602 6.771555560902698e-05 ZTF_r
59817.97634259984 17.4763564181457 6.088037850027206e-05 ZTF_r
59819.97135420004 17.460996056168234 5.774183464168914e-05 ZTF_r
59822.96696759993 17.5402524469763 7.52285943494968e-05 ZTF_r
59824.88368060021 17.60041444235742 7.136246143346625e-05 ZTF_r
59826.93072920013 17.57630283722453 8.15093973027814e-05 ZTF_r
59843.80614579981 17.78750921391034 9.631132173382184e-05 ZTF_r
59846.92387730023 17.76456752936692 0.00011070851124195258 ZTF_r
59848.84221060015 17.76202144985696 8.999523189778813e-05 ZTF_r
59850.77623840002 17.775729229377838 0.00010183612897840533 ZTF_r
59852.82534720003 17.835496594719956 9.509276072350303e-05 ZTF_r
59854.800821799785 17.875278961982417 9.006529325361612e-05 ZTF_r
59856.79653939977 17.885646952667326 0.00015750651248325198 ZTF_r
59858.7956019002 17.864788486847658 0.0001904242109915799 ZTF_r
59860.72302079992 17.945094257789066 0.0003304746020127425 ZTF_r
59862.81031250022 18.027416480355775 0.0005317693149873293 ZTF_r
59864.77726850007 17.876889174201654 0.0003485474608702077 ZTF_r
59866.84876159998 17.951862999083765 0.0002521239497159655 ZTF_r
59871.696562500205 18.127067098033496 0.00018771903000391887 ZTF_r
59873.68072920013 18.097710144818578 0.00018160350940910064 ZTF_r
59877.84734949982 18.093291954971647 0.00015658495763126723 ZTF_r
59879.78608800005 18.12573337490635 0.00017416403250081203 ZTF_r
59881.77931710007 18.056084188269434 0.00015051274916899615 ZTF_r
59883.806261599995 18.109240890015997 0.00015803183789842024 ZTF_r
59888.8205093001 18.208192569287117 0.004242113264314895 ZTF_r
59894.78435190022 18.28493771633538 0.0006634890928083337 ZTF_r
59896.80193290021 18.17488291969542 0.0003159240515291373 ZTF_r
59900.742418999784 18.287067248284366 0.0007633476907713543 ZTF_r
59902.66415510001 18.19420427420635 0.00022247175203027325 ZTF_r
59904.697488400154 18.12948238793108 0.00020982708027261765 ZTF_r
59906.65326389996 18.192554700112183 0.00022488560265898627 ZTF_r
59910.68087959988 18.25738408433113 0.00024729213024521357 ZTF_r
59913.66532409983 18.243327772053227 0.0003220564887254085 ZTF_r
59913.7332175998 18.309561642685843 0.00029325637701127505 ZTF_r
59922.6316550998 18.243457567051266 0.00047416423400115093 ZTF_r
59928.67768519977 18.315518704193142 0.0010090204497181787 ZTF_r
59932.7273380002 18.26239616692599 0.00026756621925727586 ZTF_r
59934.74395829998 18.241426984299725 0.000252877048094291 ZTF_r
59936.69686339982 18.269204746949715 0.00022106714893332935 ZTF_r
59951.76418979978 18.406874898419446 0.0025984764952617923 ZTF_r
59956.63917820016 18.402170147660406 0.0008419423703216466 ZTF_r
59958.64195600012 18.41149048046632 0.0004469832664391049 ZTF_r
59967.63858800009 18.449981002769917 0.000881231797814408 ZTF_r
59969.64421299985 18.379896914661867 0.0005821446089733229 ZTF_r
59980.62145829992 18.416748046330397 0.0006229146365939187 ZTF_r
59982.684756900184 18.567526101860572 0.003454673456662505 ZTF_r
59984.61148149986 18.610355664598863 0.0009570475011564383 ZTF_r
59991.67510419991 18.65916906491828 0.0027182787742887626 ZTF_r
59994.67442130018 18.465701176880934 0.0014409136589872418 ZTF_r
60072.98486110009 19.24979531816341 0.014884874646218904 ZTF_r
60072.98723379988 19.151963421616443 0.01148232640043112 ZTF_r
60072.98959490005 18.961547068994896 0.009707117075420157 ZTF_r
60072.99196759984 19.01604512350778 0.01316720085905665 ZTF_r
60073.9837962999 19.135666077621448 0.02018598688929707 ZTF_r
60073.986226900015 19.360136914632882 0.03412864531986415 ZTF_r
60073.98865740001 19.151026263780004 0.01853111191903878 ZTF_r
60073.991088000126 19.0562174620372 0.021972737743992 ZTF_r
60075.98224540008 19.482000956497565 0.011083587620376534 ZTF_r
60075.98467590008 19.320625460680844 0.010223074511792163 ZTF_r
60075.987094900105 19.46246086210489 0.015328393234540272 ZTF_r
60075.98952550022 19.074836996424196 0.008635420391915005 ZTF_r
60075.991956000216 19.27231903137255 0.016959252772167588 ZTF_r
60076.9814352002 19.130077332360862 0.004833847901979382 ZTF_r
60076.98380789999 19.29738569809713 0.006464603437734695 ZTF_r
60076.98618059978 19.43911136444025 0.008649183232074975 ZTF_r
60076.98855319992 19.16517500459662 0.00996490979953002 ZTF_r
60076.9909144002 19.55981306711138 0.017629642267129597 ZTF_r
60077.97996529983 19.5101811541154 0.011055434256560304 ZTF_r
60077.98233800009 19.23977057639382 0.006772409961307346 ZTF_r
60077.98471060023 19.286807472950308 0.006903597443239207 ZTF_r
60077.98708330002 19.534921423669616 0.016527708144774778 ZTF_r
60077.98945599981 19.64155914724495 0.025487117709259266 ZTF_r
60078.98070599977 19.390270981649202 0.011293613664367541 ZTF_r
60078.983078700025 19.5115313142879 0.010500863648594816 ZTF_r
60078.985451399814 19.521041914492162 0.01362765950727507 ZTF_r
60078.98781249998 19.51860177461942 0.011999589291454171 ZTF_r
60078.99018519977 19.463624208670744 0.016773678329586872 ZTF_r
60079.98035879992 19.352533913800848 0.0066826807221360696 ZTF_r
60079.982789400034 19.288695487943748 0.00853301266710993 ZTF_r
60079.98521990003 19.49049542999692 0.009969442493437342 ZTF_r
60079.98763890006 19.32595653731062 0.012174116674021462 ZTF_r
60079.99006940005 19.452040841946026 0.018758502488966045 ZTF_r
60080.97891200008 18.43751377065421 0.03628146435688606 ZTF_r
60081.97885419987 19.531155399584975 0.013121816862499358 ZTF_r
60081.98122690013 19.400105257692395 0.00849723846648942 ZTF_r
60081.98358799983 19.23940862897321 0.008521083488131964 ZTF_r
60081.985960599966 19.55361874868282 0.014359586094407462 ZTF_r
60081.98833330022 19.634126379223435 0.028407327382373282 ZTF_r
60082.97934029997 19.307926096329147 0.00422072943188212 ZTF_r
60082.98171300022 19.423819300772827 0.006588602618489148 ZTF_r
60082.98408559989 19.436409458730083 0.007130817945490975 ZTF_r
60082.98645830015 19.67520578196243 0.014875524217197622 ZTF_r
60082.98883099994 19.42793270179049 0.01223128112495786 ZTF_r
60083.97664349992 20.026428630280204 0.00937874293326324 ZTF_r
60083.979016200174 19.56139447250364 0.004408060506976952 ZTF_r
60083.98136569979 19.67879762550122 0.00782766948839253 ZTF_r
60083.98372690007 19.499198793824405 0.006006536094059101 ZTF_r
60083.98608799977 19.574035702481623 0.011882368820806732 ZTF_r
60085.97569439979 19.606463816521554 0.007272459743580484 ZTF_r
60085.97759260005 19.634523003455993 0.006834775989972286 ZTF_r
60085.97996529983 19.696883105705226 0.011111709402278791 ZTF_r
60085.98233800009 19.772651575477365 0.01412673717871904 ZTF_r
60085.98471060023 19.524822488932355 0.012993641694903246 ZTF_r
60087.97513889987 19.831618902583745 0.005875163572540032 ZTF_r
60087.9775231001 19.587765076645724 0.004990075248530346 ZTF_r
60087.97989579989 19.758220173150747 0.008370085261246274 ZTF_r
60087.98225690005 19.754215312532722 0.009840871123744321 ZTF_r
60087.98462959984 19.721171271692647 0.0137997651425259 ZTF_r
60088.975544000044 19.69860279580217 0.007277141518208907 ZTF_r
60088.977928199805 19.34182378935002 0.00579584436455427 ZTF_r
60088.98030090006 19.997476510696643 0.017002699722855397 ZTF_r
60088.98267359985 19.545101617565134 0.008087262991887556 ZTF_r
60088.985046300106 19.756235510025373 0.01801902533168942 ZTF_r
60089.97443290008 19.616654229694724 0.005118904457201978 ZTF_r
60089.97680559987 19.57257396373734 0.005206294445468274 ZTF_r
60089.97917820001 19.82279489889804 0.013830649671245254 ZTF_r
60089.9815508998 20.122383519783153 0.029103419392811247 ZTF_r
60089.983923600055 19.634750707227752 0.01493965467918379 ZTF_r
60090.973437500186 19.56852415226699 0.007019052818533211 ZTF_r
60090.975810199976 19.79283076160316 0.029689846044231416 ZTF_r
60090.97818290023 19.63868305322598 0.010509858154804874 ZTF_r
60090.98055560002 19.499378744977086 0.01084928941345531 ZTF_r
60090.98292820016 19.868696978692874 0.024852537378862394 ZTF_r
60093.96321759978 19.894738998179974 0.0053038576096717804 ZTF_r
60093.965185199864 19.757896360685752 0.0039421398786601 ZTF_r
60093.967152799945 19.77718529711376 0.004186640225627869 ZTF_r
60093.96912040003 19.83220502401609 0.005567073048956317 ZTF_r
60093.97108800011 19.618878493332005 0.003202845098586593 ZTF_r
60094.96178240003 19.78790787185746 0.0036377498076269887 ZTF_r
60094.96375000011 19.92323342229943 0.0044276697742855475 ZTF_r
60094.965729199816 19.89011804715402 0.004745366555534147 ZTF_r
60094.9676967999 19.748749622310868 0.003344490405289946 ZTF_r
60094.96966439998 19.711266641244542 0.003140958518720538 ZTF_r
60097.96262730006 19.964769959992246 0.02221479308808938 ZTF_r
60097.964629599825 19.767651481172475 0.007128960579276367 ZTF_r
60097.96663190005 19.88079900497683 0.006314082097517826 ZTF_r
60097.968634299934 19.8417051508914 0.00590687622361763 ZTF_r
60097.97063660016 19.893180703654895 0.006782825214228794 ZTF_r
60124.9490278 20.570215054103585 0.010771653897164057 ZTF_r
60135.96249999991 20.937787476586543 0.025817293866454705 ZTF_r
60138.96030090004 20.192524139834386 0.01265215487655702 ZTF_r
60146.90510419989 21.19949913841988 0.03461343836264241 ZTF_r
60160.93576390017 21.240180484049446 0.06060511403596003 ZTF_r
60178.963784699794 20.842724093963106 0.011869175197299242 ZTF_r
