MJD mag magerr band
59020.452 20.03510861832057 0.22682347785602808 ATLAS_c
59030.452 19.788968890780907 0.11118309439933505 ATLAS_c
59040.452 19.25460045871362 0.12608470410324735 ATLAS_c
59050.452 19.045351869723433 0.16282284361877686 ATLAS_c
59070.452 19.042840495388504 0.14501129754336262 ATLAS_c
59080.452 19.010239924063143 0.15600527745982262 ATLAS_c
59100.452 18.96979067487064 0.053415863319544954 ATLAS_c
59110.452 18.943838401188863 0.0827986980154769 ATLAS_c
59130.452 18.919149817560417 0.05439298020978711 ATLAS_c
59140.452 19.04215563746222 0.11051241947683721 ATLAS_c
59230.452 19.548943330452026 0.3818516742452651 ATLAS_c
59260.452 19.893538362779225 0.22525624672049283 ATLAS_c
59310.452 19.910264373660247 0.13263375830598712 ATLAS_c
59320.452 20.18704615873324 0.22469556130891988 ATLAS_c
59350.452 20.13767351006163 0.15590281386737104 ATLAS_c
59380.452 20.60960452726528 0.113671676055624 ATLAS_c
58996.411 20.154223615525996 0.017235355607041924 ATLAS_o
59026.411 19.78806134237864 0.24028838577177858 ATLAS_o
59036.411 19.27893480456746 0.17252953380969416 ATLAS_o
59046.411 19.125979631613504 0.21470958612486513 ATLAS_o
59056.411 18.969101371147918 0.1371096918993846 ATLAS_o
59066.411 18.82170696872366 0.1240842027854665 ATLAS_o
59076.411 18.93639892814032 0.09777986655297966 ATLAS_o
59086.411 18.794372039946275 0.20278205221194234 ATLAS_o
59096.411 18.841356835821276 0.2210538281934742 ATLAS_o
59106.411 18.8126075134817 0.07566073764177794 ATLAS_o
59116.411 18.827931188163834 0.1698667845791899 ATLAS_o
59126.411 18.806564165023975 0.3496393975120409 ATLAS_o
59146.411 18.998941735044216 0.1605021176546071 ATLAS_o
59156.411 18.927488460753658 0.10612638191880208 ATLAS_o
59246.411 19.52652605767112 0.3181576130445194 ATLAS_o
59266.411 19.69440490389333 0.26411048934001613 ATLAS_o
59276.411 19.718889504711406 0.25993583209454485 ATLAS_o
59286.411 19.99282807126494 0.19362998200278803 ATLAS_o
59296.411 19.805170474318523 0.1198315750380825 ATLAS_o
59306.411 19.763115166867674 0.07223234505659626 ATLAS_o
59346.411 20.002179626023196 0.13738429345931635 ATLAS_o
59356.411 19.955000126639415 0.09621118597451428 ATLAS_o
59386.411 20.16917122905863 0.10049051369285955 ATLAS_o
59406.411 20.225444960054592 0.05525457811506662 ATLAS_o
59393.4871789687 21.023 0.142744 PS_i
59393.4865300368 21.0904 0.174216 PS_i
59028.4355367678 20.086 0.276677 PS_i
59028.4236478201 19.9747 0.222936 PS_i
59028.4117221431 19.8174 0.186896 PS_i
59028.3997791372 19.8663 0.12795 PS_i
59409.3612689613 21.5279 0.301935 PS_w
59409.351863347 21.0843 0.182758 PS_w
59409.34255289 21.2475 0.221107 PS_w
59404.4467733065 21.0149 0.164701 PS_w
59404.435274745 20.9875 0.145256 PS_w
59404.4238106483 20.8877 0.110211 PS_w
59404.4055954562 20.8686 0.13945 PS_w
59393.3288955954 20.9626 0.0803859 PS_w
59393.3195534403 20.9692 0.0864573 PS_w
59393.3007912933 20.9727 0.107203 PS_w
59380.3794225511 21.0331 0.192553 PS_w
59380.3713068188 21.1416 0.273441 PS_w
59373.4308763146 21.2762 0.113549 PS_w
59373.4216684601 21.3558 0.130526 PS_w
59319.6036131774 20.2265 0.074178 PS_w
59319.5913027278 20.2742 0.0773635 PS_w
59319.5790554291 20.2072 0.0432417 PS_w
59319.5667384448 20.2464 0.0513921 PS_w
59082.2889145833 18.8908 0.0251646 PS_w
59082.2768820678 18.1566 0.0577272 PS_w
59082.264791687 19.0853 0.0355133 PS_w
59082.2526913118 18.8313 0.0221876 PS_w
59081.2711886955 18.82 0.0552747 PS_w
59076.3211372477 18.9047 0.0126496 PS_w
59076.3090048172 18.8965 0.0193187 PS_w
59076.2967764861 18.904 0.0130937 PS_w
59076.2845627763 18.8852 0.0237154 PS_w
59050.375209543 19.0941 0.0290401 PS_w
59050.3624186074 19.1139 0.0349718 PS_w
59050.3496138666 19.0854 0.031098 PS_w
59050.3367930739 19.0578 0.0314819 PS_w
59044.3533719075 19.4243 0.0576097 PS_w
59017.4927468142 21.3452 0.171566 PS_w
59017.4808591473 21.3737 0.188181 PS_w
59017.4689834345 21.1467 0.147676 PS_w
59017.4570534687 21.1309 0.177099 PS_w
58997.4943682196 21.8068 0.181972 PS_w
58997.4835692622 22.0715 0.173117 PS_w
58997.4727779911 22.0112 0.162672 PS_w
58997.4619890278 22.0078 0.138947 PS_w
58985.4603152201 22.1439 0.313424 PS_w
58985.4499551932 22.0157 0.278848 PS_w
58971.5337918383 22.0807 0.306987 PS_w
58961.6003257576 22.3933 0.305478 PS_w
59457.2733230279 21.5491 0.0881782 PS_w
59457.264236623 21.9101 0.133265 PS_w
59457.2552436213 21.8901 0.123487 PS_w
59457.2461790117 21.8739 0.152783 PS_w
59326.6141057797 20.3939 0.16694 PS_w
59326.6037224052 20.4253 0.153502 PS_w
59326.5932979002 20.4549 0.262409 PS_w
59326.5828317852 20.5005 0.188874 PS_w
59321.487942383 20.5215 0.109362 PS_w
59321.4776012632 20.4087 0.120564 PS_w
59321.4672513165 20.2312 0.0945131 PS_w
59321.4568665214 20.4509 0.11383 PS_w
59101.2790357238 18.7733 0.0549807 PS_w
59101.2673113103 18.8216 0.0541715 PS_w
59101.2555819535 18.7452 0.0414242 PS_w
59101.2437919755 18.7457 0.0533227 PS_w
59072.3418774782 18.8504 0.0398453 PS_w
59072.3302274278 18.8725 0.0362951 PS_w
59072.3185421195 18.8603 0.0293499 PS_w
59072.3068436375 18.8268 0.0459937 PS_w
59054.2995799062 18.9562 0.0612731 PS_w
59054.2884830065 18.9871 0.0579941 PS_w
59054.2773062725 18.9854 0.0371269 PS_w
59054.2662654901 19.0532 0.0348907 PS_w
59040.3539311024 19.2626 0.0842601 PS_w
59040.3414225378 19.2516 0.080886 PS_w
59040.3291197383 19.3078 0.0430956 PS_w
59040.3169094302 19.2838 0.0382904 PS_w
59024.4063108479 20.0334 0.0643093 PS_w
59024.3942018541 20.1169 0.0887718 PS_w
59024.3821506527 20.0804 0.0852908 PS_w
59024.370055542 20.0801 0.0649311 PS_w
59023.4919958502 20.1052 0.243722 PS_w
59023.4794912497 20.089 0.176514 PS_w
59023.4669750471 20.1057 0.159042 PS_w
59023.4544401202 20.0508 0.193135 PS_w
59021.4621329844 20.4261 0.141733 PS_w
59021.4515308357 20.33 0.201451 PS_w
59021.4409091551 20.4698 0.136831 PS_w
59021.4303035248 20.4337 0.106716 PS_w
56725.22928493555 15.896268029196731 0.32093455353751016 WISE_W1
57087.66683571666 15.354250387107179 0.2715703817101968 WISE_W1
57266.25283919428 15.502069932422213 0.20828675533739466 WISE_W1
57454.37030652545 15.653179158824253 0.2370816367400456 WISE_W1
57625.113471963334 15.504177687675911 0.22265774682732745 WISE_W1
57985.58517129533 15.36862413483649 0.2783162389960185 WISE_W1
58182.955346143746 15.812423073952036 0.3053366993992041 WISE_W1
58346.307971325 15.821879687084563 0.35864244358936387 WISE_W1
58549.78371465667 15.495996280831854 0.3093519660336569 WISE_W1
58713.22300530999 15.944468542054917 0.2113532587872728 WISE_W1
58914.07031972462 15.567566504337545 0.1914903245041333 WISE_W1
59077.417031357145 14.523178729691939 0.2081916797333747 WISE_W1
59279.790100135186 13.583292134643864 0.04115966435506575 WISE_W1
59442.95841545782 13.835993559845612 0.13781649946080304 WISE_W1
59077.417031357145 13.98628301035216 0.15695482256538218 WISE_W2
59279.790100135186 12.841364882514434 0.07110607621064502 WISE_W2
59442.95841545782 12.900548021977142 0.14910849122370423 WISE_W2
59022.34063659981 20.2597 0.223314 ZTF_g
59028.35384259978 19.815304 0.19748183 ZTF_g
59031.19172450015 19.681 0.286265 ZTF_g
59034.21273150016 19.5088 0.225349 ZTF_g
59038.251354199834 19.438925 0.13218084 ZTF_g
59044.31486110017 19.284817 0.17101677 ZTF_g
59047.25432869978 19.271832 0.12476541 ZTF_g
59050.244004600216 19.206915 0.10554925 ZTF_g
59050.244004600216 19.2069 0.105549 ZTF_g
59053.24254629994 19.21294 0.09607832 ZTF_g
59057.25569440005 19.214403 0.12161033 ZTF_g
59067.229039399885 19.083666 0.13696401 ZTF_g
59070.24015050009 19.047604 0.108137935 ZTF_g
59075.19067130005 18.997173 0.113226004 ZTF_g
59079.15914350003 19.002472 0.11931887 ZTF_g
59095.20518520009 19.045197 0.19794945 ZTF_g
59099.148831000086 18.899113 0.1361449 ZTF_g
59107.14869209984 18.970173 0.18064699 ZTF_g
59109.207812500186 19.148268 0.18257186 ZTF_g
59113.18032409996 18.905064 0.11998492 ZTF_g
59128.17126160022 19.110453 0.17831174 ZTF_g
59135.10146989999 19.039284 0.105625555 ZTF_g
59139.12311339984 19.17152 0.13957469 ZTF_g
59145.146284699906 19.118631 0.15311015 ZTF_g
59252.53120370023 19.89121 0.18039514 ZTF_g
59255.532268499956 20.065638 0.16865236 ZTF_g
59258.523043999914 20.020906 0.21339677 ZTF_g
59265.51789350016 20.113667 0.18380101 ZTF_g
59268.52612269996 20.097542 0.1892774 ZTF_g
59291.51837959979 20.183176 0.21190792 ZTF_g
59308.46244210005 20.3171 0.24226 ZTF_g
59312.42243060004 20.4089 0.259054 ZTF_g
59316.37814809987 20.442 0.25182 ZTF_g
59319.43354169978 20.3669 0.253889 ZTF_g
59324.40027779993 20.7355 0.276361 ZTF_g
59339.40167819988 20.7098 0.321006 ZTF_g
59341.373900500126 20.7942 0.336868 ZTF_g
59346.44215280004 20.7319 0.27062 ZTF_g
59348.37795139989 20.7482 0.290222 ZTF_g
59022.25155089982 20.148975 0.1803991 ZTF_r
59025.192893499974 19.808355 0.1809807 ZTF_r
59028.23078700015 19.756271 0.19340444 ZTF_r
59034.34703700011 19.369608 0.21587235 ZTF_r
59041.25240739994 19.244528 0.104449555 ZTF_r
59047.31896989979 19.076359 0.081084415 ZTF_r
59050.27237269981 19.151466 0.116504125 ZTF_r
59053.29572919989 19.08059 0.11135299 ZTF_r
59064.308553200215 18.918179 0.1955239 ZTF_r
59067.287766200025 18.84187 0.10292864 ZTF_r
59070.19333329983 18.890896 0.079275236 ZTF_r
59075.21266200021 18.978914 0.10623929 ZTF_r
59079.19089120021 19.07915 0.14066675 ZTF_r
59095.152557900175 18.84319 0.09621678 ZTF_r
59099.12964119995 18.801027 0.09486317 ZTF_r
59107.128576400224 18.842098 0.14528361 ZTF_r
59109.16552079981 18.819878 0.10778666 ZTF_r
59113.12761570001 18.841528 0.091055185 ZTF_r
59130.121354199946 19.006392 0.1050893 ZTF_r
59135.13146989979 18.925434 0.11706921 ZTF_r
59137.09065969987 18.93151 0.12673596 ZTF_r
59139.101388900075 19.000399 0.109301336 ZTF_r
59145.09770830022 19.080194 0.12258662 ZTF_r
59223.561122700106 19.6615 0.258643 ZTF_r
59223.5634606001 19.6456 0.244658 ZTF_r
59223.56579860021 19.618082 0.20407197 ZTF_r
59223.568136599846 19.6948 0.221218 ZTF_r
59224.56471059984 19.6731 0.233812 ZTF_r
59224.56960650021 19.4921 0.32851 ZTF_r
59226.56048610015 19.618643 0.16639842 ZTF_r
59226.562893500086 19.632118 0.18357167 ZTF_r
59226.56530090002 19.724798 0.1733898 ZTF_r
59226.56770829996 19.679777 0.15327522 ZTF_r
59226.5701156999 19.4503 0.258503 ZTF_r
59227.558263900224 19.6472 0.251262 ZTF_r
59227.56071759993 19.7062 0.193901 ZTF_r
59227.563171300106 19.5473 0.238536 ZTF_r
59227.565624999814 19.6769 0.191464 ZTF_r
59228.57328699995 19.669235 0.19057018 ZTF_r
59228.575694399886 19.5862 0.20363 ZTF_r
59228.57811339991 19.7656 0.315364 ZTF_r
59230.5688426001 19.784313 0.20219281 ZTF_r
59230.57122689998 19.8829 0.273493 ZTF_r
59231.576539400034 19.6049 0.242018 ZTF_r
59232.5714699002 19.531836 0.15123975 ZTF_r
59232.57386570005 19.490112 0.2003849 ZTF_r
59248.54089119984 19.673244 0.198342 ZTF_r
59250.54271990014 19.792416 0.18890709 ZTF_r
59265.52658559987 19.879826 0.19764447 ZTF_r
59268.45384259987 19.963 0.229208 ZTF_r
59270.50406249985 19.7331 0.276459 ZTF_r
59276.482847199775 19.7185 0.242907 ZTF_r
59295.483969899826 20.080402 0.2145953 ZTF_r
59306.49861110002 19.9288 0.235971 ZTF_r
59310.4860417 20.092623 0.20959513 ZTF_r
59312.41652779979 20.2524 0.220867 ZTF_r
59314.460706000216 20.121 0.20395 ZTF_r
59316.48184029991 20.028563 0.16707608 ZTF_r
59322.31159720011 20.1156 0.273541 ZTF_r
59324.33953699982 20.1298 0.260693 ZTF_r
59336.390393500216 20.3736 0.229022 ZTF_r
59341.42163190013 20.4977 0.234517 ZTF_r
59343.37387729995 20.275915 0.18619163 ZTF_r
59346.4088078998 20.4931 0.275081 ZTF_r
59348.39987270022 20.38096 0.20048228 ZTF_r
