 MJD mag magerr band
0 56718.796142406165 14.982130171846597 0.0805972528053114 WISE_W1
0 56898.202123552655 14.60748686762342 0.39393059738430514 WISE_W1
0 57080.75892160461 14.9630225794346 0.15549405894394774 WISE_W1
0 57258.29403467538 14.87763507225202 0.16518924506877114 WISE_W1
0 57445.34024662357 14.768046981774274 0.1752556732902195 WISE_W1
0 57618.54442460999 14.791358730567206 0.06778926622544756 WISE_W1
0 57812.13404423539 14.804589179757006 0.10071143380673471 WISE_W1
0 57978.98999105732 14.855802502448539 0.1708709714635256 WISE_W1
0 58176.27146129333 14.957998804718518 0.10042064307479574 WISE_W1
0 58339.39945205153 14.94556688171922 0.11151723936036197 WISE_W1
0 58542.55818881824 14.969723697485513 0.12381630550396219 WISE_W1
0 58705.06357271266 15.111511582699938 0.33533307654065714 WISE_W1
0 58907.58100503077 14.892466416050794 0.12659776492039768 WISE_W1
0 59070.70423389929 14.663589399912107 0.122767845454545 WISE_W1
0 59272.37801047916 14.416739648777412 0.09653957162163544 WISE_W1
0 59435.52011198923 14.194127007853202 0.07713363490161812 WISE_W1
0 59638.80566431077 13.964413305763575 0.06255317264762873 WISE_W1
0 59801.961326362296 13.93637787465331 0.06576477717714661 WISE_W1
0 60002.929555178336 13.877167884869325 0.06589316901031717 WISE_W1
0 60166.026884816376 13.936092327731815 0.04117429190708206 WISE_W1
0 56718.796142406165 13.73644008584446 0.24932683333826153 WISE_W2
0 57080.75892160461 13.659887908807304 0.1258244291950037 WISE_W2
0 57258.29403467538 13.669831783931532 0.2017096601113802 WISE_W2
0 57445.34024662357 13.674329384825889 0.1868712997039976 WISE_W2
0 57618.54442460999 13.600034300183893 0.12631635873950417 WISE_W2
0 57812.13404423539 13.577798307211305 0.10625190565642258 WISE_W2
0 57978.98999105732 13.66920528477083 0.09964349786447017 WISE_W2
0 58176.27146129333 13.677826285692909 0.14780624986785898 WISE_W2
0 58339.39945205153 13.746686988127664 0.141149675058892 WISE_W2
0 58542.55818881824 13.762099497174518 0.3184700123856678 WISE_W2
0 58705.06357271266 13.824414441179023 0.2731822021207741 WISE_W2
0 58907.58100503077 13.79486188692338 0.1356415830534812 WISE_W2
0 59070.70423389929 13.064920166981423 0.4329812233757006 WISE_W2
0 59272.37801047916 13.459630876299755 0.12068577196818002 WISE_W2
0 59435.52011198923 13.196255987466305 0.09352074731050221 WISE_W2
0 59638.80566431077 12.996142613979863 0.11179270757726342 WISE_W2
0 59801.961326362296 12.951642068223595 0.05770502423953403 WISE_W2
0 60002.929555178336 12.897766764449313 0.1052345264423969 WISE_W2
0 60166.026884816376 12.928574728366485 0.0602470122025884 WISE_W2
0 58943.93581019994 20.22949981689453 0.2659569978713989 ZTF_g
0 58954.90111109987 19.793800354003903 0.1652700006961822 ZTF_g
0 58963.879236099776 19.99489974975586 0.1701869964599609 ZTF_g
0 58963.92017359985 19.948299407958984 0.1512330025434494 ZTF_g
0 58966.920648099855 19.88249969482422 0.1557939946651458 ZTF_g
0 58972.94160880009 19.718799591064453 0.1363289952278137 ZTF_g
0 58981.83155089989 19.93720054626465 0.2169400006532669 ZTF_g
0 58987.90593749983 19.80599975585937 0.1359799951314926 ZTF_g
0 58992.83603010001 19.714099884033203 0.1654330044984817 ZTF_g
0 58995.81589120021 19.72649955749512 0.1193210035562515 ZTF_g
0 58998.86165509978 19.82110023498535 0.1265860050916671 ZTF_g
0 59001.89458330022 19.832000732421875 0.1874549984931945 ZTF_g
0 59018.83700230019 19.834999084472656 0.1250270009040832 ZTF_g
0 59027.73255789978 19.833499908447266 0.1595820039510727 ZTF_g
0 59030.85149310017 19.522300720214844 0.1900449991226196 ZTF_g
0 59033.71002310002 19.39520072937012 0.3135989904403686 ZTF_g
0 59039.69258099981 19.781200408935547 0.1159700006246566 ZTF_g
0 59045.76291669998 19.81909942626953 0.1157319992780685 ZTF_g
0 59048.75350689981 19.80929946899414 0.1161300018429756 ZTF_g
0 59054.75277779997 19.8705997467041 0.1335860043764114 ZTF_g
0 59067.71039350005 19.66580009460449 0.1336109936237335 ZTF_g
0 59070.71077550016 19.782400131225582 0.1442209929227829 ZTF_g
0 59128.64993060008 19.304000854492188 0.1439619958400726 ZTF_g
0 59249.00792820007 19.310400009155277 0.1185519993305206 ZTF_g
0 59253.0302546001 19.38170051574707 0.0987169966101646 ZTF_g
0 59257.02679400006 19.381999969482425 0.0986829996109008 ZTF_g
0 59266.01978009986 19.330900192260746 0.1143160015344619 ZTF_g
0 59268.02746530017 19.336000442504883 0.1290709972381591 ZTF_g
0 59269.966319399886 19.19910049438477 0.1476899981498718 ZTF_g
0 59275.9884722 19.38330078125 0.2287999987602234 ZTF_g
0 59279.025358799845 19.27790069580078 0.1309269964694976 ZTF_g
0 59283.02435189998 19.230199813842773 0.0779260024428367 ZTF_g
0 59292.94160880009 19.147199630737305 0.0966259986162185 ZTF_g
0 59297.95865740022 19.160600662231445 0.1403270065784454 ZTF_g
0 59301.96192129981 19.45499992370605 0.3124459981918335 ZTF_g
0 59303.89909720002 19.03059959411621 0.228762000799179 ZTF_g
0 59306.92193289986 19.100400924682617 0.1271779984235763 ZTF_g
0 59308.96149310004 19.138500213623047 0.0940229967236518 ZTF_g
0 59310.92385420017 19.0939998626709 0.0956299975514411 ZTF_g
0 59312.9214931 19.125600814819336 0.1136730015277862 ZTF_g
0 59314.91692129988 19.06489944458008 0.0855970010161399 ZTF_g
0 59316.87767359987 19.08650016784668 0.068581998348236 ZTF_g
0 59319.93401619978 18.97050094604492 0.1048910021781921 ZTF_g
0 59322.9220718001 19.05010032653809 0.0914269983768463 ZTF_g
0 59324.88129629986 19.00779914855957 0.1050930023193359 ZTF_g
0 59328.85192129994 18.96910095214844 0.1269869953393936 ZTF_g
0 59334.95403939998 19.175899505615234 0.1506129950284958 ZTF_g
0 59339.879236099776 19.0359001159668 0.0789659991860389 ZTF_g
0 59342.87674769992 19.087299346923828 0.0906710028648376 ZTF_g
0 59345.90170140006 19.050500869750977 0.0933459997177124 ZTF_g
0 59349.8781365999 19.029800415039062 0.0807709991931915 ZTF_g
0 59353.85627309978 19.06209945678711 0.1073699966073036 ZTF_g
0 59358.92021990009 19.08300018310547 0.2017029970884323 ZTF_g
0 59361.82748840004 19.20400047302246 0.1996160000562667 ZTF_g
0 59363.77729169978 19.122699737548828 0.144115999341011 ZTF_g
0 59365.81481479993 19.05430030822754 0.0904499962925911 ZTF_g
0 59367.79671300016 19.10790061950684 0.1183499991893768 ZTF_g
0 59369.87527780002 19.08760070800781 0.078414000570774 ZTF_g
0 59371.87754630018 19.09749984741211 0.0959369987249374 ZTF_g
0 59376.858634300064 19.089599609375 0.1130129992961883 ZTF_g
0 59378.85318290023 19.10260009765625 0.080266997218132 ZTF_g
0 59380.79460649984 19.24180030822754 0.2334270030260086 ZTF_g
0 59382.79596060002 19.04840087890625 0.0962579995393753 ZTF_g
0 59386.85362270009 19.21759986877441 0.1944070011377334 ZTF_g
0 59390.72685190011 19.10610008239746 0.1364330053329467 ZTF_g
0 59393.82334489981 18.962499618530277 0.1119960024952888 ZTF_g
0 59395.77445599996 18.98110008239746 0.119946002960205 ZTF_g
0 59397.79171299981 19.078500747680664 0.0942550003528595 ZTF_g
0 59400.79546299996 19.00349998474121 0.0921519994735717 ZTF_g
0 59402.79628469981 19.005800247192383 0.0877809971570968 ZTF_g
0 59404.815196800046 19.082199096679688 0.1032159999012947 ZTF_g
0 59406.71306709992 19.047199249267575 0.1134120002388954 ZTF_g
0 59408.70767359994 19.0044002532959 0.0942019969224929 ZTF_g
0 59410.69126159977 19.01129913330078 0.1022799983620643 ZTF_g
0 59412.73266200023 18.94059944152832 0.0982320010662078 ZTF_g
0 59415.75280090002 18.84239959716797 0.1333920061588287 ZTF_g
0 59415.75280090002 18.84239959716797 0.1333920061588287 ZTF_g
0 59415.75280090002 18.84239959716797 0.1333920061588287 ZTF_g
0 59423.82010419993 19.07379913330078 0.1341210007667541 ZTF_g
0 59425.73289350001 18.968299865722656 0.0997539982199668 ZTF_g
0 59427.73159720004 18.936599731445312 0.0891899988055229 ZTF_g
0 59429.7531365999 18.97450065612793 0.0932649970054626 ZTF_g
0 59434.7113541998 18.919300079345703 0.0828799977898597 ZTF_g
0 59436.73410880007 18.93869972229004 0.0868860036134719 ZTF_g
0 59439.67480320018 18.944599151611328 0.1166099980473518 ZTF_g
0 59443.692036999855 18.95870018005371 0.1785610020160675 ZTF_g
0 59447.67826389987 19.048200607299805 0.1559139937162399 ZTF_g
0 59450.71215280006 19.05039978027344 0.2081239968538284 ZTF_g
0 59454.69365740009 18.99810028076172 0.0848200023174285 ZTF_g
0 59457.7216897998 18.983200073242188 0.0859050005674362 ZTF_g
0 59460.67291670013 18.955799102783203 0.0911910012364387 ZTF_g
0 59464.65173610021 19.006000518798828 0.0941639989614486 ZTF_g
0 59464.65173610021 19.006000518798828 0.0941639989614486 ZTF_g
0 59466.72828700021 19.099000930786133 0.125009000301361 ZTF_g
0 59468.65017359983 18.9734001159668 0.0966579988598823 ZTF_g
0 59470.71379629988 18.827999114990234 0.1313779950141906 ZTF_g
0 59476.6651157001 19.146299362182617 0.2070470005273819 ZTF_g
0 59478.65141199995 18.89119911193848 0.1668840050697326 ZTF_g
0 59480.66439810023 18.776500701904297 0.1174810007214546 ZTF_g
0 59485.674363399856 19.016700744628903 0.1925289928913116 ZTF_g
0 59622.018969899975 18.86050033569336 0.1176259964704513 ZTF_g
0 59622.018969899975 18.864500045776367 0.1165649965405464 ZTF_g
0 59624.03978009988 18.76759910583496 0.0758629962801933 ZTF_g
0 59626.02677079989 18.94409942626953 0.1956000030040741 ZTF_g
0 59628.99653939996 18.74690055847168 0.1338880062103271 ZTF_g
0 59630.966678199824 18.786699295043945 0.104154996573925 ZTF_g
0 59638.02052079979 18.78919982910156 0.1460860073566436 ZTF_g
0 59642.00666669989 18.820049285888672 0.0852359980344772 ZTF_g
0 59673.91981479991 18.935699462890625 0.09808000177145 ZTF_g
0 59673.91981479991 18.909799575805664 0.1004870012402534 ZTF_g
0 59679.832314800005 18.88279914855957 0.1500229984521865 ZTF_g
0 59685.8980208002 18.908700942993164 0.1958280056715011 ZTF_g
0 59690.92045139987 19.177000045776367 0.1373949944972992 ZTF_g
0 59694.919178199954 19.073400497436523 0.1387690007686615 ZTF_g
0 59698.93775459984 19.09760093688965 0.1015150025486946 ZTF_g
0 59700.85785879986 18.964500427246094 0.0964559987187385 ZTF_g
0 59702.94249999989 18.97319984436035 0.0993980020284652 ZTF_g
0 59710.9375 19.04610061645508 0.1059829965233802 ZTF_g
0 59712.94253470004 18.97760009765625 0.1219310015439987 ZTF_g
0 59714.81927079987 18.84289932250977 0.1409469991922378 ZTF_g
0 59725.837303199805 19.146900177001957 0.0987310037016868 ZTF_g
0 59729.90282410011 19.06209945678711 0.1169639974832534 ZTF_g
0 59732.90229169978 19.14780044555664 0.0964720025658607 ZTF_g
0 59734.81527779997 19.185699462890625 0.099210999906063 ZTF_g
0 59736.79483800009 19.18790054321289 0.1044109985232353 ZTF_g
0 59738.8790972 19.17779922485352 0.0945449993014335 ZTF_g
0 59740.87868059985 19.250999450683597 0.1397259980440139 ZTF_g
0 59748.77199070016 19.248199462890625 0.1147560030221939 ZTF_g
0 59750.771863400005 19.21780014038086 0.1085200011730194 ZTF_g
0 59752.79716440011 19.242799758911133 0.1047889962792396 ZTF_g
0 59757.75292820018 19.27510070800781 0.1276739984750747 ZTF_g
0 59757.7943171002 19.202899932861328 0.1274430006742477 ZTF_g
0 59759.77597220009 19.20219993591309 0.1003599986433982 ZTF_g
0 59761.794375000056 19.27079963684082 0.0955469980835914 ZTF_g
0 59765.77310189977 19.268400192260746 0.0991199985146522 ZTF_g
0 59768.79631939996 19.282400131225582 0.1234529986977577 ZTF_g
0 59770.72877309984 19.296600341796875 0.1334549933671951 ZTF_g
0 59770.7973495 19.298200607299805 0.141631007194519 ZTF_g
0 59781.75452549989 19.24169921875 0.10572399944067 ZTF_g
0 59783.79192129988 19.16790008544922 0.1065490022301673 ZTF_g
0 59785.73144679982 19.209800720214844 0.1081800013780593 ZTF_g
0 59787.74989579991 19.269500732421875 0.1106529980897903 ZTF_g
0 59789.69200230017 19.300500869750977 0.1038589999079704 ZTF_g
0 59794.715104199946 19.23730087280273 0.114326998591423 ZTF_g
0 59797.73365740013 19.350400924682617 0.1280959993600845 ZTF_g
0 59803.69650459988 19.408700942993164 0.1902569979429245 ZTF_g
0 59806.676411999855 19.313499450683597 0.0887650027871131 ZTF_g
0 59808.73668979993 19.30069923400879 0.1302510052919387 ZTF_g
0 59810.696006900165 19.28280067443848 0.1325079947710037 ZTF_g
0 59813.779386600014 19.20800018310547 0.1842750012874603 ZTF_g
0 59815.70565970009 19.301700592041016 0.1151819974184036 ZTF_g
0 59817.6704051001 19.375900268554688 0.1165499985218048 ZTF_g
0 59819.65947919991 19.36359977722168 0.104823999106884 ZTF_g
0 59823.69178240001 19.38039970397949 0.1450420022010803 ZTF_g
0 59825.73320600018 19.27569961547852 0.1597010046243667 ZTF_g
0 59828.70798610011 19.44239997863769 0.2763000130653381 ZTF_g
0 59837.64214120014 19.256200790405277 0.1072139963507652 ZTF_g
0 59840.63714119978 19.350500106811523 0.0968869999051094 ZTF_g
0 59840.65281250002 19.42200088500977 0.115555003285408 ZTF_g
0 59842.63978009997 19.358400344848636 0.1326189935207367 ZTF_g
0 59844.68324070005 19.417699813842773 0.1533669978380203 ZTF_g
0 59846.68763889978 19.29199981689453 0.1378390043973922 ZTF_g
0 59848.634120400064 19.39460182189941 0.1470319181680679 ZTF_g
0 59969.03115739999 19.49959945678711 0.1840890049934387 ZTF_g
0 59973.04017359996 19.279800415039062 0.1691180020570755 ZTF_g
0 59986.01650460018 19.55620002746582 0.2091200053691864 ZTF_g
0 59995.025254600216 19.259599685668945 0.1264439970254898 ZTF_g
0 60016.98690970009 19.373300552368164 0.1369670033454895 ZTF_g
0 60043.95048609981 19.432600021362305 0.2085819989442825 ZTF_g
0 60045.96276619984 19.630800247192383 0.1667930036783218 ZTF_g
0 60049.95548610017 19.545700073242188 0.1288550049066543 ZTF_g
0 60051.86947919987 19.56130027770996 0.1216730028390884 ZTF_g
0 60053.96493060002 19.55190086364746 0.1390610039234161 ZTF_g
0 60055.94722220022 19.66010093688965 0.1271290034055709 ZTF_g
0 60057.96606480004 19.535200119018555 0.1475690007209777 ZTF_g
0 60059.964826399926 19.552400588989254 0.1345909982919693 ZTF_g
0 60061.8997105998 19.59429931640625 0.1243090033531189 ZTF_g
0 60063.95660880022 19.625099182128903 0.1492259949445724 ZTF_g
0 60067.9443518999 19.52239990234375 0.3547050058841705 ZTF_g
0 60075.9617360998 19.638900756835938 0.1825390011072158 ZTF_g
0 60078.83600689983 19.817800521850582 0.1277910023927688 ZTF_g
0 60081.82151619997 19.70870018005371 0.1250859946012497 ZTF_g
0 60084.87493060017 19.75690078735352 0.1750079989433288 ZTF_g
0 60086.78803239996 19.74850082397461 0.1322579979896545 ZTF_g
0 60088.83196760016 19.68269920349121 0.1362130045890808 ZTF_g
0 60092.830821800046 19.6028995513916 0.1572020053863525 ZTF_g
0 60094.91021989984 19.74810028076172 0.1231530010700225 ZTF_g
0 60110.77650459996 19.813400268554688 0.1613450050354004 ZTF_g
0 60112.85797449993 19.89520072937012 0.1707070022821426 ZTF_g
0 60114.77607640019 19.843799591064453 0.1199110001325607 ZTF_g
0 60116.84964120016 19.81130027770996 0.2091100066900253 ZTF_g
0 60118.770161999855 19.827899932861328 0.2014890015125274 ZTF_g
0 60120.91412039986 19.84029960632324 0.1616590023040771 ZTF_g
0 60122.82416669978 19.87470054626465 0.2510649859905243 ZTF_g
0 60126.89608799992 19.571800231933597 0.2423900067806244 ZTF_g
0 60136.83789349999 19.86260032653809 0.1442510038614273 ZTF_g
0 60138.7354282001 19.81209945678711 0.1889950037002563 ZTF_g
0 60143.757696799934 19.81879997253418 0.1364050060510635 ZTF_g
0 60145.74896989996 19.804399490356445 0.1567939966917038 ZTF_g
0 60147.84082179982 19.69289970397949 0.209975004196167 ZTF_g
0 60153.77460649982 19.819799423217773 0.2280039936304092 ZTF_g
0 60161.69048610004 20.07469940185547 0.1977050006389618 ZTF_g
0 60171.693726900034 19.994400024414062 0.1704230010509491 ZTF_g
0 60173.692291699816 19.74875831604004 0.1378739327192306 ZTF_g
0 58915.03825230012 20.44219970703125 0.2672390043735504 ZTF_r
0 58937.004745400045 20.16230010986328 0.2380910068750381 ZTF_r
0 58943.976736099925 20.00320053100586 0.1826249957084655 ZTF_r
0 58955.0004166998 19.857500076293945 0.1432760059833526 ZTF_r
0 58969.873923600186 19.822200775146484 0.2360599935054779 ZTF_r
0 58972.90020829998 19.72069931030273 0.2473459988832473 ZTF_r
0 58981.903819399886 19.94050025939941 0.1758960038423538 ZTF_r
0 58984.90065969992 20.000999450683597 0.2122000008821487 ZTF_r
0 58987.83697920013 19.781200408935547 0.1369380056858062 ZTF_r
0 58992.80971059995 19.92770004272461 0.156698003411293 ZTF_r
0 58995.77415509988 19.78870010375977 0.1517360061407089 ZTF_r
0 59001.77457180014 19.77639961242676 0.1795029938220977 ZTF_r
0 59009.85986110009 20.11709976196289 0.329708993434906 ZTF_r
0 59012.771574100014 19.872499465942383 0.1114820018410682 ZTF_r
0 59015.81615740014 19.7908992767334 0.1433189958333969 ZTF_r
0 59024.74339119997 19.70560073852539 0.1430169939994812 ZTF_r
0 59027.79010420013 19.819900512695312 0.1826059967279434 ZTF_r
0 59036.77530089999 19.57460021972656 0.2291180044412613 ZTF_r
0 59039.73324069986 19.792600631713867 0.1158730015158653 ZTF_r
0 59042.75027780002 19.754600524902344 0.1712879985570907 ZTF_r
0 59048.74548610021 19.877500534057617 0.173126995563507 ZTF_r
0 59051.74280089978 19.89739990234375 0.1881480067968368 ZTF_r
0 59054.68999999994 19.79640007019043 0.1917220056056976 ZTF_r
0 59067.775879600085 19.851600646972656 0.1944970041513443 ZTF_r
0 59130.62181709986 19.335899353027344 0.1396940052509308 ZTF_r
0 59218.06918979995 19.019399642944336 0.1763370037078857 ZTF_r
0 59219.05988429999 19.61669921875 0.2336429953575134 ZTF_r
0 59219.06233800016 19.345600128173828 0.1717530041933059 ZTF_r
0 59219.06479169987 19.507200241088867 0.1766210049390792 ZTF_r
0 59219.06969910022 19.270099639892575 0.1614920049905777 ZTF_r
0 59220.06008099997 19.241199493408203 0.1655289977788925 ZTF_r
0 59220.0625 19.570499420166016 0.2022649943828582 ZTF_r
0 59220.06732639996 19.40749931335449 0.2006839960813522 ZTF_r
0 59220.06974539999 19.34760093688965 0.2009650021791458 ZTF_r
0 59222.0729398001 19.19059944152832 0.2043180018663406 ZTF_r
0 59222.075358800124 19.369800567626957 0.2237250059843063 ZTF_r
0 59222.07777780015 19.106300354003903 0.1590269953012466 ZTF_r
0 59223.06578700012 19.37660026550293 0.2087190002202987 ZTF_r
0 59224.07047449984 19.5177001953125 0.2021660059690475 ZTF_r
0 59224.07285880018 19.27359962463379 0.1903350055217743 ZTF_r
0 59224.07524310006 19.39349937438965 0.1931110024452209 ZTF_r
0 59225.07148149982 19.38450050354004 0.2704280018806457 ZTF_r
0 59225.07390049985 19.38409996032715 0.2396930009126663 ZTF_r
0 59225.07630789978 19.30909919738769 0.2272440046072006 ZTF_r
0 59225.07872689981 19.260099411010746 0.2981959879398346 ZTF_r
0 59227.07199069997 19.43000030517578 0.1916799992322921 ZTF_r
0 59227.07436340023 19.30290031433105 0.1423709988594055 ZTF_r
0 59228.06996530015 19.36669921875 0.1380009949207306 ZTF_r
0 59228.07240739977 19.551000595092773 0.1843370050191879 ZTF_r
0 59228.07486109994 19.380800247192383 0.1744340062141418 ZTF_r
0 59228.07730320003 19.681299209594727 0.2379339933395385 ZTF_r
0 59229.05854169978 19.38360023498535 0.1439799964427948 ZTF_r
0 59229.06101850001 19.567100524902344 0.1672469973564148 ZTF_r
0 59229.06350689987 19.33449935913086 0.1339199990034103 ZTF_r
0 59229.06598380022 19.40819931030273 0.1363079994916916 ZTF_r
0 59229.06846059999 19.522499084472656 0.1622370034456253 ZTF_r
0 59230.07204859983 19.603900909423828 0.3152450025081634 ZTF_r
0 59231.0693171001 19.387399673461918 0.156042993068695 ZTF_r
0 59231.07170139998 19.38640022277832 0.1610890030860901 ZTF_r
0 59231.07407409977 19.338600158691406 0.1971469968557357 ZTF_r
0 59231.078854199965 19.36160087585449 0.2790150046348572 ZTF_r
0 59249.04135419987 19.336700439453125 0.1752000004053115 ZTF_r
0 59251.04225690011 19.293500900268555 0.1281010061502456 ZTF_r
0 59253.00400459999 19.34259986877441 0.1074310019612312 ZTF_r
0 59263.99951389991 19.268999099731445 0.2058439999818802 ZTF_r
0 59266.0247105998 19.25860023498535 0.1073819994926452 ZTF_r
0 59270.02151620016 19.45120048522949 0.1718959957361221 ZTF_r
0 59271.98481479986 19.29560089111328 0.2143229991197586 ZTF_r
0 59283.00630789995 19.245800018310547 0.1130049973726272 ZTF_r
0 59292.964513900224 19.211700439453125 0.1199750006198883 ZTF_r
0 59295.98255789978 19.19379997253418 0.1131329983472824 ZTF_r
0 59297.92130789999 19.01799964904785 0.1195069998502731 ZTF_r
0 59301.92033560015 19.210599899291992 0.2107750028371811 ZTF_r
0 59303.938865699805 18.993200302124023 0.1523610055446624 ZTF_r
0 59310.94521989999 19.138900756835938 0.1189619973301887 ZTF_r
0 59312.89502310008 19.08889961242676 0.0845139995217323 ZTF_r
0 59316.90079860017 19.13920021057129 0.0890080034732818 ZTF_r
0 59319.89156250004 19.20829963684082 0.1215720027685165 ZTF_r
0 59322.811122700106 19.14929962158203 0.1309709995985031 ZTF_r
0 59324.8390740999 19.057300567626957 0.1062470003962516 ZTF_r
0 59324.8390740999 19.057300567626957 0.1062470003962516 ZTF_r
0 59324.8390740999 19.057300567626957 0.1062470003962516 ZTF_r
0 59328.81263889978 19.16519927978516 0.1229059994220733 ZTF_r
0 59334.89745370019 19.08060073852539 0.1222850009799003 ZTF_r
0 59336.89275459992 19.018489837646484 0.1118019968271255 ZTF_r
0 59336.89275459992 19.01849937438965 0.1118019968271255 ZTF_r
0 59336.89275459992 19.01849937438965 0.1118019968271255 ZTF_r
0 59339.83620369993 19.06739997863769 0.0837360024452209 ZTF_r
0 59342.918530100025 19.13570022583008 0.1282159984111786 ZTF_r
0 59345.94238429982 19.102100372314453 0.0874530002474784 ZTF_r
0 59355.86001159996 19.07699966430664 0.1567420065402984 ZTF_r
0 59358.84037039988 18.96949958801269 0.1506620049476623 ZTF_r
0 59361.88006940018 19.132999420166016 0.1857630014419555 ZTF_r
0 59363.885254600085 19.201000213623047 0.1512659937143325 ZTF_r
0 59367.856053200085 19.082199096679688 0.110446996986866 ZTF_r
0 59369.92118059984 18.996000289916992 0.1142359972000122 ZTF_r
0 59371.83767359983 19.07550048828125 0.1007310003042221 ZTF_r
0 59374.77686339989 19.219900131225582 0.1792770028114318 ZTF_r
0 59376.7937384001 19.141700744628903 0.1170509979128837 ZTF_r
0 59378.80733799981 19.212400436401367 0.100391998887062 ZTF_r
0 59380.8385648001 19.068199157714844 0.1309020072221756 ZTF_r
0 59382.81734950002 19.0314998626709 0.1256469935178756 ZTF_r
0 59384.82285880018 19.11199951171875 0.1326580047607422 ZTF_r
0 59386.71033560019 19.043699264526367 0.216729998588562 ZTF_r
0 59390.833171300124 18.995899200439453 0.1459279954433441 ZTF_r
0 59393.73127309978 19.09480094909668 0.0956059992313385 ZTF_r
0 59397.83717590012 19.119199752807617 0.0894460007548332 ZTF_r
0 59402.75434029987 19.00919914245605 0.1121250018477439 ZTF_r
0 59404.79608799983 19.03580093383789 0.1086340025067329 ZTF_r
0 59406.76821759995 19.041900634765625 0.0972950011491775 ZTF_r
0 59408.7323264 18.929500579833984 0.0875879973173141 ZTF_r
0 59410.74856479978 19.022899627685547 0.1158500015735626 ZTF_r
0 59412.87534719985 18.87879943847656 0.1148620024323463 ZTF_r
0 59415.6907060002 19.07410049438477 0.1311260014772415 ZTF_r
0 59415.6907060002 19.07410049438477 0.1311260014772415 ZTF_r
0 59415.6907060002 19.07410049438477 0.1311260014772415 ZTF_r
0 59423.75011570007 18.92620086669922 0.1960729956626892 ZTF_r
0 59425.69208330009 19.034400939941406 0.1064789965748786 ZTF_r
0 59427.71266200021 19.046899795532227 0.1128709986805915 ZTF_r
0 59436.71347220009 19.04129981994629 0.0902820006012916 ZTF_r
0 59441.67004630016 19.03420066833496 0.164902001619339 ZTF_r
0 59443.760243100114 19.012399673461918 0.2489040046930313 ZTF_r
0 59447.713935200125 18.96759986877441 0.1454609930515289 ZTF_r
0 59450.6729282001 19.053699493408203 0.1532299965620041 ZTF_r
0 59452.693449100014 19.052400588989254 0.1008019968867302 ZTF_r
0 59460.6931713 19.10790061950684 0.1240300014615058 ZTF_r
0 59464.72857639985 19.039400100708008 0.1018150001764297 ZTF_r
0 59464.72857639985 19.039400100708008 0.1018150001764297 ZTF_r
0 59466.64855320007 19.006999969482425 0.0884729996323585 ZTF_r
0 59468.72704860009 19.00069999694824 0.1196110025048255 ZTF_r
0 59470.66545139998 19.05470085144043 0.1067619994282722 ZTF_r
0 59473.65134260012 19.029800415039062 0.151855006814003 ZTF_r
0 59476.67711810023 19.015600204467773 0.1579820066690445 ZTF_r
0 59478.67083329987 18.999000549316406 0.1815039962530136 ZTF_r
0 59480.67162040016 19.147199630737305 0.2042869925498962 ZTF_r
0 59487.63267360022 18.974899291992188 0.1188020035624504 ZTF_r
0 59489.65158559987 18.964099884033203 0.1032840013504028 ZTF_r
0 59491.65065969992 19.076929092407227 0.1289000064134597 ZTF_r
0 59622.027673599776 18.872900009155277 0.1034339964389801 ZTF_r
0 59622.027673599776 18.872800827026367 0.1037089973688125 ZTF_r
0 59625.991169000044 18.800199508666992 0.1297519952058792 ZTF_r
0 59629.038310199976 18.94070053100586 0.1092350035905838 ZTF_r
0 59631.00795139978 18.893299102783203 0.1079830005764961 ZTF_r
0 59640.02541670017 18.83390045166016 0.1207159981131553 ZTF_r
0 59641.957314800005 18.8356990814209 0.080044999718666 ZTF_r
0 59673.8947222 18.98929977416992 0.1041430011391639 ZTF_r
0 59673.8947222 18.97360038757324 0.1061659976840019 ZTF_r
0 59675.92141199997 19.019699096679688 0.1349789947271347 ZTF_r
0 59677.92193289986 18.927499771118164 0.0916299968957901 ZTF_r
0 59679.880949100014 19.03720092773437 0.1069379970431327 ZTF_r
0 59683.89942129981 18.944299697875977 0.1042300015687942 ZTF_r
0 59685.85269680014 19.04520034790039 0.1907529979944229 ZTF_r
0 59690.96229169984 19.01729965209961 0.1489930003881454 ZTF_r
0 59694.818414399866 18.901500701904297 0.1252560019493103 ZTF_r
0 59696.942615699954 19.06290054321289 0.1219440028071403 ZTF_r
0 59698.91695600003 19.078800201416016 0.0929279997944831 ZTF_r
0 59700.8931481 19.005599975585938 0.0802939981222152 ZTF_r
0 59702.89857639978 19.06220054626465 0.1118070036172866 ZTF_r
0 59708.85703699989 18.893199920654297 0.1621620059013366 ZTF_r
0 59708.92138889991 18.980199813842773 0.1182980015873909 ZTF_r
0 59710.87781250011 19.00320053100586 0.1007919982075691 ZTF_r
0 59712.87850689981 19.06110000610352 0.1080460026860237 ZTF_r
0 59714.85861109989 19.08970069885254 0.1418219953775406 ZTF_r
0 59718.808576399926 19.06430053710937 0.1295560002326965 ZTF_r
0 59718.87914349977 19.12660026550293 0.1260419934988021 ZTF_r
0 59721.814976899885 19.059799194335938 0.088699996471405 ZTF_r
0 59721.87892360008 19.13940048217773 0.0967530012130737 ZTF_r
0 59723.83098379988 19.114900588989254 0.0831210017204284 ZTF_r
0 59734.752847199794 19.07460021972656 0.1176109984517097 ZTF_r
0 59736.85390050011 19.17620086669922 0.0827519968152046 ZTF_r
0 59738.79453699989 19.167699813842773 0.1212780028581619 ZTF_r
0 59740.83771990007 19.35169982910156 0.1507219970226287 ZTF_r
0 59742.77306709997 19.16939926147461 0.1873780041933059 ZTF_r
0 59748.81579860021 19.260099411010746 0.1231340020895004 ZTF_r
0 59755.79668979999 19.233400344848636 0.1110830008983612 ZTF_r
0 59761.839803200215 19.207500457763672 0.1269290000200271 ZTF_r
0 59763.79662040016 19.326000213623047 0.1147679984569549 ZTF_r
0 59765.8195369998 19.251100540161133 0.1078500002622604 ZTF_r
0 59772.74768520007 19.33300018310547 0.2332150042057037 ZTF_r
0 59772.79832179984 19.325899124145508 0.15761399269104 ZTF_r
0 59774.72942129988 19.19569969177246 0.1741800010204315 ZTF_r
0 59774.770671300124 19.406099319458008 0.202344998717308 ZTF_r
0 59776.73239579983 19.310699462890625 0.1230709999799728 ZTF_r
0 59776.832013899926 19.248300552368164 0.1441230028867721 ZTF_r
0 59779.75534720021 19.35110092163086 0.116968996822834 ZTF_r
0 59779.79716440011 19.332399368286133 0.1250440031290054 ZTF_r
0 59783.76996529987 19.268699645996094 0.1154289990663528 ZTF_r
0 59785.77597220009 19.21839904785156 0.1356129944324493 ZTF_r
0 59789.73173609981 19.235300064086918 0.0979989990592002 ZTF_r
0 59791.69249999989 19.28470039367676 0.1308030039072036 ZTF_r
0 59794.75438660011 19.152000427246094 0.11752700060606 ZTF_r
0 59797.71850690013 19.299699783325195 0.0988389998674392 ZTF_r
0 59806.69347220007 19.40749931335449 0.1327569931745529 ZTF_r
0 59808.72429399984 19.373300552368164 0.1487810015678405 ZTF_r
0 59810.678113400005 19.36930084228516 0.1075479984283447 ZTF_r
0 59813.67118059984 19.3031005859375 0.1153300032019615 ZTF_r
0 59815.67075229995 19.289600372314453 0.1284209936857223 ZTF_r
0 59817.70275459997 19.398799896240234 0.1618749946355819 ZTF_r
0 59819.705868099816 19.330900192260746 0.1188680008053779 ZTF_r
0 59821.73943290021 19.335599899291992 0.139273002743721 ZTF_r
0 59828.667060200125 19.21050071716309 0.1789730042219162 ZTF_r
0 59842.68744210014 19.52519989013672 0.1532499939203262 ZTF_r
0 59844.63457180001 19.33819961547852 0.1401170045137405 ZTF_r
0 59986.03508100007 19.510099411010746 0.2203949987888336 ZTF_r
0 60016.9682755 19.757200241088867 0.1844500005245208 ZTF_r
0 60021.96238429984 19.577299118041992 0.1450300067663192 ZTF_r
0 60032.9267477002 19.546499252319336 0.1405480057001114 ZTF_r
0 60043.963425899856 19.42770004272461 0.1428540050983429 ZTF_r
0 60045.94076390006 19.46199989318848 0.1315039992332458 ZTF_r
0 60049.93493060023 19.450199127197266 0.1142959967255592 ZTF_r
0 60051.9229282001 19.602399826049805 0.107243001461029 ZTF_r
0 60053.94048610004 19.595800399780277 0.1274760067462921 ZTF_r
0 60055.8776273001 19.58919906616211 0.1548060029745102 ZTF_r
0 60057.93386569992 19.64699935913086 0.1492110043764114 ZTF_r
0 60059.936192099936 19.690900802612305 0.167836993932724 ZTF_r
0 60063.89864580007 19.83370018005371 0.209539994597435 ZTF_r
0 60067.87052079989 19.549400329589844 0.2366880029439926 ZTF_r
0 60075.83320599981 19.695899963378903 0.1755730062723159 ZTF_r
0 60078.91868059989 19.5856990814209 0.1278759986162185 ZTF_r
0 60081.89402779983 19.745500564575195 0.156697005033493 ZTF_r
0 60084.93722219998 19.75849914550781 0.1965129971504211 ZTF_r
0 60086.85693289992 19.879100799560547 0.1479119956493377 ZTF_r
0 60088.85766200023 19.770700454711918 0.1560830026865005 ZTF_r
0 60090.81445599999 19.7278995513916 0.181440994143486 ZTF_r
0 60092.8744907002 19.69499969482422 0.1409350037574768 ZTF_r
0 60101.86590280011 19.71030044555664 0.2594769895076751 ZTF_r
0 60103.794930600096 19.64189910888672 0.1720110028982162 ZTF_r
0 60110.8379861 19.735599517822266 0.1226729974150657 ZTF_r
0 60112.77517359983 19.77519989013672 0.1784719973802566 ZTF_r
0 60114.8396528 19.692800521850582 0.1381220072507858 ZTF_r
0 60116.77475690004 19.709400177001957 0.1152630001306533 ZTF_r
0 60120.763680600096 19.742900848388672 0.152988001704216 ZTF_r
0 60122.77491899999 19.866600036621094 0.1752880066633224 ZTF_r
0 60124.74370370014 19.671499252319336 0.2113679945468902 ZTF_r
0 60128.81600689981 19.6072998046875 0.2472500056028366 ZTF_r
0 60134.71232639998 19.80340003967285 0.1265739947557449 ZTF_r
0 60136.793854199816 19.842500686645508 0.1777620017528534 ZTF_r
0 60140.76788190007 19.84199905395508 0.1429339945316314 ZTF_r
0 60143.83817130001 19.777099609375 0.1642239987850189 ZTF_r
0 60147.770740699954 19.868799209594727 0.1626970022916793 ZTF_r
0 60149.75464119995 19.721099853515625 0.1450770050287246 ZTF_r
0 60151.70041669998 19.86230087280273 0.2210379987955093 ZTF_r
0 60153.748703700025 19.705699920654297 0.1855259984731674 ZTF_r
0 60158.73112270003 19.490100860595703 0.2770079970359802 ZTF_r
0 60161.6765509001 19.90019989013672 0.1705790013074875 ZTF_r
0 60165.7134606 19.950300216674805 0.1774760037660598 ZTF_r
0 60169.791481500026 20.04330062866211 0.2591300010681152 ZTF_r
0 60171.71187500004 19.742700576782227 0.1895750015974044 ZTF_r
0 60173.68744210014 19.876399993896484 0.1693699955940246 ZTF_r
