MJD mag magerr band
59451.4055928156 20.1355 0.201791 PS_i
59451.3939187247 20.1487 0.20297 PS_i
59451.3705461851 20.2428 0.305215 PS_i
59448.3380551901 20.2875 0.294671 PS_i
59033.307353675 19.2832 0.122776 PS_i
59033.2956059115 19.4296 0.0982077 PS_i
59033.2838746579 19.2746 0.0929785 PS_i
59033.2721136604 19.2315 0.175999 PS_i
58973.5032728315 19.0193 0.0719221 PS_i
58973.4914409517 19.0499 0.0727566 PS_i
58973.4796153122 19.0481 0.0734791 PS_i
58973.4677871581 19.1155 0.0817283 PS_i
58947.5640603472 18.7259 0.214352 PS_i
58947.5521552916 18.7325 0.184181 PS_i
58947.5403365156 18.9 0.154001 PS_i
58947.5284917535 18.6973 0.126047 PS_i
60194.3254037486 20.432 0.053908 PS_w
60194.3006056527 20.532 0.0913126 PS_w
60194.2883959817 20.4734 0.0600951 PS_w
60137.3255710462 20.2542 0.20061 PS_w
60137.3132672211 20.2949 0.133159 PS_w
60137.3009926261 20.3033 0.0615545 PS_w
60137.2888984781 20.3487 0.0720899 PS_w
60120.3824556358 20.5239 0.160972 PS_w
60120.3704407946 20.4917 0.159497 PS_w
60120.3587285713 20.6256 0.237506 PS_w
60120.3470698366 20.5579 0.227985 PS_w
60116.3564909528 20.4597 0.0685258 PS_w
60116.3451276571 20.4463 0.0569776 PS_w
60116.3337725382 20.5132 0.0632897 PS_w
60116.3224046561 20.4143 0.0490319 PS_w
60112.5409495058 20.4628 0.0780631 PS_w
60112.5286633777 20.4045 0.0598723 PS_w
60112.5163983629 20.3285 0.0365698 PS_w
60112.5040565222 20.3168 0.043794 PS_w
60090.4186481779 20.2069 0.0469267 PS_w
60090.4062529658 20.2202 0.0784261 PS_w
60090.3939672559 20.3581 0.104692 PS_w
60090.3816593569 20.2971 0.0668014 PS_w
59852.2669289048 20.3298 0.138293 PS_w
59852.2552362316 20.1689 0.116013 PS_w
59852.2434853498 20.3225 0.13672 PS_w
59852.2319087204 20.2272 0.0540087 PS_w
59827.2841581386 20.1379 0.177473 PS_w
59827.2738789752 19.9786 0.107089 PS_w
59827.2635449245 20.0761 0.148459 PS_w
59827.2533501801 20.0405 0.147827 PS_w
59820.2688043205 20.1125 0.0489005 PS_w
59820.2565583167 20.113 0.0771121 PS_w
59498.2450807458 20.8368 0.28663 PS_w
59498.2331396312 20.8047 0.25583 PS_w
59498.2211952881 20.7968 0.227538 PS_w
59440.3567223555 20.5192 0.156236 PS_w
59440.3436056911 20.4201 0.0845873 PS_w
59440.3304889169 20.5246 0.107377 PS_w
59440.3173897826 20.6511 0.218647 PS_w
59370.5497961853 20.5029 0.164263 PS_w
59370.537363917 20.4081 0.0826973 PS_w
59370.5249106162 20.6561 0.114728 PS_w
59370.5124469525 20.4167 0.0604811 PS_w
59352.5936176575 20.6517 0.178962 PS_w
59352.5812559513 20.8276 0.262083 PS_w
59352.5689374115 20.7046 0.192428 PS_w
59352.5566640053 20.7191 0.158372 PS_w
59019.372422069 19.2442 0.0272842 PS_w
59019.360342423 19.2759 0.0696995 PS_w
59019.3482779651 19.2438 0.0694632 PS_w
59019.3362161354 19.2674 0.0483195 PS_w
58669.4553364202 18.2128 0.00887609 PS_w
58669.443785488 18.1979 0.00976212 PS_w
58669.4321832844 18.213 0.0106072 PS_w
58669.4205989731 18.218 0.0110928 PS_w
58642.545105334 18.4723 0.0163022 PS_w
58642.5334762675 18.4736 0.0209352 PS_w
58642.5218392219 18.4763 0.0203519 PS_w
58642.5101753487 18.4439 0.0205381 PS_w
59468.2372568752 20.5788 0.0902231 PS_w
59462.3239172023 20.6781 0.234474 PS_w
59462.3123987195 20.5574 0.202336 PS_w
59462.3008621876 20.4912 0.141377 PS_w
59462.2976761317 20.5066 0.191241 PS_w
59462.2893176218 20.6601 0.242147 PS_w
59080.3406426226 19.5048 0.0634355 PS_w
59080.3282626089 19.514 0.0466663 PS_w
59080.3159090206 19.5151 0.0356129 PS_w
59080.3035441446 19.5717 0.0382461 PS_w
59075.3897868515 19.4359 0.095271 PS_w
59075.3891499123 19.4406 0.0691717 PS_w
59075.3782588242 19.4664 0.115942 PS_w
59075.3776225649 19.4427 0.0621655 PS_w
59075.3667207203 19.4555 0.114287 PS_w
59075.3660827834 19.4082 0.0732861 PS_w
59075.3551733239 19.4726 0.0975602 PS_w
59075.3545359463 19.4367 0.0578694 PS_w
59053.3829328487 19.3934 0.0406085 PS_w
59053.3719645877 19.3819 0.0370763 PS_w
59053.3608449502 19.3765 0.0310692 PS_w
59048.4113838122 19.3433 0.0448253 PS_w
59048.4002123185 19.2731 0.0502719 PS_w
59048.3890555496 19.2936 0.0476819 PS_w
59048.3779467028 19.3434 0.0491648 PS_w
59044.3087071879 19.216 0.0332236 PS_w
59044.2960014198 19.2445 0.0661387 PS_w
59044.2834321374 19.2066 0.0548821 PS_w
59044.2709021052 19.239 0.056982 PS_w
58999.5520851027 19.1212 0.0348362 PS_w
58999.5416004568 19.0983 0.0252392 PS_w
58999.5311039631 19.1123 0.021417 PS_w
58999.5206176051 19.1143 0.0230388 PS_w
58996.5820938107 19.2037 0.178711 PS_w
58996.5696401727 19.071 0.0705425 PS_w
58996.5571624926 19.0485 0.0565814 PS_w
58996.5447093011 19.0933 0.0444474 PS_w
58986.59436 19.0416 0.0391324 PS_w
58986.5819004369 19.0568 0.0385244 PS_w
58986.5694176233 19.059 0.0343228 PS_w
58986.5569670199 19.0572 0.0347802 PS_w
58969.5003263648 18.9799 0.0351155 PS_w
58969.489118671 18.9726 0.0645106 PS_w
58969.4779377202 18.9099 0.0733031 PS_w
58969.4667620356 18.9789 0.0569837 PS_w
58720.3350028045 18.1585 0.012745 PS_w
58720.3227109167 18.1406 0.0101455 PS_w
58720.3104272542 18.1589 0.0125328 PS_w
58720.2981660982 18.1634 0.0104477 PS_w
58180.01020813547 14.252217798177218 0.5954921865271414 WISE_W1
58343.25220858608 14.225372371694908 0.2882336337057905 WISE_W1
58546.48920956401 14.224517140821417 0.5359845030408994 WISE_W1
58709.849034939325 13.799685542956075 0.11860391599306006 WISE_W1
58910.79095049315 13.439885409197375 0.051905358152951275 WISE_W1
59074.058925622354 13.397352792801804 0.07005440298198695 WISE_W1
59275.183416771666 13.628289670683746 0.10181112990650648 WISE_W1
59438.494829 13.714168160162902 0.0627041665282298 WISE_W1
59641.98922480647 13.892791029194719 0.05897633095112613 WISE_W1
59805.23284452062 13.972634371419616 0.07815369473031965 WISE_W1
60006.16444043118 13.974681798232348 0.09686208223953548 WISE_W1
60169.476152118 14.049609521178095 0.10119090868254925 WISE_W1
58180.01020813547 13.824494011755334 0.41735258481936083 WISE_W2
58343.25220858608 13.815073156767461 0.35633593249402945 WISE_W2
58546.48920956401 13.84806447932079 0.361607675254998 WISE_W2
58709.849034939325 13.231938671177181 0.05216537804585212 WISE_W2
58910.79095049315 12.753922439050944 0.06983399389696351 WISE_W2
59074.058925622354 12.66784837734344 0.07428939019005114 WISE_W2
59275.183416771666 12.791650896968807 0.11734559068972711 WISE_W2
59438.494829 12.777067953904332 0.08860937362237685 WISE_W2
59641.98922480647 12.937355005449783 0.10410857388183425 WISE_W2
59805.23284452062 13.085956040270466 0.09713197770945464 WISE_W2
60006.16444043118 13.162026147083685 0.12099172095557771 WISE_W2
60169.476152118 13.196600712344035 0.23992743347381773 WISE_W2
58608.90317129996 20.152999877929688 0.2029480040073394 ZTF_g
58616.95565970009 19.439199447631836 0.1077520027756691 ZTF_g
58632.83665509987 18.66819953918457 0.085266999900341 ZTF_g
58635.92006940022 18.640300750732425 0.08245600014925 ZTF_g
58638.85170139978 18.53030014038086 0.0798470005393028 ZTF_g
58641.71215280006 18.46389961242676 0.0823329985141754 ZTF_g
58644.841330999974 18.375 0.0668129995465278 ZTF_g
58647.86956019979 18.41900062561035 0.0813139975070953 ZTF_g
58650.71340279979 18.38360023498535 0.1059970036149025 ZTF_g
58657.737372700125 18.309099197387695 0.0761450007557869 ZTF_g
58660.70342590008 18.326400756835938 0.0642779991030693 ZTF_g
58666.712800899986 18.267499923706055 0.0582019984722137 ZTF_g
58672.80128470017 18.299699783325195 0.0591839998960495 ZTF_g
58675.79716440011 18.250900268554688 0.0701970010995864 ZTF_g
58678.78696760023 18.36260032653809 0.090329997241497 ZTF_g
58681.685601899866 18.241600036621097 0.0752409994602203 ZTF_g
58684.71208330011 18.30500030517578 0.0683690011501312 ZTF_g
58691.7275231001 18.256099700927734 0.0653830021619796 ZTF_g
58694.727812500205 18.265100479125977 0.0553009994328022 ZTF_g
58697.70696760016 18.222400665283203 0.0642459988594055 ZTF_g
58705.75407409994 18.146499633789062 0.0746610015630722 ZTF_g
58708.67195599992 18.255599975585938 0.080664999783039 ZTF_g
58711.74021989992 18.2716007232666 0.0848829969763755 ZTF_g
58718.67532410007 18.270599365234375 0.0630400031805038 ZTF_g
58724.684652800206 18.398500442504883 0.0717699974775314 ZTF_g
58727.65107640019 18.39699935913086 0.0717979967594146 ZTF_g
58734.68621530011 18.51420021057129 0.1202019974589347 ZTF_g
58737.630381899886 18.562400817871097 0.0954869985580444 ZTF_g
58740.62159720017 18.56130027770996 0.1105440035462379 ZTF_g
58743.62045140006 18.624000549316406 0.0817039981484413 ZTF_g
58747.63054399984 18.6653995513916 0.0941170006990432 ZTF_g
58750.63596059987 18.62849998474121 0.0944230034947395 ZTF_g
58758.628946799785 18.76300048828125 0.0890259966254234 ZTF_g
58764.69997690013 18.634300231933594 0.1534260064363479 ZTF_g
58771.610173599795 18.698999404907227 0.1269910037517547 ZTF_g
58775.61215279997 18.76549911499023 0.0916659981012344 ZTF_g
58778.62216439983 18.79610061645508 0.0995279997587204 ZTF_g
58781.61216440005 18.85070037841797 0.1449189931154251 ZTF_g
58785.615011599846 18.76849937438965 0.114266000688076 ZTF_g
58789.62532409979 18.885299682617188 0.2104489952325821 ZTF_g
58795.6097916998 18.748199462890625 0.1535249948501587 ZTF_g
58852.04971060017 18.927000045776367 0.3528800010681152 ZTF_g
58855.05868060002 18.847400665283203 0.210095003247261 ZTF_g
58877.03627309995 18.88170051574707 0.1250430047512054 ZTF_g
58877.03627309995 18.885400772094727 0.1240549981594085 ZTF_g
58880.00464119995 18.9419002532959 0.1892759948968887 ZTF_g
58885.96679400001 18.900299072265625 0.2162169963121414 ZTF_g
58891.974664399866 18.912399291992188 0.1705439984798431 ZTF_g
58895.05930559989 18.820999145507812 0.1282799988985061 ZTF_g
58899.06165509997 18.904699325561523 0.1054399982094764 ZTF_g
58905.052546299994 18.877199172973633 0.1280010044574737 ZTF_g
58912.0374305998 18.95219993591309 0.1150880008935928 ZTF_g
58914.96405090019 18.920799255371097 0.1134089976549148 ZTF_g
58936.99843750009 19.085599899291992 0.1208869963884353 ZTF_g
58939.96557869995 18.601299285888672 0.2550620138645172 ZTF_g
58943.943715299945 19.116300582885746 0.1557369977235794 ZTF_g
58954.93261570018 19.152999877929688 0.1304470002651214 ZTF_g
58964.88245370006 19.207599639892575 0.1041700020432472 ZTF_g
58967.93628469994 19.291099548339844 0.1551599949598312 ZTF_g
58970.96453699982 19.303699493408203 0.1094110012054443 ZTF_g
58973.96418979997 19.299699783325195 0.1119590029120445 ZTF_g
58980.89857639978 19.302200317382812 0.1796150058507919 ZTF_g
58985.921076400205 19.40130043029785 0.1321779936552047 ZTF_g
58986.89668980008 19.304500579833984 0.0849540010094642 ZTF_g
58987.92995369993 19.395299911499023 0.1134940013289451 ZTF_g
58991.81870369986 19.328699111938477 0.1084339991211891 ZTF_g
58992.83297450002 19.34309959411621 0.1185899972915649 ZTF_g
58994.9150231001 19.31999969482422 0.1098129972815513 ZTF_g
58995.820138900075 19.370100021362305 0.1140749976038932 ZTF_g
58997.88307869993 19.433399200439453 0.0927579998970031 ZTF_g
58998.86260419991 19.341800689697266 0.100831001996994 ZTF_g
58999.901006899774 19.378000259399418 0.1421079933643341 ZTF_g
59001.89317130018 19.348499298095703 0.1449030041694641 ZTF_g
59004.72133099986 19.236600875854492 0.2126680016517639 ZTF_g
59005.72480319999 19.41629981994629 0.3096010088920593 ZTF_g
59012.81253470015 19.44580078125 0.1043519973754882 ZTF_g
59015.80972220003 19.554000854492188 0.1385640054941177 ZTF_g
59018.8388772998 19.53380012512207 0.1265449970960617 ZTF_g
59024.790590300225 19.436599731445312 0.2209690064191818 ZTF_g
59027.73637730023 19.546600341796875 0.1581010073423385 ZTF_g
59030.850544000044 19.559900283813477 0.190661996603012 ZTF_g
59034.72851849999 19.650100708007812 0.2359039932489395 ZTF_g
59039.69116900023 19.532400131225582 0.1195029988884925 ZTF_g
59042.80128470017 19.557199478149418 0.128258004784584 ZTF_g
59045.76151619991 19.508800506591797 0.1288979947566986 ZTF_g
59051.81217590021 19.55590057373047 0.1152290031313896 ZTF_g
59054.78991900012 19.580900192260746 0.1314319968223571 ZTF_g
59057.76946760016 19.647600173950195 0.1368989944458007 ZTF_g
59063.73282410018 19.76959991455078 0.2406850010156631 ZTF_g
59066.69376160018 19.84040069580078 0.2277310043573379 ZTF_g
59069.67704859981 19.73430061340332 0.1416860073804855 ZTF_g
59072.72740740003 19.61280059814453 0.1391959935426712 ZTF_g
59075.69299770007 19.65710067749023 0.1730459928512573 ZTF_g
59078.70805560006 19.73040008544922 0.1579519957304 ZTF_g
59081.73466440011 19.699399948120117 0.1690939962863922 ZTF_g
59095.70466439985 19.43910026550293 0.2560569941997528 ZTF_g
59098.70041669998 19.70170021057129 0.2021629959344864 ZTF_g
59099.66627309984 19.86680030822754 0.1697639971971511 ZTF_g
59130.654675900005 20.153600692749023 0.2070419937372207 ZTF_g
59135.59960650001 20.33989906311035 0.2560519874095917 ZTF_g
59137.64186340012 20.077600479125977 0.2114419937133789 ZTF_g
59250.03141199984 20.479900360107425 0.3224749863147735 ZTF_g
59252.02908559982 19.925600051879883 0.2060880064964294 ZTF_g
59254.03841440007 20.466899871826172 0.2618489861488342 ZTF_g
59257.0382869998 20.512699127197266 0.2925209999084472 ZTF_g
59264.99631940015 20.391700744628903 0.197171002626419 ZTF_g
59343.90129629988 20.84779930114746 0.2917259931564331 ZTF_g
59346.9458912001 20.887500762939453 0.3280920088291168 ZTF_g
59349.88002309995 20.908300399780273 0.306192010641098 ZTF_g
59353.87481479999 20.736400604248047 0.3039279878139496 ZTF_g
59365.81622690009 20.662700653076172 0.302821010351181 ZTF_g
59369.87150460016 20.596099853515625 0.2281090021133422 ZTF_g
59371.880381899886 20.69389915466309 0.2931700050830841 ZTF_g
59374.868286999874 20.30579948425293 0.2463400065898895 ZTF_g
59376.8610069002 20.423500061035156 0.2251140028238296 ZTF_g
59378.850821800064 20.388200759887695 0.2025790065526962 ZTF_g
59382.89357639989 20.40660095214844 0.2942630052566528 ZTF_g
59392.77116899984 20.263599395751953 0.3646950125694275 ZTF_g
59394.850544000044 20.25429916381836 0.2979249954223633 ZTF_g
59396.80895829992 20.49959945678711 0.2645959854125976 ZTF_g
59399.77973379986 20.34760093688965 0.2083449959754943 ZTF_g
59401.7635764 20.31209945678711 0.2599450051784515 ZTF_g
59403.7894444 20.429500579833984 0.2347189933061599 ZTF_g
59624.03737269994 20.236799240112305 0.2405329942703247 ZTF_g
59639.93295140006 20.158100128173828 0.3226549923419952 ZTF_g
59673.92173610022 20.19059944152832 0.205144003033638 ZTF_g
59673.92173610022 20.205799102783203 0.2125349938869476 ZTF_g
59677.974618100096 19.91309928894043 0.1773349940776825 ZTF_g
59679.827997699846 19.882699966430664 0.2637630105018616 ZTF_g
59683.9614467998 20.10449981689453 0.2488600015640258 ZTF_g
59694.93394679995 19.92169952392578 0.2321009933948516 ZTF_g
59698.93540510023 20.054399490356445 0.2144010066986084 ZTF_g
59700.95920140017 20.191600799560547 0.2131559997797012 ZTF_g
59710.94337960007 20.219900131225582 0.2495519965887069 ZTF_g
59712.94535879977 20.02899932861328 0.2595230042934418 ZTF_g
59727.87504629977 20.209299087524418 0.289326012134552 ZTF_g
59730.879687500186 20.314800262451172 0.1792349964380264 ZTF_g
59732.91518520005 20.253700256347656 0.2401690036058426 ZTF_g
59734.81812500022 20.237199783325195 0.1647019982337951 ZTF_g
59738.881446800195 20.18869972229004 0.2084259986877441 ZTF_g
59740.880115699954 20.093900680541992 0.2188449949026107 ZTF_g
59742.92393520009 19.681800842285156 0.205153003334999 ZTF_g
59750.77518519992 20.144100189208984 0.2044080048799514 ZTF_g
59752.79953699978 20.199199676513672 0.2108419984579086 ZTF_g
59757.754814799875 20.368999481201172 0.2719790041446686 ZTF_g
59759.757060199976 20.08889961242676 0.2151429951190948 ZTF_g
59761.79721060023 20.20599937438965 0.1947399973869323 ZTF_g
59763.86217590002 20.10099983215332 0.2057829946279525 ZTF_g
59765.78884259984 20.177499771118164 0.1907780021429062 ZTF_g
59768.80057869991 20.09000015258789 0.2307559996843338 ZTF_g
59768.82953700004 20.19389915466309 0.1932860016822815 ZTF_g
59770.79829860013 20.156999588012695 0.2808350026607513 ZTF_g
59781.75690970011 20.002599716186523 0.1764069944620132 ZTF_g
59783.78814810002 20.106399536132812 0.1804980039596557 ZTF_g
59785.74824069999 20.1742000579834 0.1548500061035156 ZTF_g
59787.73172450019 20.034500122070312 0.1983249932527542 ZTF_g
59789.694363399874 19.96940040588379 0.1982360035181045 ZTF_g
59794.80961810006 19.795900344848633 0.2051499933004379 ZTF_g
59797.78709489992 20.034900665283203 0.1963109970092773 ZTF_g
59808.74329859996 20.091299057006836 0.2693400084972381 ZTF_g
59810.69979170011 20.17300033569336 0.2136770039796829 ZTF_g
59812.73643520009 20.05089950561523 0.1949139982461929 ZTF_g
59816.706469899975 20.45159912109375 0.2512330114841461 ZTF_g
59818.704942100216 20.08289909362793 0.1730690002441406 ZTF_g
59820.68609949993 20.387800216674805 0.3422060012817383 ZTF_g
59823.7083101999 20.097999572753903 0.2446340024471283 ZTF_g
59825.72687500017 20.311100006103516 0.2887020111083984 ZTF_g
59840.701203700155 20.18589973449707 0.2034409940242767 ZTF_g
59842.65633099992 20.118999481201172 0.1833969950675964 ZTF_g
59844.6746991002 20.011899948120117 0.2347799986600875 ZTF_g
59848.63600690011 20.26919937133789 0.2065239995718002 ZTF_g
59853.64603010006 20.131999969482425 0.258552998304367 ZTF_g
59866.63510419987 20.301599502563477 0.3314740061759949 ZTF_g
59869.6229514 20.20359992980957 0.2930119931697845 ZTF_g
59871.620798599906 20.130800247192383 0.2592529952526092 ZTF_g
60050.96215280006 20.541900634765625 0.2248609960079193 ZTF_g
60053.89284719992 20.287700653076172 0.3157140016555786 ZTF_g
60055.921076400205 20.315399169921875 0.2966539859771728 ZTF_g
60057.86574070016 20.36440086364746 0.2880060076713562 ZTF_g
60059.86821760005 20.445499420166016 0.3835850059986114 ZTF_g
60061.9360301001 20.388200759887695 0.2650940120220184 ZTF_g
60063.95424770005 20.693099975585938 0.3071289956569671 ZTF_g
60078.85819440009 20.572599411010746 0.2384040057659149 ZTF_g
60081.819571800064 20.30920028686523 0.2522200047969818 ZTF_g
60083.85269680014 20.385099411010746 0.2712799906730652 ZTF_g
60085.87440969981 20.23080062866211 0.2361470013856887 ZTF_g
60112.86174769979 20.504899978637695 0.2479149997234344 ZTF_g
60115.768368099816 20.326099395751953 0.2834390103816986 ZTF_g
60121.88513890002 20.506999969482425 0.2574020028114319 ZTF_g
60135.75601849984 20.38260078430176 0.1958860009908676 ZTF_g
60137.78813660005 20.43320083618164 0.2782149910926819 ZTF_g
60141.81098379986 20.34339904785156 0.2118770033121109 ZTF_g
60143.77543980023 20.284099578857425 0.2001910060644149 ZTF_g
60145.83141200011 20.439199447631836 0.2033510059118271 ZTF_g
60147.81061339984 20.230499267578125 0.2526809871196747 ZTF_g
60149.78965280019 20.281400680541992 0.2124059945344925 ZTF_g
60151.82619210007 20.319700241088867 0.2309460043907165 ZTF_g
60163.746944400016 20.472900390625 0.2530919909477234 ZTF_g
60165.74887729995 20.412599563598633 0.2590849995613098 ZTF_g
60171.790416699834 20.645599365234375 0.3044260144233703 ZTF_g
60173.69560190011 20.552400588989254 0.250887006521225 ZTF_g
60175.69115740014 20.638700485229492 0.3658170104026794 ZTF_g
60182.73701390019 20.41679954528809 0.3625020086765289 ZTF_g
60186.67700230004 20.0216007232666 0.3185909986495971 ZTF_g
60198.69539349992 20.206100463867188 0.3292469978332519 ZTF_g
58605.90042820014 20.417999267578125 0.2726869881153106 ZTF_r
58606.80952550005 20.421600341796875 0.2419690042734146 ZTF_r
58608.85913190013 20.04990005493164 0.2205339968204498 ZTF_r
58612.92206020001 19.88660049438477 0.1847919970750808 ZTF_r
58616.896620399784 19.425500869750977 0.1342940032482147 ZTF_r
58618.73391199997 19.438100814819336 0.1786080002784729 ZTF_r
58628.87633100012 18.7908992767334 0.0759780034422874 ZTF_r
58632.80057869991 18.74099922180176 0.0744979977607727 ZTF_r
58635.786608799826 18.63610076904297 0.0667439997196197 ZTF_r
58638.78920139978 18.539100646972656 0.0684930011630058 ZTF_r
58641.83359949989 18.46430015563965 0.0815939977765083 ZTF_r
58644.797395799775 18.3518009185791 0.0669490024447441 ZTF_r
58647.774131900165 18.329299926757812 0.0584190003573894 ZTF_r
58650.79376159981 18.310400009155273 0.0820799991488456 ZTF_r
58653.7252894002 18.29750061035156 0.0801090002059936 ZTF_r
58657.8428588002 18.274900436401367 0.0848330035805702 ZTF_r
58663.80390049983 18.18420028686523 0.063120998442173 ZTF_r
58666.75385419978 18.259599685668945 0.0553629994392395 ZTF_r
58669.81656249985 18.20359992980957 0.0694919973611831 ZTF_r
58672.729062499944 18.210100173950195 0.0654869973659515 ZTF_r
58675.74527780013 18.223499298095703 0.0650480017066001 ZTF_r
58678.71329860017 18.228900909423828 0.0617210008203983 ZTF_r
58681.768680599984 18.154800415039062 0.0683059990406036 ZTF_r
58684.672893499956 18.21619987487793 0.0663060024380683 ZTF_r
58691.69113430008 18.131799697875977 0.0556540004909038 ZTF_r
58694.70872690016 18.15519905090332 0.0571790002286434 ZTF_r
58697.66803239984 18.105499267578125 0.0643360018730163 ZTF_r
58700.674016200006 18.09199905395508 0.054866999387741 ZTF_r
58711.784317099955 18.133100509643555 0.0646300017833709 ZTF_r
58714.645740699954 18.143199920654297 0.0661400035023689 ZTF_r
58724.66432869993 18.254100799560547 0.0725950002670288 ZTF_r
58734.64459489984 18.338300704956055 0.0654940009117126 ZTF_r
58737.686828699894 18.3518009185791 0.0885040014982223 ZTF_r
58740.76307869982 18.334299087524418 0.1106610000133514 ZTF_r
58761.6200116002 18.573400497436523 0.0891550034284591 ZTF_r
58775.60260420013 18.624399185180664 0.0822080001235008 ZTF_r
58781.59067129996 18.63290023803711 0.1340530067682266 ZTF_r
58792.610069400165 18.588699340820312 0.1051850020885467 ZTF_r
58795.5777431 18.58340072631836 0.1180360019207 ZTF_r
58874.03505790001 18.71129989624023 0.0918909981846809 ZTF_r
58877.074560199864 18.71489906311035 0.0989890024065971 ZTF_r
58880.040937500075 18.706100463867188 0.2002899944782257 ZTF_r
58886.043530100025 18.700700759887695 0.1203510016202926 ZTF_r
58889.010254600085 18.837799072265625 0.2185920029878616 ZTF_r
58895.04085650016 18.606800079345703 0.076785996556282 ZTF_r
58899.02376159979 18.62170028686523 0.0785479992628097 ZTF_r
58905.02422450017 18.68899917602539 0.1017509996891021 ZTF_r
58909.01386569999 18.66900062561035 0.0825619995594024 ZTF_r
58909.01386569999 18.66900062561035 0.0825619995594024 ZTF_r
58912.00379629992 18.777599334716797 0.101841002702713 ZTF_r
58915.03598379996 18.74839973449707 0.0832099989056587 ZTF_r
58937.00700230012 18.78779983520508 0.1048479974269867 ZTF_r
58943.98145829979 18.824800491333008 0.098980002105236 ZTF_r
58953.95651620021 18.898500442504883 0.0957110002636909 ZTF_r
58956.985451399814 19.302600860595703 0.2101339995861053 ZTF_r
58961.95796300005 18.90290069580078 0.1010439991950988 ZTF_r
58964.92273150012 18.95820045471191 0.0846339985728263 ZTF_r
58967.88309030002 18.98270034790039 0.1031349971890449 ZTF_r
58970.91430559987 19.06049919128418 0.1005339995026588 ZTF_r
58973.853981500026 18.95820045471191 0.113755002617836 ZTF_r
58980.814351900015 19.051000595092773 0.1211059987545013 ZTF_r
58984.902060199995 19.095300674438477 0.0935849994421005 ZTF_r
58985.87811340019 19.05500030517578 0.1099189966917038 ZTF_r
58986.79519680003 19.08009910583496 0.0923940017819404 ZTF_r
58987.831469899975 19.09670066833496 0.0889559984207153 ZTF_r
58991.7730556 19.01549911499023 0.100051999092102 ZTF_r
58992.79403939983 19.026599884033203 0.0831279978156089 ZTF_r
58995.7751042 19.07710075378418 0.0810120031237602 ZTF_r
58996.81028940016 19.135799407958984 0.0894320011138916 ZTF_r
58997.79861109983 19.156299591064453 0.0845900028944015 ZTF_r
58999.83672450017 19.120500564575195 0.1120320037007331 ZTF_r
59000.89428240014 19.09910011291504 0.109774999320507 ZTF_r
59004.787488400005 19.148099899291992 0.1318809986114502 ZTF_r
59009.86223379988 19.21299934387207 0.1573379933834076 ZTF_r
59015.817569400184 19.140399932861328 0.1183009967207908 ZTF_r
59024.742418999784 19.161500930786133 0.0886769965291023 ZTF_r
59027.78822920006 19.174100875854492 0.0950070023536682 ZTF_r
59033.83225690015 19.354999542236328 0.189190998673439 ZTF_r
59036.77625000011 19.27519989013672 0.117078997194767 ZTF_r
59039.73418979999 19.328100204467773 0.0961949974298477 ZTF_r
59039.809502299875 19.289600372314453 0.1045579984784126 ZTF_r
59042.749317099806 19.204500198364254 0.1104289963841438 ZTF_r
59045.729305599816 19.22279930114746 0.1029599979519844 ZTF_r
59048.7473726999 19.29949951171875 0.1092460006475448 ZTF_r
59054.85210649995 19.24049949645996 0.1016110032796859 ZTF_r
59057.83278940013 19.33099937438965 0.1202479973435401 ZTF_r
59063.687384299934 19.36009979248047 0.1699109971523285 ZTF_r
59066.73825229984 19.407899856567383 0.1622429937124252 ZTF_r
59069.7167014 19.545799255371097 0.099992997944355 ZTF_r
59072.692592599895 19.3169002532959 0.1357980072498321 ZTF_r
59075.71593749989 19.42289924621582 0.1142629981040954 ZTF_r
59078.684756900184 19.540800094604492 0.1321039944887161 ZTF_r
59081.70376159996 19.396499633789062 0.1439069956541061 ZTF_r
59095.65490739979 19.570600509643555 0.1544329971075058 ZTF_r
59096.69459490013 19.631500244140625 0.1586260050535202 ZTF_r
59098.656122699846 19.695499420166016 0.1597550064325332 ZTF_r
59099.632916700095 19.708599090576172 0.1439789980649948 ZTF_r
59128.641319400165 19.765399932861328 0.1931460052728653 ZTF_r
59135.66694439994 19.869600296020508 0.1669010072946548 ZTF_r
59137.59298609989 19.90539932250977 0.2661789953708648 ZTF_r
59254.01089120004 20.105899810791016 0.2491559982299804 ZTF_r
59256.92885420006 20.15180015563965 0.2712840139865875 ZTF_r
59265.037118100096 20.311899185180664 0.1911640018224716 ZTF_r
59270.03525459999 20.251100540161133 0.1619099974632263 ZTF_r
59280.94827549998 19.957399368286133 0.2604970037937164 ZTF_r
59291.96416669991 20.214210510253903 0.2049839943647384 ZTF_r
59339.83995370008 20.49650001525879 0.2213750034570694 ZTF_r
59343.85190969985 20.634899139404297 0.2572399973869324 ZTF_r
59349.82262729993 20.54960060119629 0.2366430014371872 ZTF_r
59353.833518499974 20.57320022583008 0.2677949965000152 ZTF_r
59365.91465280019 20.322900772094727 0.2557609975337982 ZTF_r
59367.85938660009 20.584699630737305 0.2737129926681518 ZTF_r
59369.83101850003 20.521299362182617 0.2012050002813339 ZTF_r
59371.839560199995 20.382099151611328 0.1549870073795318 ZTF_r
59378.805937500205 20.2721004486084 0.2065420001745224 ZTF_r
59380.84046299989 20.2273006439209 0.2660459876060486 ZTF_r
59382.84956019977 20.2322998046875 0.1819940060377121 ZTF_r
59390.837187500205 19.99370002746582 0.2227420061826706 ZTF_r
59396.82002309989 20.35409927368164 0.2931239902973175 ZTF_r
59401.82756939996 20.25979995727539 0.1941159963607788 ZTF_r
59403.79951390019 20.23641014099121 0.1943030059337616 ZTF_r
59625.99453700008 20.04439926147461 0.3222549855709076 ZTF_r
59631.01035880018 20.40449905395508 0.3180690109729767 ZTF_r
59641.99653939996 20.39672088623047 0.1940139979124069 ZTF_r
59673.880636599846 19.77429962158203 0.1687169969081878 ZTF_r
59673.880636599846 19.774999618530273 0.1619690060615539 ZTF_r
59675.92527779983 20.068700790405273 0.150077998638153 ZTF_r
59677.924351899885 20.15999984741211 0.2056349962949752 ZTF_r
59679.88479170017 20.06290054321289 0.1981009989976883 ZTF_r
59683.9042014 19.981399536132812 0.1977739930152893 ZTF_r
59694.82033560006 19.886699676513672 0.1853059977293014 ZTF_r
59696.94312500022 19.887300491333008 0.154679000377655 ZTF_r
59700.88974539982 20.113500595092773 0.1813250035047531 ZTF_r
59702.901481499895 20.072799682617188 0.2117519974708557 ZTF_r
59708.85987270018 19.983699798583984 0.2725169956684112 ZTF_r
59708.945983800106 19.995100021362305 0.1891109943389892 ZTF_r
59710.87969909981 20.04669952392578 0.1793379932641983 ZTF_r
59712.87754630018 19.979700088500977 0.2552529871463775 ZTF_r
59714.878645800054 19.92889976501465 0.2571899890899658 ZTF_r
59718.87965280004 19.822599411010746 0.1565210074186325 ZTF_r
59721.83209489984 20.17609977722168 0.1809809952974319 ZTF_r
59721.88034720021 19.977500915527344 0.1782629936933517 ZTF_r
59723.81649310002 20.16790008544922 0.1697770059108734 ZTF_r
59725.89317130018 19.96190071105957 0.1441120058298111 ZTF_r
59730.902361100074 20.179399490356445 0.2103070020675659 ZTF_r
59732.884988400154 19.986799240112305 0.1437020003795623 ZTF_r
59736.85155089991 20.018400192260746 0.1634040027856826 ZTF_r
59738.8011690001 19.93819999694824 0.1648599952459335 ZTF_r
59740.83960650023 20.055299758911133 0.1781730055809021 ZTF_r
59742.86158559984 20.15589904785156 0.2526099979877472 ZTF_r
59748.796180599835 19.89259910583496 0.1970880031585693 ZTF_r
59750.79714119993 19.80500030517578 0.1581880003213882 ZTF_r
59755.799050900154 20.125200271606445 0.1813669949769973 ZTF_r
59761.8445255002 20.06839942932129 0.1842319965362548 ZTF_r
59763.799918999895 20.123600006103516 0.1611839979887008 ZTF_r
59765.823310200125 20.06559944152832 0.1870819926261901 ZTF_r
59772.74626159994 20.09040069580078 0.2879160046577453 ZTF_r
59772.80020829989 20.03919982910156 0.2638970017433166 ZTF_r
59776.711689800024 19.982999801635746 0.1571760028600692 ZTF_r
59776.82964120014 19.85460090637207 0.209973007440567 ZTF_r
59779.758206000086 19.996999740600582 0.1920640021562576 ZTF_r
59779.80047449982 20.13969993591309 0.2268999963998794 ZTF_r
59783.755671299994 19.902000427246097 0.1482229977846145 ZTF_r
59785.79027780006 19.85890007019043 0.2411559969186782 ZTF_r
59787.805636600126 20.069299697875977 0.1705799996852874 ZTF_r
59789.74846060015 20.004100799560547 0.1906210035085678 ZTF_r
59791.72422449989 19.86319923400879 0.1794909983873367 ZTF_r
59794.73538189987 19.86050033569336 0.1692519932985305 ZTF_r
59797.721805599984 19.90690040588379 0.1561339944601059 ZTF_r
59808.67224540003 19.89970016479492 0.2351980060338974 ZTF_r
59810.68141200021 19.876699447631836 0.1956660002470016 ZTF_r
59816.67807869986 20.149499893188477 0.2498610019683838 ZTF_r
59818.71734949993 20.23189926147461 0.1931370049715042 ZTF_r
59820.65841440018 20.021799087524418 0.2171040028333664 ZTF_r
59823.658171299845 20.258800506591797 0.2161500006914138 ZTF_r
59828.66233799979 20.088699340820312 0.2736749947071075 ZTF_r
59842.68509260006 20.15679931640625 0.1794839948415756 ZTF_r
59846.640104200225 20.258699417114254 0.2200880050659179 ZTF_r
59848.67994209984 19.92539978027344 0.1887339949607849 ZTF_r
59853.69319440005 20.043100357055664 0.1809709966182708 ZTF_r
59858.67947919993 19.9330997467041 0.3170909881591797 ZTF_r
59860.65649309987 19.79840087890625 0.2408480048179626 ZTF_r
59871.65481479978 19.860279083251953 0.2023923844099044 ZTF_r
60032.95754629979 20.40220069885254 0.2668519914150238 ZTF_r
60044.89950230019 20.176599502563477 0.2596299946308136 ZTF_r
60046.8856366002 20.302600860595703 0.2235369980335235 ZTF_r
60053.93549769977 20.340200424194336 0.2078969925642013 ZTF_r
60055.90202549985 20.11910057067871 0.2487339973449707 ZTF_r
60057.94071759982 20.03160095214844 0.1836560070514679 ZTF_r
60059.94255790021 20.379899978637695 0.2971979975700378 ZTF_r
60063.96524310019 20.524099349975582 0.2877109944820404 ZTF_r
60076.86267360021 20.294200897216797 0.2827999889850616 ZTF_r
60078.90270829992 20.315099716186523 0.2107180058956146 ZTF_r
60085.90712960018 20.105066299438477 0.199075698852539 ZTF_r
60110.81755790021 20.49139976501465 0.2363590002059936 ZTF_r
60115.826597199775 20.40710067749023 0.2640230059623718 ZTF_r
60121.7749073999 20.23189926147461 0.2454109936952591 ZTF_r
60135.80953700002 20.29560089111328 0.2312150001525879 ZTF_r
60137.75662040012 20.064199447631836 0.2143529951572418 ZTF_r
60139.791504600085 20.42340087890625 0.2815999984741211 ZTF_r
60141.75746530015 20.266000747680664 0.2295800000429153 ZTF_r
60145.79137729993 20.338699340820312 0.203245997428894 ZTF_r
60149.7565394002 20.33930015563965 0.2274859994649887 ZTF_r
60153.740891200025 20.14259910583496 0.2137520015239715 ZTF_r
60169.79006939987 20.3435001373291 0.2386379987001419 ZTF_r
60171.71615740005 20.39459991455078 0.2472520023584365 ZTF_r
60173.68412039988 20.405311584472656 0.2096303254365921 ZTF_r
60195.6942245001 20.157400131225582 0.2605609893798828 ZTF_r
60198.67054399988 20.47719955444336 0.2763639986515045 ZTF_r
60200.675995400175 20.365699768066406 0.2375900000333786 ZTF_r
60203.69438660005 20.210750579833984 0.1976408511400222 ZTF_r
