MJD mag magerr band
56771.34934656 12.831 0.029 WISE_W1
56771.34934656 12.794 0.056 WISE_W2
56771.48088668 12.762 0.027 WISE_W1
56771.48088668 12.657 0.062 WISE_W2
56771.61242681 12.723 0.062 WISE_W2
56771.61242681 12.718 0.03 WISE_W1
56771.74396689 12.757 0.026 WISE_W1
56771.74396689 12.709 0.056 WISE_W2
56771.74409425 12.765 0.027 WISE_W1
56771.74409425 12.715 0.062 WISE_W2
56771.80980064 12.78 0.031 WISE_W1
56771.80980064 12.759 0.065 WISE_W2
56771.87563438 12.684 0.025 WISE_W1
56771.87563438 12.642 0.052 WISE_W2
56771.94146813 12.798 0.028 WISE_W1
56771.94146813 12.656 0.057 WISE_W2
56772.07313561 12.612 0.051 WISE_W2
56772.07313561 12.734 0.025 WISE_W1
56772.20467574 12.843 0.033 WISE_W1
56772.20467574 12.704 0.052 WISE_W2
56772.20480306 12.734 0.055 WISE_W2
56772.20480306 12.798 0.027 WISE_W1
56772.33634318 12.697 0.024 WISE_W1
56772.33634318 12.67 0.051 WISE_W2
56962.6212325 12.582 0.066 WISE_W2
56962.6212325 12.767 0.029 WISE_W1
56962.75277258 12.607 0.05 WISE_W2
56962.75277258 12.765 0.026 WISE_W1
56962.88431266 12.739 0.026 WISE_W1
56962.88431266 12.579 0.052 WISE_W2
56963.01572543 12.793 0.03 WISE_W1
56963.01572543 12.701 0.053 WISE_W2
56963.08155914 12.644 0.05 WISE_W2
56963.08155914 12.747 0.025 WISE_W1
56963.14726556 12.714 0.027 WISE_W1
56963.14726556 12.753 0.056 WISE_W2
56963.21297196 12.694 0.025 WISE_W1
56963.21297196 12.675 0.057 WISE_W2
56963.27880567 12.746 0.029 WISE_W1
56963.27880567 12.672 0.067 WISE_W2
56963.34451208 12.79 0.026 WISE_W1
56963.34451208 12.913 0.087 WISE_W2
56963.47605221 12.672 0.077 WISE_W2
56963.47605221 15.534 0.15 WISE_W1
56963.47605221 12.809 0.031 WISE_W1
56963.60746492 12.712 0.067 WISE_W2
56963.60746492 12.744 0.03 WISE_W1
57130.30761497 12.771 0.032 WISE_W1
57130.30761497 12.708 0.055 WISE_W2
57130.43890065 12.786 0.031 WISE_W1
57130.43890065 13.048 0.079 WISE_W2
57130.57018633 12.663 0.06 WISE_W2
57130.57018633 12.822 0.033 WISE_W1
57130.63589286 12.807 0.029 WISE_W1
57130.63589286 12.698 0.051 WISE_W2
57130.70147201 12.805 0.031 WISE_W1
57130.70147201 12.674 0.054 WISE_W2
57130.76717854 12.748 0.029 WISE_W1
57130.76717854 12.782 0.072 WISE_W2
57130.83275765 12.568 0.049 WISE_W2
57130.83275765 12.732 0.032 WISE_W1
57130.83288506 12.764 0.029 WISE_W1
57130.83288506 12.687 0.05 WISE_W2
57130.89846418 12.734 0.03 WISE_W1
57130.89846418 12.798 0.075 WISE_W2
57131.02974986 12.718 0.067 WISE_W2
57131.02974986 12.738 0.027 WISE_W1
57131.16103554 12.708 0.026 WISE_W1
57131.16103554 12.37 0.066 WISE_W2
57131.29232127 12.783 0.027 WISE_W1
57131.29232127 12.686 0.058 WISE_W2
57138.57849475 12.824 0.036 WISE_W1
57138.57849475 12.793 0.121 WISE_W2
57324.60799903 12.843 0.031 WISE_W1
57324.60799903 12.798 0.07 WISE_W2
57324.73915723 12.755 0.027 WISE_W1
57324.73915723 12.702 0.105 WISE_W2
57324.87031606 12.697 0.056 WISE_W2
57324.87031606 12.82 0.033 WISE_W1
57324.93589522 12.65 0.06 WISE_W2
57324.93589522 12.761 0.028 WISE_W1
57325.00147427 12.662 0.038 WISE_W1
57325.00147427 12.667 0.062 WISE_W2
57325.06705343 12.727 0.059 WISE_W2
57325.06705343 12.623 0.034 WISE_W1
57325.06718074 12.599 0.057 WISE_W2
57325.06718074 12.699 0.034 WISE_W1
57325.1327599 12.675 0.031 WISE_W1
57325.1327599 12.62 0.055 WISE_W2
57325.19833899 12.763 0.027 WISE_W1
57325.19833899 12.666 0.055 WISE_W2
57325.32949726 12.82 0.031 WISE_W1
57325.32949726 12.619 0.066 WISE_W2
57325.46065551 12.75 0.059 WISE_W2
57325.46065551 12.796 0.028 WISE_W1
57329.65797383 12.738 0.085 WISE_W2
57329.65797383 12.797 0.03 WISE_W1
57489.1880233 12.749 0.029 WISE_W1
57489.1880233 12.682 0.051 WISE_W2
57489.31905457 12.719 0.03 WISE_W1
57489.31905457 12.647 0.054 WISE_W2
57489.3191819 12.804 0.03 WISE_W1
57489.3191819 12.747 0.052 WISE_W2
57489.45021317 12.769 0.03 WISE_W1
57489.45021317 12.772 0.055 WISE_W2
57489.58124436 12.411 0.059 WISE_W2
57489.58124436 12.739 0.026 WISE_W1
57489.64682368 12.75 0.059 WISE_W2
57489.64682368 12.718 0.03 WISE_W1
57489.71227564 12.741 0.048 WISE_W2
57489.71227564 12.771 0.027 WISE_W1
57489.77785495 12.733 0.053 WISE_W2
57489.77785495 12.837 0.03 WISE_W1
57489.90888624 12.692 0.03 WISE_W1
57489.90888624 12.906 0.071 WISE_W2
57490.03992068 12.715 0.051 WISE_W2
57490.03992068 12.815 0.027 WISE_W1
57490.17107943 12.694 0.029 WISE_W1
57490.17107943 12.668 0.047 WISE_W2
57493.51307971 13.169 0.196 WISE_W2
57493.51307971 12.727 0.097 WISE_W2
57493.51307971 14.304 0.084 WISE_W1
57493.51307971 12.729 0.037 WISE_W1
57691.60181447 12.728 0.027 WISE_W1
57691.60181447 12.686 0.067 WISE_W2
57691.73284572 12.779 0.027 WISE_W1
57691.73284572 12.78 0.063 WISE_W2
57691.86387705 12.666 0.076 WISE_W2
57691.86387705 12.763 0.036 WISE_W1
57691.99490833 12.701 0.033 WISE_W1
57691.99490833 12.668 0.074 WISE_W2
57692.06036032 12.759 0.027 WISE_W1
57692.06036032 12.612 0.052 WISE_W2
57692.12581231 12.686 0.037 WISE_W1
57692.12581231 12.667 0.057 WISE_W2
57692.12593968 12.723 0.03 WISE_W1
57692.12593968 12.773 0.061 WISE_W2
57692.19139156 12.712 0.026 WISE_W1
57692.19139156 12.649 0.056 WISE_W2
57692.25684355 12.772 0.03 WISE_W1
57692.25684355 12.676 0.058 WISE_W2
57692.32242285 12.745 0.028 WISE_W1
57692.32242285 12.681 0.062 WISE_W2
57692.45345414 12.753 0.029 WISE_W1
57692.45345414 12.698 0.079 WISE_W2
57692.58435811 12.748 0.031 WISE_W1
57692.58435811 12.585 0.055 WISE_W2
57852.61306381 12.821 0.029 WISE_W1
57852.61306381 12.47 0.055 WISE_W2
57852.74409494 12.729 0.03 WISE_W1
57852.74409494 12.626 0.06 WISE_W2
57852.8749988 12.737 0.058 WISE_W2
57852.8749988 12.794 0.031 WISE_W1
57853.00590265 12.75 0.031 WISE_W1
57853.00590265 12.688 0.082 WISE_W2
57853.00603001 12.73 0.03 WISE_W1
57853.00603001 12.671 0.058 WISE_W2
57853.07148194 12.79 0.03 WISE_W1
57853.07148194 12.646 0.059 WISE_W2
57853.13693388 12.655 0.053 WISE_W2
57853.13693388 12.744 0.027 WISE_W1
57853.20238575 12.793 0.066 WISE_W2
57853.20238575 12.733 0.031 WISE_W1
57853.26783764 12.858 0.03 WISE_W1
57853.26783764 12.64 0.049 WISE_W2
57853.267965 12.615 0.051 WISE_W2
57853.267965 12.672 0.039 WISE_W1
57853.33341692 12.681 0.083 WISE_W2
57853.33341692 12.783 0.031 WISE_W1
57853.46432079 14.242 0.063 WISE_W1
57853.46432079 14.395 0.269 WISE_W2
57853.46432079 12.805 0.028 WISE_W1
57853.46432079 12.729 0.057 WISE_W2
57853.59535191 12.743 0.041 WISE_W1
57853.59535191 12.625 0.053 WISE_W2
57853.72625578 12.625 0.06 WISE_W2
57853.72625578 12.612 0.026 WISE_W1
58055.9353841 12.747 0.027 WISE_W1
58055.9353841 12.607 0.06 WISE_W2
58056.0662875 12.8 0.061 WISE_W2
58056.0662875 12.751 0.027 WISE_W1
58056.19719095 12.588 0.059 WISE_W2
58056.19719095 12.647 0.034 WISE_W1
58056.26264265 12.689 0.068 WISE_W2
58056.26264265 12.848 0.029 WISE_W1
58056.32809431 12.648 0.054 WISE_W2
58056.32809431 12.814 0.032 WISE_W1
58056.32822167 12.811 0.078 WISE_W2
58056.32822167 12.753 0.035 WISE_W1
58056.39367341 12.855 0.078 WISE_W2
58056.39367341 12.794 0.03 WISE_W1
58056.45912512 12.659 0.073 WISE_W2
58056.45912512 12.728 0.03 WISE_W1
58056.52457682 12.82 0.072 WISE_W2
58056.52457682 12.762 0.033 WISE_W1
58056.65548022 12.801 0.029 WISE_W1
58056.65548022 12.71 0.068 WISE_W2
58056.78638367 12.855 0.029 WISE_W1
58056.78638367 12.784 0.075 WISE_W2
58056.91728707 12.767 0.06 WISE_W2
58056.91728707 12.733 0.031 WISE_W1
58213.18623675 12.747 0.03 WISE_W1
58213.18623675 12.664 0.048 WISE_W2
58213.31714038 12.801 0.028 WISE_W1
58213.31714038 12.605 0.075 WISE_W2
58213.44804398 12.755 0.027 WISE_W1
58213.44804398 12.826 0.082 WISE_W2
58213.57894757 12.777 0.053 WISE_W2
58213.57894757 12.675 0.034 WISE_W1
58213.64439991 12.762 0.079 WISE_W2
58213.64439991 12.713 0.029 WISE_W1
58213.70985168 12.737 0.034 WISE_W1
58213.70985168 12.666 0.049 WISE_W2
58213.77517613 12.669 0.051 WISE_W2
58213.77517613 12.767 0.034 WISE_W1
58213.77530351 12.662 0.051 WISE_W2
58213.77530351 12.789 0.034 WISE_W1
58213.84062796 12.622 0.047 WISE_W2
58213.84062796 12.708 0.032 WISE_W1
58213.90607978 12.811 0.035 WISE_W1
58213.90607978 12.748 0.054 WISE_W2
58214.03698337 12.688 0.058 WISE_W2
58214.03698337 12.745 0.028 WISE_W1
58214.16788697 12.696 0.025 WISE_W1
58214.16788697 12.611 0.053 WISE_W2
58420.07296942 12.667 0.059 WISE_W2
58420.07296942 12.722 0.029 WISE_W1
58420.20374596 12.814 0.072 WISE_W2
58420.20374596 12.763 0.03 WISE_W1
58420.33464929 12.816 0.028 WISE_W1
58420.33464929 12.639 0.081 WISE_W2
58420.46555262 12.757 0.08 WISE_W2
58420.46555262 12.752 0.03 WISE_W1
58420.53100431 12.729 0.078 WISE_W2
58420.53100431 12.778 0.027 WISE_W1
58420.59645604 12.689 0.028 WISE_W1
58420.59645604 12.875 0.079 WISE_W2
58420.66190773 12.74 0.03 WISE_W1
58420.66190773 12.877 0.093 WISE_W2
58420.79268374 12.813 0.034 WISE_W1
58420.79268374 12.519 0.076 WISE_W2
58420.92358716 12.807 0.032 WISE_W1
58420.92358716 12.683 0.082 WISE_W2
58421.0544905 12.909 0.101 WISE_W2
58421.0544905 14.239 0.075 WISE_W1
58421.0544905 14.264 0.476 WISE_W2
58421.0544905 12.76 0.032 WISE_W1
58423.0834925 12.807 0.082 WISE_W2
58423.0834925 12.783 0.027 WISE_W1
58423.21439579 12.812 0.03 WISE_W1
58423.21439579 12.846 0.079 WISE_W2
58423.27984742 12.782 0.028 WISE_W1
58423.27984742 12.794 0.076 WISE_W2
58423.34529968 12.762 0.07 WISE_W2
58423.34529968 12.799 0.031 WISE_W1
58423.41075132 12.628 0.066 WISE_W2
58423.41075132 12.777 0.029 WISE_W1
58423.47607569 12.704 0.071 WISE_W2
58423.47607569 12.76 0.031 WISE_W1
58423.54101802 12.814 0.029 WISE_W1
58423.54101802 12.811 0.071 WISE_W2
58423.54114538 12.812 0.036 WISE_W1
58423.54114538 12.882 0.083 WISE_W2
58423.67243071 13.116 0.066 WISE_W1
58423.67243071 13.007 0.101 WISE_W2
58423.67243071 14.085 0.231 WISE_W2
58423.80333409 12.594 0.07 WISE_W2
58423.80333409 12.74 0.033 WISE_W1
58423.93423742 12.728 0.075 WISE_W2
58423.93423742 12.692 0.03 WISE_W1
58523.72799770022 17.635900497436523 0.06529399752616882 ZTF_r
58523.73538189987 17.885499954223633 0.05744599923491478 ZTF_g
58526.726446799934 17.45359992980957 0.044927000999450684 ZTF_r
58526.89840279985 17.542699813842773 0.06874199956655502 ZTF_g
58534.81520830002 16.797700881958008 0.07898200303316116 ZTF_r
58538.75266199978 17.12849998474121 0.08733700215816498 ZTF_g
58541.788958299905 17.1210994720459 0.11555600166320801 ZTF_r
58547.691736099776 17.405899047851562 0.044725000858306885 ZTF_r
58547.79025459988 17.738100051879883 0.05133200064301491 ZTF_g
58567.669178199954 18.292800903320312 0.05858900025486946 ZTF_g
58575.64756939979 18.031400680541992 0.1338060051202774 ZTF_r
58575.68924769992 18.422100067138672 0.0804079994559288 ZTF_g
58577.39458632 11.831 0.033 WISE_W2
58577.39458632 12.145 0.022 WISE_W1
58577.52498039 12.162 0.023 WISE_W1
58577.52498039 11.849 0.037 WISE_W2
58577.65626582 11.868 0.031 WISE_W2
58577.65626582 12.155 0.028 WISE_W1
58577.78716926 11.843 0.034 WISE_W2
58577.78716926 12.122 0.024 WISE_W1
58577.85249366 12.093 0.026 WISE_W1
58577.85249366 11.841 0.033 WISE_W2
58577.91794542 11.814 0.032 WISE_W2
58577.91794542 12.128 0.021 WISE_W1
58577.98339714 12.011 0.052 WISE_W2
58577.98339714 12.139 0.022 WISE_W1
58578.04884885 11.809 0.032 WISE_W2
58578.04884885 12.116 0.027 WISE_W1
58578.11417325 12.129 0.027 WISE_W1
58578.11417325 11.899 0.032 WISE_W2
58578.24507669 11.858 0.034 WISE_W2
58578.24507669 12.138 0.021 WISE_W1
58578.37585275 11.789 0.037 WISE_W2
58578.37585275 12.151 0.024 WISE_W1
58578.50624688 11.818 0.031 WISE_W2
58578.50624688 12.078 0.021 WISE_W1
58581.65247689979 18.167800903320312 0.10755100101232529 ZTF_r
58581.68953699991 18.42919921875 0.06854899972677231 ZTF_g
58584.65554400021 18.179100036621094 0.0852150022983551 ZTF_r
58584.708518499974 18.53580093383789 0.07704299688339233 ZTF_g
58588.66947920015 18.702999114990234 0.09405799955129623 ZTF_g
58591.63646990014 18.29520034790039 0.0858910009264946 ZTF_r
58591.64844910009 18.825599670410156 0.14033299684524536 ZTF_g
58594.69297449989 18.720800399780273 0.11971300095319748 ZTF_g
58598.65005790023 18.249399185180664 0.07429499924182892 ZTF_r
58598.69010420004 18.798099517822266 0.08802200108766556 ZTF_g
58602.69207180012 18.795299530029297 0.10726899653673172 ZTF_g
58608.66579859983 18.399700164794922 0.09025900065898895 ZTF_r
58608.67159719998 18.934099197387695 0.11557699739933014 ZTF_g
58757.02798609994 19.599700927734375 0.22158999741077423 ZTF_r
58765.00915510021 19.99340057373047 0.24056600034236908 ZTF_g
58767.9854629999 19.93939971923828 0.2780210077762604 ZTF_g
58785.96936339978 19.991199493408203 0.2060990035533905 ZTF_g
58787.08790179 11.67 0.031 WISE_W2
58787.08790179 12.161 0.023 WISE_W1
58787.21880508 11.614 0.03 WISE_W2
58787.21880508 12.148 0.021 WISE_W1
58787.34958162 12.145 0.025 WISE_W1
58787.34958162 11.678 0.038 WISE_W2
58787.41503326 12.126 0.022 WISE_W1
58787.41503326 11.601 0.032 WISE_W2
58787.4799756 12.136 0.025 WISE_W1
58787.4799756 11.659 0.031 WISE_W2
58787.54529993 11.615 0.03 WISE_W2
58787.54529993 12.164 0.022 WISE_W1
58787.61126093 11.632 0.031 WISE_W2
58787.61126093 12.113 0.022 WISE_W1
58787.67671257 11.574 0.038 WISE_W2
58787.67671257 12.085 0.028 WISE_W1
58787.80748859 11.658 0.036 WISE_W2
58787.80748859 12.119 0.022 WISE_W1
58787.93826456 12.34 0.034 WISE_W1
58787.93826456 11.604 0.031 WISE_W2
58787.93839192 12.179 0.029 WISE_W1
58787.93839192 11.625 0.036 WISE_W2
58788.06916795 11.654 0.029 WISE_W2
58788.06916795 12.119 0.023 WISE_W1
58849.964803200215 20.0762996673584 0.19690300524234772 ZTF_g
58864.70745369978 19.819799423217773 0.15857599675655365 ZTF_g
58867.83987270016 19.374000549316406 0.11446599662303925 ZTF_r
58867.885578699876 19.991300582885742 0.1641719937324524 ZTF_g
58871.728437500075 20.18079948425293 0.21216900646686554 ZTF_g
58874.75160880014 19.069400787353516 0.16666199266910553 ZTF_r
58877.772129599936 19.237699508666992 0.14559799432754517 ZTF_r
58880.708993100096 19.29669952392578 0.15226499736309052 ZTF_r
58880.73440970015 19.68950080871582 0.17789100110530853 ZTF_g
58883.727638899814 18.833099365234375 0.13283899426460266 ZTF_r
58891.69186339993 19.449899673461914 0.16060300171375275 ZTF_g
58891.77574069984 18.989900588989258 0.09410800039768219 ZTF_r
58892.79107639985 19.157400131225586 0.1435299962759018 ZTF_r
58894.707893500105 19.38050079345703 0.1268489956855774 ZTF_g
58894.73291670019 18.949800491333008 0.08490300178527832 ZTF_r
58898.73100689985 19.269500732421875 0.10335700213909149 ZTF_g
58898.79718750017 18.612499237060547 0.11801300197839737 ZTF_r
58900.74994210014 18.667600631713867 0.08665399998426437 ZTF_r
58903.690520800184 18.619800567626953 0.0730850026011467 ZTF_r
58903.75078700017 19.0231990814209 0.09645699709653854 ZTF_g
58906.68893520022 18.564699172973633 0.08876799792051315 ZTF_r
58906.753911999986 19.15060043334961 0.13320299983024597 ZTF_g
58909.70965280011 18.88319969177246 0.17365700006484985 ZTF_g
58912.64969909983 19.002500534057617 0.11472199857234955 ZTF_g
58912.70792819979 18.56450080871582 0.08656200021505356 ZTF_r
58939.69714119984 18.378400802612305 0.0716399997472763 ZTF_r
58940.693414399866 17.887500762939453 0.07911399751901627 ZTF_r
58941.60977588 11.517 0.033 WISE_W2
58941.60977588 12.081 0.024 WISE_W1
58941.7405519 11.997 0.022 WISE_W1
58941.7405519 11.5 0.04 WISE_W2
58941.87132807 11.545 0.043 WISE_W2
58941.87132807 12.045 0.024 WISE_W1
58944.48684997 11.431 0.032 WISE_W2
58944.48684997 12.001 0.024 WISE_W1
58944.61762603 12.032 0.025 WISE_W1
58944.61762603 11.47 0.04 WISE_W2
58944.61762603 14.153 0.19 WISE_W2
58944.61762603 14.432 0.068 WISE_W1
58944.74840209 12.013 0.024 WISE_W1
58944.74840209 11.44 0.04 WISE_W2
58944.87917822 11.493 0.03 WISE_W2
58944.87917822 12.02 0.021 WISE_W1
58944.94462993 11.477 0.031 WISE_W2
58944.94462993 11.981 0.024 WISE_W1
58945.00995428 11.467 0.033 WISE_W2
58945.00995428 12.001 0.022 WISE_W1
58945.075406 12.015 0.027 WISE_W1
58945.075406 11.533 0.039 WISE_W2
58945.14073039 11.467 0.027 WISE_W2
58945.14073039 12.064 0.023 WISE_W1
58945.20618211 11.952 0.023 WISE_W1
58945.20618211 11.446 0.038 WISE_W2
58945.33695812 11.517 0.035 WISE_W2
58945.33695812 11.985 0.021 WISE_W1
58945.46773425 12.02 0.021 WISE_W1
58945.46773425 11.54 0.029 WISE_W2
58945.59851027 11.959 0.022 WISE_W1
58945.59851027 11.478 0.029 WISE_W2
58955.6927894 18.295499801635742 0.0911870002746582 ZTF_r
58964.725254599936 18.283199310302734 0.06998699903488159 ZTF_r
58967.6915972 18.733999252319336 0.09984099864959717 ZTF_g
58972.71185189998 18.580699920654297 0.1268099993467331 ZTF_g
59124.96244210005 17.62220001220703 0.0739549994468689 ZTF_r
59125.00788189983 18.22909927368164 0.09014599770307541 ZTF_g
59126.98459490016 18.195499420166016 0.0912569984793663 ZTF_g
59127.02168980008 17.754199981689453 0.0481100007891655 ZTF_r
59128.966006900184 18.44029998779297 0.12879599630832672 ZTF_g
59129.02068290021 17.7460994720459 0.05309800058603287 ZTF_r
59130.99881940009 18.153499603271484 0.08181300014257431 ZTF_g
59131.02256939979 17.74370002746582 0.05399300158023834 ZTF_r
59135.97562499996 18.243200302124023 0.06535699963569641 ZTF_g
59136.01444440009 17.748199462890625 0.04710200056433678 ZTF_r
59137.977661999874 18.260900497436523 0.07751700282096863 ZTF_g
59138.00281250011 17.7362003326416 0.06211499869823456 ZTF_r
59139.95687500015 18.243799209594727 0.08014100044965744 ZTF_g
59140.017419000156 17.692399978637695 0.05274000018835068 ZTF_r
59141.956412000116 18.345399856567383 0.08243399858474731 ZTF_g
59141.98388889991 17.65679931640625 0.05641400068998337 ZTF_r
59143.99899310013 17.692399978637695 0.041120000183582306 ZTF_r
59144.00753469998 18.28380012512207 0.047453999519348145 ZTF_g
59145.95718749985 18.341400146484375 0.06623999774456024 ZTF_g
59146.01978009986 17.72949981689453 0.04693000018596649 ZTF_r
59150.01648150012 18.284400939941406 0.056478001177310944 ZTF_g
59150.99965280015 17.705799102783203 0.05178200080990791 ZTF_r
59151.00590279978 18.252199172973633 0.06177400052547455 ZTF_g
59151.36466851 11.4 0.018 WISE_W1
59151.36466851 10.74 0.023 WISE_W2
59151.49544457 11.403 0.018 WISE_W1
59151.49544457 10.734 0.024 WISE_W2
59151.6262205 11.393 0.019 WISE_W1
59151.6262205 10.77 0.022 WISE_W2
59151.69167214 10.744 0.021 WISE_W2
59151.69167214 11.395 0.018 WISE_W1
59151.75699647 11.349 0.021 WISE_W1
59151.75699647 10.783 0.021 WISE_W2
59151.82244816 11.393 0.018 WISE_W1
59151.82244816 10.792 0.02 WISE_W2
59151.88777244 10.866 0.023 WISE_W2
59151.88777244 11.404 0.021 WISE_W1
59151.95322413 11.425 0.019 WISE_W1
59151.95322413 10.727 0.021 WISE_W2
59151.981354199816 18.30150032043457 0.09654200077056885 ZTF_g
59152.0840001 11.422 0.021 WISE_W1
59152.0840001 10.802 0.023 WISE_W2
59152.21477608 10.747 0.023 WISE_W2
59152.21477608 11.438 0.021 WISE_W1
59152.34555205 11.398 0.018 WISE_W1
59152.34555205 10.743 0.021 WISE_W2
59152.98099539988 17.649099349975586 0.06016800180077553 ZTF_r
59153.01680559991 18.145700454711914 0.07242900133132935 ZTF_g
59155.999247699976 17.7091007232666 0.051771000027656555 ZTF_r
59156.00516200019 18.140899658203125 0.06972400099039078 ZTF_g
59156.98333329987 18.315000534057617 0.09551200270652771 ZTF_g
59157.041261599865 17.74139976501465 0.04989499971270561 ZTF_r
59158.981909700204 18.190200805664062 0.06718000024557114 ZTF_g
59159.00627310015 17.61680030822754 0.08385200053453445 ZTF_r
59165.936400500126 17.700599670410156 0.04048300161957741 ZTF_r
59165.95748839993 18.218799591064453 0.055128999054431915 ZTF_g
59168.95902779978 17.75550079345703 0.055201999843120575 ZTF_r
59168.96392360004 18.38599967956543 0.08399300277233124 ZTF_g
59170.94096060004 18.269800186157227 0.05131800100207329 ZTF_g
59171.00724539999 17.668100357055664 0.04505100101232529 ZTF_r
59173.941736099776 18.246299743652344 0.053015999495983124 ZTF_g
59176.98869210016 18.272499084472656 0.051364000886678696 ZTF_g
59177.029108799994 17.762399673461914 0.046737998723983765 ZTF_r
59178.98266200023 18.245899200439453 0.05922799929976463 ZTF_g
59180.94377310015 17.637699127197266 0.08431100100278854 ZTF_r
59182.97532409988 17.69230079650879 0.053957000374794006 ZTF_r
59183.026481499895 18.299400329589844 0.08407600224018097 ZTF_g
59184.930405099876 18.309200286865234 0.09059999883174896 ZTF_g
59184.99907410005 17.653600692749023 0.0483269989490509 ZTF_r
59187.006840299815 18.11750030517578 0.17837700247764587 ZTF_g
59188.94097220013 18.26689910888672 0.09702800214290619 ZTF_g
59193.92006940022 18.299699783325195 0.06509900093078613 ZTF_g
59193.984826399945 17.738300323486328 0.048879001289606094 ZTF_r
59195.96556709986 17.649499893188477 0.08344300091266632 ZTF_r
59198.87339119986 18.219100952148438 0.061980001628398895 ZTF_g
59198.927824100014 17.644699096679688 0.04554799944162369 ZTF_r
59200.88090279978 17.66629981994629 0.08265099674463272 ZTF_r
59200.93307870021 18.260099411010742 0.07462500035762787 ZTF_g
59203.87518520001 18.272899627685547 0.06518500298261642 ZTF_g
59203.955578700174 17.658899307250977 0.057617999613285065 ZTF_r
59205.8792940001 18.074499130249023 0.10251700133085251 ZTF_g
59210.75414349977 18.252099990844727 0.08793099969625473 ZTF_g
59210.89886569977 17.698699951171875 0.04994399845600128 ZTF_r
59216.88057869999 17.510000228881836 0.09715300053358078 ZTF_r
59216.94560190011 18.280099868774414 0.07643099874258041 ZTF_g
59218.901979200076 17.71030044555664 0.05134499818086624 ZTF_r
59220.84172450006 18.186199188232422 0.08805499970912933 ZTF_g
59220.90559029998 17.84869956970215 0.09176000207662582 ZTF_r
59222.83739579981 17.706499099731445 0.05008900165557861 ZTF_r
59222.88012730004 18.253299713134766 0.08343800157308578 ZTF_g
59224.796354200225 17.576099395751953 0.05996900051832199 ZTF_r
59224.899664400145 18.363399505615234 0.08845999836921692 ZTF_g
59226.837013899814 18.308399200439453 0.07416799664497375 ZTF_g
59226.90971060004 17.73889923095703 0.052129000425338745 ZTF_r
59228.84508100012 17.67530059814453 0.05911799892783165 ZTF_r
59228.86515050009 18.28339958190918 0.05542200058698654 ZTF_g
59230.777928200085 17.649799346923828 0.06054899841547012 ZTF_r
59230.837291699834 18.33449935913086 0.06479600071907043 ZTF_g
59232.85422449978 17.776500701904297 0.05722599849104881 ZTF_r
59232.858576400205 18.350299835205078 0.05004400014877319 ZTF_g
59248.74828700023 17.811800003051758 0.06446400284767151 ZTF_r
59248.75363430008 18.4862003326416 0.07859999686479568 ZTF_g
59250.75900459988 18.513700485229492 0.06775999814271927 ZTF_g
59250.85273149982 17.984699249267578 0.05674000084400177 ZTF_r
59252.713136599865 17.973899841308594 0.06541799753904343 ZTF_r
59252.767824099865 18.5393009185791 0.06327000260353088 ZTF_g
59254.75513890013 18.010700225830078 0.04261000081896782 ZTF_r
59254.77552080015 18.58930015563965 0.054958999156951904 ZTF_g
59256.73531250004 18.047100067138672 0.048158999532461166 ZTF_r
59256.795347199775 18.680599212646484 0.0991159975528717 ZTF_g
59260.75486110011 18.149599075317383 0.06238200142979622 ZTF_r
59260.77464119997 18.777599334716797 0.13233500719070435 ZTF_g
59263.733854200225 18.007999420166016 0.08816999942064285 ZTF_r
59263.77405089978 18.773399353027344 0.14473900198936462 ZTF_g
59265.703877300024 18.895599365234375 0.10089100152254105 ZTF_g
59265.75226850016 18.26959991455078 0.06458300352096558 ZTF_r
59267.733344899956 18.933799743652344 0.1055229976773262 ZTF_g
59267.79721060023 18.28700065612793 0.09014900028705597 ZTF_r
59269.732164400164 19.135700225830078 0.1709980070590973 ZTF_g
59271.72782409983 19.028900146484375 0.16986000537872314 ZTF_g
59271.75636570016 18.477399826049805 0.09555400162935257 ZTF_r
59273.67203699984 19.026199340820312 0.1541139930486679 ZTF_g
59275.67069440009 19.101999282836914 0.0934239998459816 ZTF_g
59275.778252299875 18.458099365234375 0.09399999678134918 ZTF_r
59278.687349500135 18.495100021362305 0.07958400249481201 ZTF_r
59278.7345718001 19.351200103759766 0.19072400033473969 ZTF_g
59281.72572920006 18.474599838256836 0.0738229975104332 ZTF_r
59281.823055599816 19.14419937133789 0.10907699912786484 ZTF_g
59291.71879629977 18.589099884033203 0.07255499809980392 ZTF_r
59293.651782399975 19.194900512695312 0.10968299955129623 ZTF_g
59293.728148099966 18.539400100708008 0.07683199644088745 ZTF_r
59302.65041670017 19.2278995513916 0.20049099624156952 ZTF_g
59302.69152780017 18.69099998474121 0.10260000079870224 ZTF_r
59304.65024309978 18.747100830078125 0.14910000562667847 ZTF_r
59304.70864580013 19.40850067138672 0.18415799736976624 ZTF_g
59306.6842939998 19.43589973449707 0.10919000208377838 ZTF_g
59306.69194439985 18.69219970703125 0.11696700006723404 ZTF_r
59308.695162000135 18.737499237060547 0.08158499747514725 ZTF_r
59308.70007102 10.771 0.025 WISE_W2
59308.70007102 11.511 0.019 WISE_W1
59308.74995370023 19.3572998046875 0.1502390056848526 ZTF_g
59308.83084712 11.44 0.021 WISE_W1
59308.83084712 10.793 0.022 WISE_W2
59308.96149587 11.537 0.021 WISE_W1
59308.96149587 10.748 0.021 WISE_W2
59309.02694758 11.516 0.02 WISE_W1
59309.02694758 10.8 0.028 WISE_W2
59309.09227253 10.784 0.019 WISE_W2
59309.09227253 11.528 0.018 WISE_W1
59309.15721485 11.516 0.021 WISE_W1
59309.15721485 10.807 0.025 WISE_W2
59309.22253919 10.784 0.025 WISE_W2
59309.22253919 11.516 0.018 WISE_W1
59309.2883729 10.808 0.022 WISE_W2
59309.2883729 11.554 0.02 WISE_W1
59309.41914891 11.533 0.018 WISE_W1
59309.41914891 10.781 0.021 WISE_W2
59309.5497977 11.529 0.02 WISE_W1
59309.5497977 10.743 0.023 WISE_W2
59309.54992501 10.805 0.022 WISE_W2
59309.54992501 11.552 0.023 WISE_W1
59309.6805737 11.542 0.018 WISE_W1
59309.6805737 10.754 0.019 WISE_W2
59310.694837999996 18.694799423217773 0.09587199985980988 ZTF_r
59310.72046299977 19.349899291992188 0.17154499888420105 ZTF_g
59312.66971059982 18.83449935913086 0.1034030020236969 ZTF_r
59312.71207180014 19.413999557495117 0.14438700675964355 ZTF_g
59314.686273099855 18.71649932861328 0.07843100279569626 ZTF_r
59314.714629599825 19.355899810791016 0.13890400528907776 ZTF_g
59316.67496530013 18.885900497436523 0.08850300312042236 ZTF_r
59319.671701400075 19.530799865722656 0.14464400708675385 ZTF_g
59321.69190970017 18.858400344848633 0.11935099959373474 ZTF_r
59323.66263889987 19.73579978942871 0.1837729960680008 ZTF_g
59323.70578699978 18.884199142456055 0.12794500589370728 ZTF_r
59325.66109950002 18.89069938659668 0.14226999878883362 ZTF_r
59325.71466440009 19.3262996673584 0.21904399991035461 ZTF_g
59329.712858799845 18.884979248046875 0.15737999975681305 ZTF_r
59329.712858799845 18.885000228881836 0.15737999975681305 ZTF_r
59329.712858799845 18.885000228881836 0.15737999975681305 ZTF_r
59335.666284699924 18.947500228881836 0.1220569983124733 ZTF_r
59338.685057899915 19.68931007385254 0.1670680046081543 ZTF_g
59474.0124884001 19.822500228881836 0.20824900269508362 ZTF_r
59515.59175564 11.065 0.027 WISE_W2
59515.59175564 11.875 0.021 WISE_W1
59518.46755398 11.865 0.022 WISE_W1
59518.46755398 11.108 0.024 WISE_W2
59518.59820255 11.849 0.02 WISE_W1
59518.59820255 11.085 0.024 WISE_W2
59518.72885117 11.063 0.025 WISE_W2
59518.72885117 11.842 0.024 WISE_W1
59518.85962712 11.873 0.022 WISE_W1
59518.85962712 11.107 0.026 WISE_W2
59518.92495147 11.098 0.026 WISE_W2
59518.92495147 11.85 0.02 WISE_W1
59518.99027574 11.8 0.022 WISE_W1
59518.99027574 11.052 0.026 WISE_W2
59519.05560009 11.101 0.026 WISE_W2
59519.05560009 11.867 0.02 WISE_W1
59519.18586672 11.065 0.03 WISE_W2
59519.18586672 11.86 0.022 WISE_W1
59519.31702461 11.108 0.031 WISE_W2
59519.31702461 11.878 0.021 WISE_W1
59519.4476738 11.064 0.025 WISE_W2
59519.4476738 11.785 0.024 WISE_W1
59672.792619 11.056 0.025 WISE_W2
59672.792619 11.843 0.02 WISE_W1
59672.92314053 11.096 0.026 WISE_W2
59672.92314053 11.829 0.025 WISE_W1
59672.92326789 11.047 0.027 WISE_W2
59672.92326789 11.792 0.024 WISE_W1
59673.05366257 11.869 0.023 WISE_W1
59673.05366257 11.134 0.025 WISE_W2
59673.05378994 11.078 0.033 WISE_W2
59673.05378994 11.863 0.024 WISE_W1
59673.18431141 11.054 0.022 WISE_W2
59673.18431141 11.767 0.022 WISE_W1
59673.24963579 11.854 0.027 WISE_W1
59673.24963579 11.101 0.03 WISE_W2
59673.31483284 11.038 0.023 WISE_W2
59673.31483284 11.847 0.024 WISE_W1
59673.31496015 11.068 0.024 WISE_W2
59673.31496015 11.885 0.024 WISE_W1
59673.38015726 11.856 0.022 WISE_W1
59673.38015726 11.048 0.025 WISE_W2
59673.44497231 11.071 0.025 WISE_W2
59673.44497231 11.829 0.022 WISE_W1
59673.51029674 11.062 0.022 WISE_W2
59673.51029674 11.861 0.02 WISE_W1
59673.64132748 11.077 0.025 WISE_W2
59673.64132748 11.818 0.021 WISE_W1
59673.77197631 11.032 0.027 WISE_W2
59673.77197631 11.873 0.02 WISE_W1
59673.90249778 11.021 0.023 WISE_W2
59673.90249778 11.851 0.019 WISE_W1
59680.16956634 11.085 0.027 WISE_W2
59680.16956634 11.866 0.021 WISE_W1
59882.5532106 11.127 0.023 WISE_W2
59882.5532106 11.92 0.021 WISE_W1
59882.68398655 11.913 0.021 WISE_W1
59882.68398655 11.095 0.025 WISE_W2
59882.68411392 11.125 0.025 WISE_W2
59882.68411392 11.927 0.024 WISE_W1
59882.81438061 11.136 0.03 WISE_W2
59882.81438061 11.953 0.021 WISE_W1
59882.94477458 11.941 0.023 WISE_W1
59882.94477458 11.163 0.032 WISE_W2
59883.00997159 11.114 0.024 WISE_W2
59883.00997159 11.936 0.021 WISE_W1
59883.07516859 11.147 0.026 WISE_W2
59883.07516859 11.866 0.024 WISE_W1
59883.13985624 11.945 0.02 WISE_W1
59883.13985624 11.1 0.028 WISE_W2
59883.20556256 11.076 0.025 WISE_W2
59883.20556256 11.912 0.022 WISE_W1
59883.27075956 11.964 0.023 WISE_W1
59883.27075956 11.103 0.028 WISE_W2
59883.4010262 11.117 0.03 WISE_W2
59883.4010262 11.946 0.026 WISE_W1
59883.40115356 11.897 0.028 WISE_W1
59883.40115356 11.129 0.028 WISE_W2
59883.53091081 11.147 0.025 WISE_W2
59883.53091081 11.953 0.024 WISE_W1
60039.99280822 11.957 0.022 WISE_W1
60039.99280822 11.231 0.027 WISE_W2
60040.12282039 11.197 0.026 WISE_W2
60040.12282039 12.03 0.023 WISE_W1
60040.25283256 11.261 0.025 WISE_W2
60040.25283256 12.009 0.022 WISE_W1
60040.38271737 11.22 0.023 WISE_W2
60040.38271737 12.046 0.024 WISE_W1
60040.44778714 12.009 0.023 WISE_W1
60040.44778714 11.199 0.028 WISE_W2
60040.51272949 11.201 0.026 WISE_W2
60040.51272949 12.025 0.021 WISE_W1
60040.5776719 11.197 0.025 WISE_W2
60040.5776719 12.006 0.025 WISE_W1
60040.64274223 11.989 0.022 WISE_W1
60040.64274223 11.215 0.025 WISE_W2
60040.70768464 12.039 0.021 WISE_W1
60040.70768464 11.216 0.027 WISE_W2
60040.83769685 12.061 0.021 WISE_W1
60040.83769685 11.201 0.024 WISE_W2
60040.96758171 12.024 0.024 WISE_W1
60040.96758171 11.21 0.027 WISE_W2
60246.80887982 11.37 0.028 WISE_W2
60246.80887982 12.147 0.022 WISE_W1
60246.93825516 11.339 0.029 WISE_W2
60246.93825516 12.136 0.022 WISE_W1
60247.06775781 11.36 0.028 WISE_W2
60247.06775781 12.203 0.023 WISE_W1
60247.13244549 11.384 0.027 WISE_W2
60247.13244549 12.211 0.023 WISE_W1
60247.19713316 12.168 0.026 WISE_W1
60247.19713316 11.404 0.03 WISE_W2
60247.26182083 12.119 0.022 WISE_W1
60247.26182083 11.412 0.027 WISE_W2
60247.32650851 11.418 0.028 WISE_W2
60247.32650851 12.13 0.025 WISE_W1
60247.39119618 11.372 0.03 WISE_W2
60247.39119618 12.112 0.026 WISE_W1
60247.52044416 12.198 0.024 WISE_W1
60247.52044416 11.392 0.027 WISE_W2
60247.64981946 11.417 0.028 WISE_W2
60247.64981946 12.133 0.024 WISE_W1
60247.77919475 11.365 0.028 WISE_W2
60247.77919475 12.136 0.022 WISE_W1
60253.40549491 14.44 0.079 WISE_W1
60253.40549491 12.142 0.024 WISE_W1
60253.40549491 11.343 0.038 WISE_W2
60404.19682928 12.4 0.027 WISE_W1
60404.19682928 11.713 0.043 WISE_W2
60404.3258226 11.729 0.042 WISE_W2
60404.3258226 12.34 0.028 WISE_W1
60404.45392462 11.868 0.062 WISE_W2
60404.45392462 12.39 0.026 WISE_W1
60404.58304531 11.7 0.033 WISE_W2
60404.58304531 12.411 0.025 WISE_W1
60404.64722366 12.373 0.027 WISE_W1
60404.64722366 11.751 0.035 WISE_W2
60404.71152938 12.397 0.023 WISE_W1
60404.71152938 11.7 0.032 WISE_W2
60404.77583508 11.746 0.036 WISE_W2
60404.77583508 12.428 0.028 WISE_W1
60404.84014075 12.327 0.034 WISE_W1
60404.84014075 11.682 0.028 WISE_W2
60404.90431914 12.362 0.027 WISE_W1
60404.90431914 11.718 0.03 WISE_W2
60405.03293052 11.678 0.037 WISE_W2
60405.03293052 12.382 0.023 WISE_W1
60405.16090522 11.728 0.03 WISE_W2
60405.16090522 12.295 0.028 WISE_W1
60405.16103253 12.403 0.031 WISE_W1
60405.16103253 11.657 0.03 WISE_W2
60927.014270800166 18.615999221801758 0.15998700261116028 ZTF_r
60927.01474539982 18.674400329589844 0.2265229970216751 ZTF_r
60928.01311339997 18.486600875854492 0.16548499464988708 ZTF_r
60928.01718749991 18.52910041809082 0.17182299494743347 ZTF_r
60930.01060190005 18.664899826049805 0.16844800114631653 ZTF_r
60930.01458329987 18.79509925842285 0.15794700384140015 ZTF_r
60931.01098380005 18.739999771118164 0.1538199931383133 ZTF_r
60931.01497690007 18.574399948120117 0.1597609966993332 ZTF_r
60931.018969899975 18.517000198364258 0.135125994682312 ZTF_r
60934.01386569999 18.671100616455078 0.15315400063991547 ZTF_r
60935.00956019992 18.541799545288086 0.10419899970293045 ZTF_r
60935.01356479991 18.892099380493164 0.1762710064649582 ZTF_r
60935.017569399904 18.614763259887695 0.12162788957357407 ZTF_r
61087.74196759984 18.369300842285156 0.15374499559402466 ZTF_i
61093.66872690013 18.29840087890625 0.13222399353981018 ZTF_i
61094.863541699946 18.364299774169922 0.09647300094366074 ZTF_i
61095.8837731001 18.252700805664062 0.09814299643039703 ZTF_i
61097.69335650001 18.33839988708496 0.12140099704265594 ZTF_i
61102.67682870012 18.272417068481445 0.12042716890573502 ZTF_i
