MJD mag magerr band
56736.33226729 14.734 0.099 WISE_W1
56736.46393462 14.961 0.489 WISE_W2
56736.46393462 14.71 0.12 WISE_W1
56736.59559873 14.401 0.212 WISE_W2
56736.59559873 14.533 0.078 WISE_W1
56736.66143238 14.928 0.333 WISE_W2
56736.66143238 14.777 0.09 WISE_W1
56736.72726598 14.667 0.077 WISE_W1
56736.72726598 14.5 0.244 WISE_W2
56736.79309964 14.674 0.099 WISE_W1
56736.85893329 14.548 0.071 WISE_W1
56736.85893329 14.468 0.218 WISE_W2
56736.85906065 14.408 0.223 WISE_W2
56736.85906065 14.734 0.081 WISE_W1
56736.92476699 14.726 0.09 WISE_W1
56736.92476699 15.344 0.487 WISE_W2
56736.92489431 14.822 0.092 WISE_W1
56736.92489431 14.578 0.355 WISE_W2
56737.05656161 14.851 0.371 WISE_W2
56737.05656161 14.595 0.076 WISE_W1
56737.18822891 14.648 0.098 WISE_W1
56737.18822891 14.54 0.246 WISE_W2
56737.31989622 14.417 0.068 WISE_W1
56927.76422348 14.917 0.322 WISE_W2
56927.76422348 14.807 0.087 WISE_W1
56927.8957636 14.286 0.225 WISE_W2
56927.8957636 14.683 0.078 WISE_W1
56928.02730367 14.677 0.268 WISE_W2
56928.02730367 14.762 0.087 WISE_W1
56928.15884374 14.302 0.232 WISE_W2
56928.15884374 14.783 0.087 WISE_W1
56928.22455 14.332 0.219 WISE_W2
56928.22455 14.812 0.089 WISE_W1
56928.29038372 14.562 0.073 WISE_W1
56928.29038372 14.353 0.238 WISE_W2
56928.35609007 14.741 0.085 WISE_W1
56928.35609007 14.601 0.308 WISE_W2
56928.42192378 14.616 0.265 WISE_W2
56928.42192378 14.682 0.085 WISE_W1
56928.48763019 14.465 0.066 WISE_W1
56928.48763019 14.651 0.304 WISE_W2
56928.61917021 14.868 0.412 WISE_W2
56928.61917021 14.709 0.087 WISE_W1
56928.75071028 14.522 0.072 WISE_W1
56928.75071028 14.732 0.258 WISE_W2
57095.3833553 14.503 0.232 WISE_W2
57095.3833553 14.724 0.103 WISE_W1
57095.51464073 14.381 0.236 WISE_W2
57095.51464073 14.617 0.087 WISE_W1
57095.51476804 14.668 0.081 WISE_W1
57095.51476804 14.92 0.332 WISE_W2
57095.64605347 14.384 0.213 WISE_W2
57095.64605347 14.626 0.109 WISE_W1
57095.71175988 14.731 0.091 WISE_W1
57095.77733895 14.736 0.294 WISE_W2
57095.77733895 14.859 0.103 WISE_W1
57095.84304536 14.861 0.392 WISE_W2
57095.84304536 14.553 0.076 WISE_W1
57095.90875178 14.334 0.242 WISE_W2
57095.90875178 14.511 0.085 WISE_W1
57095.97433088 14.524 0.077 WISE_W1
57095.97433088 14.579 0.323 WISE_W2
57096.10574367 14.737 0.31 WISE_W2
57096.10574367 14.486 0.088 WISE_W1
57096.2370291 14.566 0.089 WISE_W1
57096.2370291 14.991 0.37 WISE_W2
57096.36831451 14.62 0.087 WISE_W1
57096.36831451 14.214 0.169 WISE_W2
57289.70946478 14.726 0.093 WISE_W1
57289.70946478 14.82 0.34 WISE_W2
57289.840623 14.839 0.373 WISE_W2
57289.840623 14.981 0.139 WISE_W1
57289.97178131 14.709 0.086 WISE_W1
57289.97178131 15.017 0.34 WISE_W2
57290.10293962 14.751 0.096 WISE_W1
57290.10293962 14.149 0.22 WISE_W2
57290.10306693 14.594 0.241 WISE_W2
57290.10306693 14.597 0.076 WISE_W1
57290.16864606 14.771 0.086 WISE_W1
57290.16864606 14.754 0.29 WISE_W2
57290.2342252 14.822 0.097 WISE_W1
57290.2342252 15.155 0.508 WISE_W2
57290.29980428 14.247 0.217 WISE_W2
57290.29980428 14.534 0.074 WISE_W1
57290.43096255 14.658 0.084 WISE_W1
57290.43096255 14.293 0.234 WISE_W2
57290.56212081 14.511 0.281 WISE_W2
57290.56212081 14.681 0.169 WISE_W1
57290.69327907 14.851 0.375 WISE_W2
57290.69327907 14.521 0.074 WISE_W1
57290.69340639 14.756 0.086 WISE_W1
57290.69340639 14.621 0.267 WISE_W2
57454.45838966 14.636 0.096 WISE_W1
57454.45838966 14.41 0.241 WISE_W2
57454.58942078 14.613 0.085 WISE_W1
57454.58942078 14.55 0.237 WISE_W2
57454.72057977 14.833 0.086 WISE_W1
57454.72057977 14.387 0.223 WISE_W2
57454.78603163 14.838 0.095 WISE_W1
57454.78603163 14.346 0.231 WISE_W2
57454.85161087 14.505 0.069 WISE_W1
57454.85161087 14.527 0.255 WISE_W2
57454.9171901 14.792 0.087 WISE_W1
57454.9171901 15.379 0.448 WISE_W2
57454.98276934 14.546 0.13 WISE_W1
57454.98276934 14.475 0.229 WISE_W2
57455.04822122 14.652 0.101 WISE_W1
57455.04822122 14.647 0.219 WISE_W2
57455.17937969 14.142 0.152 WISE_W2
57455.17937969 14.863 0.095 WISE_W1
57455.31041074 14.242 0.187 WISE_W2
57455.31041074 14.613 0.072 WISE_W1
57463.56855458 14.675 0.36 WISE_W2
57463.56855458 14.561 0.078 WISE_W1
57653.73389968 14.694 0.088 WISE_W1
57653.86493086 14.553 0.081 WISE_W1
57653.99596204 14.694 0.091 WISE_W1
57654.12699317 14.589 0.085 WISE_W1
57654.12699317 14.763 0.436 WISE_W2
57654.19244508 14.728 0.097 WISE_W1
57654.19244508 14.478 0.332 WISE_W2
57654.19257244 14.665 0.411 WISE_W2
57654.19257244 14.557 0.085 WISE_W1
57656.74736223 14.411 0.232 WISE_W2
57656.74736223 14.651 0.08 WISE_W1
57656.87839346 14.854 0.098 WISE_W1
57656.87839346 14.437 0.22 WISE_W2
57657.00942464 14.319 0.248 WISE_W2
57657.00942464 14.621 0.087 WISE_W1
57657.07487655 14.971 0.348 WISE_W2
57657.07487655 14.58 0.075 WISE_W1
57657.14045578 14.206 0.292 WISE_W2
57657.14045578 14.672 0.09 WISE_W1
57657.20590764 14.4 0.257 WISE_W2
57657.20590764 14.854 0.094 WISE_W1
57657.27135955 15.185 0.442 WISE_W2
57657.27135955 14.777 0.112 WISE_W1
57657.27148691 14.769 0.088 WISE_W1
57657.27148691 14.101 0.178 WISE_W2
57657.33693882 14.152 0.184 WISE_W2
57657.33693882 14.576 0.078 WISE_W1
57657.46797006 14.585 0.343 WISE_W2
57657.46797006 14.717 0.116 WISE_W1
57657.59900113 14.721 0.088 WISE_W1
57657.73003222 14.604 0.247 WISE_W2
57657.73003222 15.333 0.219 WISE_W1
57818.04282203 14.635 0.092 WISE_W1
57818.04282203 14.152 0.227 WISE_W2
57818.17385328 14.864 0.135 WISE_W1
57818.17385328 14.431 0.312 WISE_W2
57818.30475715 14.613 0.094 WISE_W1
57818.30475715 14.217 0.265 WISE_W2
57818.30488447 14.701 0.495 WISE_W2
57818.30488447 14.634 0.092 WISE_W1
57820.53139698 14.276 0.255 WISE_W2
57820.53139698 14.528 0.082 WISE_W1
57820.66230086 14.941 0.116 WISE_W1
57820.79333215 14.332 0.3 WISE_W2
57820.79333215 14.657 0.101 WISE_W1
57820.92423603 14.622 0.095 WISE_W1
57820.92423603 14.631 0.357 WISE_W2
57820.98981534 14.71 0.535 WISE_W2
57820.98981534 14.674 0.093 WISE_W1
57821.05526727 14.342 0.312 WISE_W2
57821.05526727 14.635 0.085 WISE_W1
57821.12071926 14.082 0.234 WISE_W2
57821.12071926 14.81 0.119 WISE_W1
57821.25175045 14.54 0.306 WISE_W2
57821.25175045 14.869 0.1 WISE_W1
57821.38265428 14.73 0.289 WISE_W2
57821.38265428 14.515 0.074 WISE_W1
58020.84090545 14.658 0.081 WISE_W1
58020.84090545 14.646 0.272 WISE_W2
58020.97180888 14.676 0.082 WISE_W1
58020.97180888 15.27 0.517 WISE_W2
58021.10283956 14.776 0.124 WISE_W1
58021.10283956 14.789 0.297 WISE_W2
58021.23374294 14.419 0.07 WISE_W1
58021.29919459 14.89 0.1 WISE_W1
58021.36464631 14.44 0.226 WISE_W2
58021.36464631 14.632 0.083 WISE_W1
58021.43009797 14.596 0.078 WISE_W1
58021.43009797 14.718 0.311 WISE_W2
58021.49554971 14.719 0.087 WISE_W1
58021.49554971 14.833 0.33 WISE_W2
58021.56100138 14.803 0.09 WISE_W1
58021.56100138 15.008 0.499 WISE_W2
58021.56112874 14.735 0.093 WISE_W1
58021.56112874 14.576 0.267 WISE_W2
58021.69203269 14.647 0.092 WISE_W1
58021.69203269 14.366 0.201 WISE_W2
58021.82293605 14.612 0.075 WISE_W1
58021.82293605 14.116 0.21 WISE_W2
58021.95383948 15.102 0.129 WISE_W1
58021.95383948 14.971 0.35 WISE_W2
58178.50421862 14.918 0.323 WISE_W2
58178.50421862 14.874 0.096 WISE_W1
58178.63512279 14.5 0.069 WISE_W1
58178.63512279 14.364 0.252 WISE_W2
58178.76602711 14.328 0.224 WISE_W2
58178.76602711 14.594 0.087 WISE_W1
58178.83147927 14.629 0.236 WISE_W2
58178.83147927 14.754 0.093 WISE_W1
58178.89693142 14.687 0.303 WISE_W2
58178.89693142 14.668 0.078 WISE_W1
58178.96238359 14.754 0.083 WISE_W1
58178.96238359 14.71 0.482 WISE_W2
58179.02783575 14.551 0.072 WISE_W1
58179.02783575 14.463 0.243 WISE_W2
58179.09328791 13.51 0.143 WISE_W2
58179.09328791 14.649 0.085 WISE_W1
58179.22419218 14.508 0.087 WISE_W1
58179.22419218 14.466 0.243 WISE_W2
58179.3550964 15.588 0.537 WISE_W2
58179.3550964 14.603 0.095 WISE_W1
58385.12457538 14.5 0.251 WISE_W2
58385.12457538 14.621 0.09 WISE_W1
58385.25547855 14.833 0.128 WISE_W1
58385.38638186 14.269 0.106 WISE_W1
58385.38638186 14.596 0.277 WISE_W2
58385.51728514 14.659 0.078 WISE_W1
58385.51728514 14.445 0.262 WISE_W2
58385.58260942 14.709 0.117 WISE_W1
58385.58260942 14.752 0.281 WISE_W2
58385.58273674 14.664 0.257 WISE_W2
58385.58273674 15.011 0.126 WISE_W1
58385.64806108 14.869 0.14 WISE_W1
58385.71351269 14.857 0.098 WISE_W1
58385.71351269 15.168 0.501 WISE_W2
58385.77896435 14.376 0.197 WISE_W2
58385.77896435 14.654 0.087 WISE_W1
58385.84441601 14.987 0.12 WISE_W1
58385.84441601 14.152 0.183 WISE_W2
58385.97531932 14.176 0.199 WISE_W2
58385.97531932 14.684 0.132 WISE_W1
58386.10622263 14.151 0.214 WISE_W2
58386.10622263 14.603 0.085 WISE_W1
58393.30475875 14.546 0.426 WISE_W2
58393.30475875 15.022 0.13 WISE_W1
58393.30488611 14.53 0.094 WISE_W1
58393.30488611 14.487 0.418 WISE_W2
58542.59459988 14.904 0.343 WISE_W2
58542.59459988 14.76 0.089 WISE_W1
58542.72550295 14.939 0.11 WISE_W1
58542.72550295 14.499 0.207 WISE_W2
58542.8562788 14.876 0.129 WISE_W1
58542.8562788 14.448 0.21 WISE_W2
58542.98718196 14.358 0.189 WISE_W2
58542.98718196 14.504 0.081 WISE_W1
58543.05263347 14.692 0.24 WISE_W2
58543.05263347 14.754 0.084 WISE_W1
58543.11757572 14.67 0.281 WISE_W2
58543.11757572 14.819 0.087 WISE_W1
58543.18289991 14.105 0.242 WISE_W2
58543.18289991 14.748 0.095 WISE_W1
58543.18302727 14.801 0.301 WISE_W2
58543.18302727 14.734 0.099 WISE_W1
58543.24886082 14.301 0.26 WISE_W2
58543.24886082 14.613 0.078 WISE_W1
58543.31431238 14.317 0.204 WISE_W2
58543.31431238 14.495 0.096 WISE_W1
58543.44508814 14.461 0.076 WISE_W1
58543.44508814 14.547 0.248 WISE_W2
58543.44521545 14.224 0.259 WISE_W2
58543.44521545 14.643 0.079 WISE_W1
58543.57599125 14.594 0.079 WISE_W1
58543.57599125 14.35 0.223 WISE_W2
58752.28188108 14.831 0.295 WISE_W2
58752.28188108 14.893 0.094 WISE_W1
58752.28200839 14.844 0.299 WISE_W2
58752.28200839 14.86 0.131 WISE_W1
58752.41278422 14.615 0.291 WISE_W2
58752.41278422 14.676 0.086 WISE_W1
58752.54318176 14.696 0.081 WISE_W1
58752.54318176 14.407 0.213 WISE_W2
58752.60901541 14.658 0.082 WISE_W1
58752.60901541 14.388 0.223 WISE_W2
58752.67446701 11.499 0.035 WISE_W2
58752.67446701 14.481 0.316 WISE_W2
58752.67446701 14.618 0.083 WISE_W1
58752.73991867 14.851 0.091 WISE_W1
58752.73991867 14.107 0.17 WISE_W2
58752.80524292 13.976 0.246 WISE_W2
58752.80524292 14.581 0.083 WISE_W1
58752.87069457 14.522 0.259 WISE_W2
58752.87069457 14.61 0.079 WISE_W1
58753.00147053 14.866 0.113 WISE_W1
58753.00147053 14.5 0.282 WISE_W2
58753.00159789 14.591 0.076 WISE_W1
58753.00159789 14.358 0.221 WISE_W2
58753.13186443 14.88 0.143 WISE_W1
58753.13186443 14.11 0.236 WISE_W2
58753.26314965 14.579 0.095 WISE_W1
58753.26314965 14.53 0.243 WISE_W2
58906.95206308 14.679 0.09 WISE_W1
58906.95206308 14.674 0.402 WISE_W2
58907.08283924 14.594 0.31 WISE_W2
58907.08283924 14.646 0.086 WISE_W1
58907.21361549 14.639 0.1 WISE_W1
58907.21361549 14.506 0.284 WISE_W2
58907.27906722 14.937 0.359 WISE_W2
58907.27906722 14.656 0.08 WISE_W1
58907.34439169 14.525 0.088 WISE_W1
58907.34439169 14.558 0.209 WISE_W2
58907.344519 14.508 0.257 WISE_W2
58907.344519 14.712 0.083 WISE_W1
58907.40984341 14.655 0.081 WISE_W1
58907.40984341 14.255 0.192 WISE_W2
58907.47478584 14.206 0.182 WISE_W2
58907.47478584 14.87 0.095 WISE_W1
58907.54023758 14.684 0.089 WISE_W1
58907.54023758 14.679 0.249 WISE_W2
58907.67152304 14.785 0.084 WISE_W1
58907.67152304 14.395 0.217 WISE_W2
58907.80229924 14.768 0.09 WISE_W1
58907.80229924 14.457 0.277 WISE_W2
58907.93307549 14.494 0.214 WISE_W2
58907.93307549 14.437 0.066 WISE_W1
59116.30932304 14.846 0.121 WISE_W1
59116.30932304 14.742 0.277 WISE_W2
59116.44009891 14.671 0.335 WISE_W2
59116.44009891 14.747 0.099 WISE_W1
59116.44022628 14.817 0.317 WISE_W2
59116.44022628 14.788 0.152 WISE_W1
59116.57100206 14.627 0.077 WISE_W1
59116.57100206 14.295 0.19 WISE_W2
59116.70177794 14.715 0.118 WISE_W1
59116.70177794 13.703 0.18 WISE_W2
59116.7671022 14.61 0.084 WISE_W1
59116.7671022 14.452 0.265 WISE_W2
59116.83255382 14.32 0.128 WISE_W1
59116.89787807 14.502 0.236 WISE_W2
59116.89787807 14.593 0.087 WISE_W1
59116.89800544 14.705 0.083 WISE_W1
59116.96332969 14.496 0.249 WISE_W2
59116.96332969 14.589 0.082 WISE_W1
59117.02878126 14.415 0.079 WISE_W1
59117.02878126 14.662 0.293 WISE_W2
59117.15904779 14.808 0.111 WISE_W1
59117.15904779 14.359 0.243 WISE_W2
59117.29033297 14.709 0.104 WISE_W1
59117.29033297 14.815 0.452 WISE_W2
59273.92712058 14.915 0.494 WISE_W2
59273.92712058 14.875 0.099 WISE_W1
59274.05789683 14.727 0.081 WISE_W1
59274.18867299 14.291 0.218 WISE_W2
59274.18867299 14.823 0.087 WISE_W1
59274.31932183 14.624 0.228 WISE_W2
59274.31932183 14.697 0.129 WISE_W1
59274.38477361 14.396 0.201 WISE_W2
59274.38477361 14.681 0.081 WISE_W1
59274.45009802 14.88 0.092 WISE_W1
59274.45009802 14.972 0.393 WISE_W2
59274.51554971 14.752 0.089 WISE_W1
59274.51554971 14.426 0.191 WISE_W2
59274.58087413 14.462 0.303 WISE_W2
59274.58087413 14.61 0.08 WISE_W1
59274.64619851 14.291 0.215 WISE_W2
59274.64619851 14.613 0.1 WISE_W1
59274.77697465 14.756 0.09 WISE_W1
59274.77697465 14.398 0.226 WISE_W2
59274.9077509 14.952 0.313 WISE_W2
59274.9077509 14.631 0.082 WISE_W1
59480.55907204 14.731 0.296 WISE_W2
59480.55907204 14.694 0.089 WISE_W1
59480.68972047 14.687 0.296 WISE_W2
59480.68972047 14.564 0.075 WISE_W1
59480.82049632 15.016 0.364 WISE_W2
59480.82049632 14.782 0.089 WISE_W1
59480.95114485 14.857 0.108 WISE_W1
59480.95114485 14.96 0.47 WISE_W2
59481.01646917 14.527 0.255 WISE_W2
59481.01646917 14.761 0.103 WISE_W1
59481.08192071 14.633 0.104 WISE_W1
59481.08192071 14.693 0.34 WISE_W2
59481.14724501 14.45 0.237 WISE_W2
59481.14724501 14.682 0.098 WISE_W1
59481.21256928 14.218 0.202 WISE_W2
59481.21256928 14.733 0.085 WISE_W1
59481.2778935 14.799 0.093 WISE_W1
59481.2778935 14.25 0.186 WISE_W2
59481.4086694 14.744 0.093 WISE_W1
59481.4086694 14.207 0.235 WISE_W2
59481.53931788 14.98 0.477 WISE_W2
59481.53931788 14.615 0.093 WISE_W1
59486.24521289 14.628 0.189 WISE_W1
59638.18760405 14.714 0.099 WISE_W1
59638.18760405 14.435 0.295 WISE_W2
59638.31825295 14.825 0.277 WISE_W2
59638.31825295 14.733 0.083 WISE_W1
59638.44839259 14.576 0.088 WISE_W1
59638.44839259 14.959 0.475 WISE_W2
59638.51371704 14.48 0.24 WISE_W2
59638.51371704 14.613 0.076 WISE_W1
59638.57942344 14.597 0.083 WISE_W1
59638.57942344 14.589 0.242 WISE_W2
59638.64474788 14.806 0.13 WISE_W1
59638.64474788 14.732 0.353 WISE_W2
59638.71007234 14.501 0.069 WISE_W1
59638.71007234 14.535 0.216 WISE_W2
59638.77539683 14.399 0.263 WISE_W2
59638.77539683 14.675 0.09 WISE_W1
59638.90604573 14.29 0.191 WISE_W2
59638.90604573 14.761 0.085 WISE_W1
59639.03669472 14.677 0.24 WISE_W2
59639.03669472 14.69 0.083 WISE_W1
59639.16670694 15.086 0.429 WISE_W2
59639.16670694 14.686 0.101 WISE_W1
59847.73711744 14.432 0.23 WISE_W2
59847.73711744 14.468 0.072 WISE_W1
59847.86751144 14.804 0.09 WISE_W1
59847.86751144 14.568 0.286 WISE_W2
59847.99790534 14.215 0.174 WISE_W2
59847.99790534 14.746 0.086 WISE_W1
59848.0631023 14.867 0.305 WISE_W2
59848.0631023 14.442 0.073 WISE_W1
59848.12829924 14.673 0.129 WISE_W1
59848.12829924 14.419 0.251 WISE_W2
59848.19298685 14.753 0.33 WISE_W2
59848.19298685 14.74 0.113 WISE_W1
59848.19311417 14.7 0.288 WISE_W2
59848.19311417 14.645 0.105 WISE_W1
59848.25869314 14.825 0.093 WISE_W1
59848.25869314 14.998 0.511 WISE_W2
59848.32389001 14.233 0.201 WISE_W2
59848.32389001 14.704 0.09 WISE_W1
59848.32401737 14.349 0.264 WISE_W2
59848.32401737 14.549 0.098 WISE_W1
59848.45441132 14.101 0.183 WISE_W2
59848.45441132 14.798 0.085 WISE_W1
59848.58480517 14.785 0.108 WISE_W1
59848.58480517 14.451 0.221 WISE_W2
59848.71519912 14.608 0.085 WISE_W1
59848.71519912 14.362 0.223 WISE_W2
60002.28644367 14.691 0.083 WISE_W1
60002.28644367 14.289 0.247 WISE_W2
60002.41658343 14.569 0.291 WISE_W2
60002.41658343 14.652 0.077 WISE_W1
60002.54621378 14.677 0.087 WISE_W1
60002.54621378 14.52 0.321 WISE_W2
60002.67673544 14.827 0.099 WISE_W1
60002.74180535 14.557 0.285 WISE_W2
60002.74180535 14.625 0.084 WISE_W1
60002.80687515 14.635 0.356 WISE_W2
60002.80687515 14.59 0.08 WISE_W1
60002.871945 14.855 0.101 WISE_W1
60002.93701491 14.179 0.209 WISE_W2
60002.93701491 14.69 0.109 WISE_W1
60003.00208476 14.519 0.078 WISE_W1
60003.00208476 14.734 0.357 WISE_W2
60003.13158774 14.772 0.093 WISE_W1
60003.13158774 14.356 0.286 WISE_W2
60003.1317151 13.914 0.238 WISE_W2
60003.1317151 14.409 0.068 WISE_W1
60003.26223676 14.769 0.216 WISE_W1
60003.26223676 13.927 0.255 WISE_W2
60005.14825037 14.545 0.108 WISE_W1
60005.27839012 14.047 0.407 WISE_W2
60005.27839012 14.784 0.124 WISE_W1
60005.40852987 14.607 0.087 WISE_W1
60005.40852987 14.361 0.389 WISE_W2
60005.53866971 14.781 0.106 WISE_W1
60005.60361225 14.559 0.091 WISE_W1
60005.60361225 14.132 0.351 WISE_W2
60005.66868214 14.569 0.095 WISE_W1
60005.66868214 14.321 0.372 WISE_W2
60005.73375204 14.614 0.47 WISE_W2
60005.73375204 14.364 0.087 WISE_W1
60005.79882199 14.535 0.419 WISE_W2
60005.79882199 14.666 0.092 WISE_W1
60005.86389189 14.583 0.094 WISE_W1
60005.86389189 14.064 0.318 WISE_W2
60005.99390432 14.729 0.09 WISE_W1
60005.99403168 14.536 0.09 WISE_W1
60005.99403168 14.383 0.344 WISE_W2
60006.12404411 14.936 0.517 WISE_W2
60006.12404411 14.759 0.1 WISE_W1
60211.86009583 14.899 0.115 WISE_W1
60211.86009583 14.371 0.214 WISE_W2
60211.98959841 14.625 0.369 WISE_W2
60211.98959841 14.721 0.085 WISE_W1
60212.11897363 14.947 0.337 WISE_W2
60212.11897363 14.895 0.118 WISE_W1
60212.24847623 14.666 0.099 WISE_W1
60212.24847623 14.672 0.296 WISE_W2
60212.31329118 14.74 0.302 WISE_W2
60212.31329118 14.582 0.086 WISE_W1
60212.37797887 14.373 0.252 WISE_W2
60212.37797887 14.778 0.118 WISE_W1
60212.44279376 14.788 0.317 WISE_W2
60212.44279376 14.646 0.08 WISE_W1
60212.5074814 14.53 0.085 WISE_W1
60212.57229631 13.96 0.178 WISE_W2
60212.57229631 14.516 0.076 WISE_W1
60212.70179889 14.672 0.103 WISE_W1
60212.70179889 14.501 0.319 WISE_W2
60212.83130148 14.65 0.278 WISE_W2
60212.83130148 14.788 0.092 WISE_W1
60369.46142946 14.578 0.316 WISE_W2
60369.46142946 14.619 0.078 WISE_W1
60369.5902956 14.811 0.147 WISE_W1
60369.5902956 14.226 0.247 WISE_W2
60369.71903501 14.742 0.307 WISE_W2
60369.71903501 14.639 0.083 WISE_W1
60369.84790116 14.647 0.078 WISE_W1
60369.84790116 14.866 0.287 WISE_W2
60369.91169758 14.358 0.213 WISE_W2
60369.91169758 14.78 0.129 WISE_W1
60369.97664003 14.373 0.206 WISE_W2
60369.97664003 14.597 0.076 WISE_W1
60370.04056377 14.745 0.086 WISE_W1
60370.04056377 14.156 0.269 WISE_W2
60370.16930256 14.838 0.101 WISE_W1
60370.16930256 14.842 0.352 WISE_W2
60370.2980413 14.663 0.097 WISE_W1
60370.2980413 14.609 0.253 WISE_W2
60370.42678019 14.497 0.071 WISE_W1
60370.42678019 14.541 0.222 WISE_W2
60943.00722219981 20.684799194335938 0.25593799352645874 ZTF_r
60948.968900499865 19.92650032043457 0.1575469970703125 ZTF_g
60948.98701390019 20.015899658203125 0.1997399926185608 ZTF_r
60950.9099653 19.78580093383789 0.1390179991722107 ZTF_r
60950.99435190018 19.77669906616211 0.12877200543880463 ZTF_g
60952.922893499956 19.86680030822754 0.22125999629497528 ZTF_r
60952.987499999814 19.574100494384766 0.12435600161552429 ZTF_g
60954.92700230004 19.56559944152832 0.15182100236415863 ZTF_r
60956.82546300022 19.480300903320312 0.28814899921417236 ZTF_r
60956.94133100007 19.42300033569336 0.20584799349308014 ZTF_g
60964.919027800206 19.20050048828125 0.1374650001525879 ZTF_g
60964.98951390013 19.132200241088867 0.10034199804067612 ZTF_r
60966.86958329985 19.074800491333008 0.12961000204086304 ZTF_g
60966.93428240018 19.11370086669922 0.09734799712896347 ZTF_r
60968.883564800024 19.064699172973633 0.07979699969291687 ZTF_g
60968.94931709999 19.05940055847168 0.09838999807834625 ZTF_r
60970.864745399915 19.057600021362305 0.085207998752594 ZTF_g
60973.889328700025 18.919200897216797 0.09151399880647659 ZTF_g
60973.93328699982 18.981700897216797 0.0727199986577034 ZTF_r
60975.90856479993 18.981399536132812 0.09161199629306793 ZTF_r
60975.936817099806 18.95159912109375 0.08670700341463089 ZTF_g
60977.9082986 18.84830093383789 0.08490200340747833 ZTF_g
60977.945995400194 18.961299896240234 0.09296700358390808 ZTF_r
60979.88303240016 18.83609962463379 0.09670799970626831 ZTF_g
60979.920057899784 18.85569953918457 0.09341400116682053 ZTF_r
60981.88480320014 18.828500747680664 0.0783189982175827 ZTF_r
60981.94645830011 18.753000259399414 0.08337099850177765 ZTF_g
60983.89064810006 18.891300201416016 0.11512400209903717 ZTF_g
60985.81777779991 18.80120086669922 0.1951349973678589 ZTF_g
60985.937615700066 18.797000885009766 0.12139999866485596 ZTF_g
60989.8625810002 18.753700256347656 0.08257000148296356 ZTF_g
60989.94438660005 18.83566665649414 0.1142192855477333 ZTF_r
61004.859606499784 18.672800064086914 0.0827300027012825 ZTF_r
61004.93269680021 18.64590072631836 0.07572100311517715 ZTF_g
61006.89238430001 18.77560043334961 0.13373099267482758 ZTF_r
61008.90123840002 18.71030044555664 0.07406900078058243 ZTF_g
61010.884687500075 18.73270034790039 0.1227089986205101 ZTF_r
61010.945763899945 18.724700927734375 0.08170399814844131 ZTF_g
61017.739965300076 18.746599197387695 0.09266199916601181 ZTF_r
61017.81711809989 18.65130043029785 0.08624999970197678 ZTF_g
61021.765150499996 18.75629997253418 0.08233600109815598 ZTF_r
61021.78637730004 18.66309928894043 0.07109600305557251 ZTF_g
61024.79785879981 18.643699645996094 0.07010000199079514 ZTF_g
61024.82940969989 18.722700119018555 0.07761599868535995 ZTF_r
61026.82348380005 18.749000549316406 0.07775899767875671 ZTF_r
61026.927615699824 18.665599822998047 0.11141800135374069 ZTF_g
61029.76127310004 18.695999145507812 0.06507200002670288 ZTF_g
61029.80217589997 18.70479965209961 0.06906100362539291 ZTF_r
61031.79751159996 18.670400619506836 0.07059799879789352 ZTF_g
61031.863298600074 18.75979995727539 0.07611300051212311 ZTF_r
61038.756585599855 18.61079978942871 0.07687299698591232 ZTF_g
61038.77984949993 18.757400512695312 0.11376400291919708 ZTF_r
61049.73753469996 19.034099578857422 0.16065800189971924 ZTF_r
61049.7970718001 18.845500946044922 0.12343499809503555 ZTF_g
61051.735347200185 18.81170082092285 0.16804200410842896 ZTF_g
61051.79475690005 18.883800506591797 0.10433000326156616 ZTF_r
61053.80616899999 18.755599975585938 0.12090799957513809 ZTF_g
61055.7468634001 18.822599411010742 0.08693700283765793 ZTF_g
61055.7952083 18.85810089111328 0.0901160016655922 ZTF_r
61057.7263656999 18.8656005859375 0.14888599514961243 ZTF_g
61057.8228703998 18.854700088500977 0.13095900416374207 ZTF_r
61059.741504599806 18.841800689697266 0.08360999822616577 ZTF_g
61059.77527779993 18.874500274658203 0.10764099657535553 ZTF_r
61061.73938659998 18.862499237060547 0.08297300338745117 ZTF_g
61061.78048609989 18.920000076293945 0.07462599873542786 ZTF_r
61067.6525347 18.841999053955078 0.1021990031003952 ZTF_g
61067.6882755002 18.928800582885742 0.10178299993276596 ZTF_r
61072.870763900224 18.89299964904785 0.34217700362205505 ZTF_g
61074.66173609998 18.96419906616211 0.12146099656820297 ZTF_g
61074.79633100005 18.912399291992188 0.1328119933605194 ZTF_r
61076.645312500186 19.119300842285156 0.11766699701547623 ZTF_r
61076.69090279983 19.153099060058594 0.11642199754714966 ZTF_g
61079.67460650019 19.190399169921875 0.12186100333929062 ZTF_r
61079.67554400023 19.222999572753906 0.11676099896430969 ZTF_r
61079.71504630009 19.136600494384766 0.12490200251340866 ZTF_g
61079.7165045999 19.0935001373291 0.10914400219917297 ZTF_g
61080.70509260008 19.09480094909668 0.10368700325489044 ZTF_r
61080.706666700076 19.22010040283203 0.10257100313901901 ZTF_r
61080.76571760001 19.14620018005371 0.12992900609970093 ZTF_g
61080.76666670013 19.15369987487793 0.11482299864292145 ZTF_g
61085.63736109994 19.240299224853516 0.11995100229978561 ZTF_i
61085.72626159992 19.35650062561035 0.11393000185489655 ZTF_r
61085.73928239988 19.167400360107422 0.10333699733018875 ZTF_g
61086.63592590019 19.33370018005371 0.15311199426651 ZTF_r
61087.76350690005 19.168100357055664 0.17118899524211884 ZTF_g
61093.61365740001 19.283599853515625 0.11159300059080124 ZTF_r
61093.742291700095 19.311199188232422 0.17301300168037415 ZTF_g
61094.64059029985 19.236400604248047 0.13072800636291504 ZTF_r
61094.656365700066 19.302600860595703 0.11301899701356888 ZTF_g
61095.65225689998 19.44569969177246 0.15027399361133575 ZTF_r
61095.7432407001 19.33989906311035 0.1383810043334961 ZTF_g
61099.69040510012 19.715599060058594 0.2713969945907593 ZTF_i
61099.700705999974 19.515199661254883 0.21241100132465363 ZTF_r
61099.73525460018 19.138099670410156 0.16596099734306335 ZTF_g
61100.65229169978 19.801300048828125 0.3058229982852936 ZTF_i
61100.69866900006 19.401500701904297 0.14218200743198395 ZTF_r
61100.73724539997 19.312400817871094 0.1747409999370575 ZTF_g
61101.70578699978 19.52869987487793 0.13016299903392792 ZTF_r
61101.746423599776 19.238727569580078 0.19841989874839783 ZTF_g
