MJD mag magerr band
56709.58941289 13.382 0.117 WISE_W2
56709.58941289 13.901 0.049 WISE_W1
56709.72108025 13.223 0.109 WISE_W2
56709.72108025 13.713 0.057 WISE_W1
56709.85274763 13.819 0.053 WISE_W1
56709.85274763 13.346 0.082 WISE_W2
56709.85287494 13.696 0.041 WISE_W1
56709.85287494 13.395 0.093 WISE_W2
56709.98454236 13.7 0.057 WISE_W1
56709.98454236 13.263 0.1 WISE_W2
56710.05037604 13.758 0.05 WISE_W1
56710.05037604 13.389 0.088 WISE_W2
56710.11620972 13.771 0.049 WISE_W1
56710.11620972 13.313 0.081 WISE_W2
56710.18217072 13.795 0.042 WISE_W1
56710.18217072 13.278 0.083 WISE_W2
56710.24800441 13.757 0.042 WISE_W1
56710.24800441 13.394 0.083 WISE_W2
56710.31383809 13.227 0.082 WISE_W2
56710.31383809 13.722 0.04 WISE_W1
56710.44563282 13.414 0.099 WISE_W2
56710.44563282 13.895 0.048 WISE_W1
56710.57730009 13.251 0.08 WISE_W2
56710.57730009 13.884 0.048 WISE_W1
56900.54026241 13.2 0.072 WISE_W2
56900.54026241 13.699 0.042 WISE_W1
56900.67180259 13.761 0.044 WISE_W1
56900.67180259 13.233 0.093 WISE_W2
56900.80334277 13.724 0.047 WISE_W1
56900.80334277 13.193 0.077 WISE_W2
56900.86917655 13.245 0.12 WISE_W2
56900.86917655 13.678 0.054 WISE_W1
56900.93488303 13.114 0.103 WISE_W2
56900.93488303 13.617 0.056 WISE_W1
56900.93501035 13.224 0.081 WISE_W2
56900.93501035 13.696 0.044 WISE_W1
56901.00071683 13.7 0.043 WISE_W1
56901.00071683 13.21 0.081 WISE_W2
56901.06655063 13.74 0.049 WISE_W1
56901.06655063 13.23 0.08 WISE_W2
56901.13225705 13.307 0.086 WISE_W2
56901.13225705 13.772 0.048 WISE_W1
56901.26379774 13.609 0.054 WISE_W1
56901.26379774 13.572 0.116 WISE_W2
56901.39533796 13.734 0.047 WISE_W1
56901.39533796 13.243 0.078 WISE_W2
56901.52687819 13.313 0.093 WISE_W2
56901.52687819 13.712 0.049 WISE_W1
56901.52700551 13.327 0.084 WISE_W2
56901.52700551 13.715 0.046 WISE_W1
57068.71304356 13.267 0.078 WISE_W2
57068.71304356 13.702 0.054 WISE_W1
57068.8444565 13.82 0.049 WISE_W1
57068.8444565 13.387 0.105 WISE_W2
57068.97586944 13.771 0.042 WISE_W1
57068.97586944 13.519 0.103 WISE_W2
57069.10715507 13.303 0.091 WISE_W2
57069.10715507 13.791 0.059 WISE_W1
57069.17286148 13.344 0.166 WISE_W2
57069.17286148 13.804 0.053 WISE_W1
57069.23844054 13.312 0.08 WISE_W2
57069.23844054 13.832 0.046 WISE_W1
57069.30414697 13.796 0.044 WISE_W1
57069.30414697 13.045 0.079 WISE_W2
57069.36985344 13.784 0.044 WISE_W1
57069.36985344 13.23 0.076 WISE_W2
57069.43555991 13.435 0.098 WISE_W2
57069.43555991 13.829 0.051 WISE_W1
57069.56684549 13.214 0.073 WISE_W2
57069.56684549 13.742 0.044 WISE_W1
57069.5669728 13.775 0.047 WISE_W1
57069.5669728 13.275 0.077 WISE_W2
57069.69825838 13.764 0.043 WISE_W1
57069.69825838 13.273 0.08 WISE_W2
57262.2966226 13.718 0.045 WISE_W1
57262.2966226 13.166 0.083 WISE_W2
57262.42790833 13.157 0.075 WISE_W2
57262.42790833 13.768 0.043 WISE_W1
57262.55906661 13.156 0.082 WISE_W2
57262.55906661 13.75 0.049 WISE_W1
57262.69022497 13.204 0.11 WISE_W2
57262.69022497 13.566 0.059 WISE_W1
57262.75580416 13.864 0.048 WISE_W1
57262.75580416 13.527 0.116 WISE_W2
57262.82138333 13.631 0.043 WISE_W1
57262.82151065 13.742 0.046 WISE_W1
57262.82151065 13.358 0.12 WISE_W2
57262.88708988 13.35 0.085 WISE_W2
57262.88708988 13.703 0.043 WISE_W1
57262.95266906 13.524 0.171 WISE_W2
57262.95266906 13.798 0.049 WISE_W1
57263.01824819 13.329 0.137 WISE_W2
57263.01824819 13.838 0.053 WISE_W1
57263.14940656 13.828 0.047 WISE_W1
57263.14940656 13.282 0.082 WISE_W2
57263.28069229 13.333 0.132 WISE_W2
57263.28069229 13.764 0.056 WISE_W1
57270.29943975 13.766 0.043 WISE_W1
57270.29943975 13.447 0.13 WISE_W2
57427.84009535 13.823 0.044 WISE_W1
57427.84009535 13.26 0.082 WISE_W2
57427.97112667 13.694 0.063 WISE_W1
57427.97125398 13.298 0.091 WISE_W2
57427.97125398 13.649 0.045 WISE_W1
57428.1022853 13.75 0.044 WISE_W1
57428.1022853 13.281 0.085 WISE_W2
57428.16786457 13.824 0.044 WISE_W1
57428.16786457 13.336 0.075 WISE_W2
57428.23344389 13.429 0.097 WISE_W2
57428.23344389 13.81 0.044 WISE_W1
57428.29889583 13.768 0.056 WISE_W1
57428.29889583 13.354 0.078 WISE_W2
57428.29902319 13.297 0.087 WISE_W2
57428.29902319 13.792 0.053 WISE_W1
57428.36447515 13.744 0.042 WISE_W1
57428.36447515 13.481 0.111 WISE_W2
57428.43005447 13.322 0.081 WISE_W2
57428.43005447 13.806 0.05 WISE_W1
57428.49563383 13.764 0.043 WISE_W1
57428.49563383 13.299 0.079 WISE_W2
57428.5612131 13.454 0.094 WISE_W2
57428.5612131 13.841 0.046 WISE_W1
57428.69224438 13.773 0.047 WISE_W1
57428.69224438 13.218 0.074 WISE_W2
57428.82340296 13.745 0.043 WISE_W1
57428.82340296 13.429 0.091 WISE_W2
57434.39522582 13.879 0.052 WISE_W1
57434.39522582 13.562 0.19 WISE_W2
57629.37012851 13.421 0.1 WISE_W2
57629.37012851 13.785 0.049 WISE_W1
57629.50115927 13.629 0.042 WISE_W1
57629.50115927 13.067 0.091 WISE_W2
57629.63219002 13.236 0.088 WISE_W2
57629.63219002 13.725 0.047 WISE_W1
57629.76322078 13.381 0.109 WISE_W2
57629.76322078 13.844 0.052 WISE_W1
57629.82867255 13.881 0.055 WISE_W1
57629.82867255 13.267 0.086 WISE_W2
57629.82879986 13.903 0.061 WISE_W1
57629.82879986 13.396 0.094 WISE_W2
57629.89425159 13.187 0.119 WISE_W2
57629.89425159 13.711 0.063 WISE_W1
57629.9597033 13.808 0.051 WISE_W1
57629.9597033 13.106 0.081 WISE_W2
57629.95983066 13.3 0.102 WISE_W2
57629.95983066 13.809 0.054 WISE_W1
57630.02528238 13.788 0.045 WISE_W1
57630.02528238 13.37 0.093 WISE_W2
57630.09073411 13.415 0.096 WISE_W2
57630.09073411 13.638 0.071 WISE_W1
57630.22176486 13.784 0.053 WISE_W1
57630.22176486 13.368 0.108 WISE_W2
57630.35279561 13.76 0.048 WISE_W1
57630.35279561 13.465 0.093 WISE_W2
57794.85373027 13.222 0.08 WISE_W2
57794.85373027 13.738 0.047 WISE_W1
57794.98463425 13.237 0.082 WISE_W2
57794.98463425 13.682 0.048 WISE_W1
57794.98476156 13.797 0.047 WISE_W1
57794.98476156 13.407 0.098 WISE_W2
57795.11566553 13.744 0.044 WISE_W1
57795.11566553 13.239 0.087 WISE_W2
57795.18111755 13.366 0.101 WISE_W2
57795.18111755 13.87 0.051 WISE_W1
57795.24669683 13.708 0.047 WISE_W1
57795.24669683 13.365 0.083 WISE_W2
57795.3121488 13.286 0.085 WISE_W2
57795.3121488 13.814 0.059 WISE_W1
57795.37760076 13.388 0.09 WISE_W2
57795.37760076 13.7 0.042 WISE_W1
57795.44318009 13.86 0.047 WISE_W1
57795.44318009 13.249 0.083 WISE_W2
57795.57408402 13.471 0.112 WISE_W2
57795.57408402 13.827 0.048 WISE_W1
57795.70511531 13.335 0.09 WISE_W2
57795.70511531 13.756 0.046 WISE_W1
57795.83601925 13.29 0.08 WISE_W2
57795.83601925 13.632 0.053 WISE_W1
57993.48134009 13.258 0.081 WISE_W2
57993.48134009 13.632 0.046 WISE_W1
57993.61224389 13.336 0.086 WISE_W2
57993.61224389 13.64 0.059 WISE_W1
57993.74327454 13.181 0.077 WISE_W2
57993.74327454 13.824 0.047 WISE_W1
57993.87417775 13.194 0.126 WISE_W2
57993.87417775 13.704 0.049 WISE_W1
57993.93962944 13.188 0.074 WISE_W2
57993.93962944 13.814 0.048 WISE_W1
57994.00508109 13.586 0.142 WISE_W2
57994.00508109 13.757 0.058 WISE_W1
57994.07053277 13.297 0.097 WISE_W2
57994.07053277 13.724 0.048 WISE_W1
57994.13598441 13.669 0.05 WISE_W1
57994.13598441 13.193 0.086 WISE_W2
57994.13611172 13.373 0.089 WISE_W2
57994.13611172 13.767 0.051 WISE_W1
57994.20156331 13.799 0.045 WISE_W1
57994.20156331 13.574 0.153 WISE_W2
57994.33246659 13.797 0.078 WISE_W1
57994.33246659 13.424 0.139 WISE_W2
57994.46336986 13.338 0.095 WISE_W2
57994.46336986 13.799 0.046 WISE_W1
57994.59427314 13.308 0.112 WISE_W2
57994.59427314 13.657 0.045 WISE_W1
58151.92477529 13.34 0.112 WISE_W2
58151.92477529 13.829 0.056 WISE_W1
58152.05568209 13.294 0.114 WISE_W2
58152.05568209 13.751 0.062 WISE_W1
58152.18658603 13.924 0.051 WISE_W1
58152.18658603 13.533 0.13 WISE_W2
58152.31749002 13.281 0.078 WISE_W2
58152.31749002 13.765 0.047 WISE_W1
58152.38294206 13.193 0.092 WISE_W2
58152.38294206 13.761 0.045 WISE_W1
58152.44839405 13.283 0.093 WISE_W2
58152.44839405 13.839 0.046 WISE_W1
58152.5138461 13.751 0.047 WISE_W1
58152.5138461 13.185 0.082 WISE_W2
58152.57929804 13.251 0.073 WISE_W2
58152.57929804 13.739 0.051 WISE_W1
58152.64474999 13.804 0.053 WISE_W1
58152.64474999 13.284 0.088 WISE_W2
58152.64487735 13.681 0.041 WISE_W1
58152.64487735 13.369 0.08 WISE_W2
58152.77565402 13.765 0.043 WISE_W1
58152.77565402 13.325 0.084 WISE_W2
58152.77578134 13.232 0.075 WISE_W2
58152.77578134 13.785 0.044 WISE_W1
58152.90655806 13.786 0.047 WISE_W1
58152.90655806 13.402 0.082 WISE_W2
58152.90668542 13.825 0.07 WISE_W1
58152.90668542 13.402 0.088 WISE_W2
58357.77788852 13.755 0.044 WISE_W1
58357.77788852 13.556 0.126 WISE_W2
58357.90879179 13.27 0.103 WISE_W2
58357.90879179 13.818 0.046 WISE_W1
58358.03969113 13.381 0.103 WISE_W2
58358.03969113 13.791 0.048 WISE_W1
58358.10514278 13.617 0.065 WISE_W1
58358.10514278 13.344 0.084 WISE_W2
58358.170467 13.74 0.072 WISE_W1
58358.170467 13.341 0.085 WISE_W2
58358.17059432 13.445 0.09 WISE_W2
58358.17059432 13.847 0.054 WISE_W1
58358.2359186 13.795 0.047 WISE_W1
58358.2359186 13.355 0.087 WISE_W2
58358.30137019 13.799 0.059 WISE_W1
58358.30137019 13.377 0.094 WISE_W2
58358.36682183 13.409 0.138 WISE_W2
58358.36682183 13.803 0.045 WISE_W1
58358.43227337 13.767 0.045 WISE_W1
58358.43227337 13.209 0.1 WISE_W2
58358.49772501 13.19 0.114 WISE_W2
58358.49772501 13.791 0.063 WISE_W1
58358.62862819 13.388 0.112 WISE_W2
58358.62862819 13.853 0.049 WISE_W1
58358.75940411 13.825 0.057 WISE_W1
58358.75940411 13.374 0.121 WISE_W2
58358.75953142 13.343 0.088 WISE_W2
58358.75953142 13.856 0.05 WISE_W1
58364.19074329 13.69 0.052 WISE_W1
58364.19074329 13.243 0.161 WISE_W2
58516.15563878 13.472 0.106 WISE_W2
58516.15563878 13.744 0.043 WISE_W1
58516.28692435 13.925 0.056 WISE_W1
58516.28692435 13.56 0.115 WISE_W2
58516.41782789 13.342 0.091 WISE_W2
58516.41782789 13.806 0.061 WISE_W1
58516.54822211 13.759 0.074 WISE_W1
58516.54822211 13.219 0.086 WISE_W2
58516.61405584 13.715 0.051 WISE_W1
58516.61405584 13.296 0.082 WISE_W2
58516.61418316 13.855 0.049 WISE_W1
58516.61418316 13.351 0.082 WISE_W2
58516.67950755 13.355 0.098 WISE_W2
58516.67950755 13.791 0.044 WISE_W1
58516.74495933 13.951 0.049 WISE_W1
58516.74495933 13.41 0.091 WISE_W2
58516.81041112 13.83 0.048 WISE_W1
58516.81041112 13.246 0.104 WISE_W2
58516.87586292 13.442 0.109 WISE_W2
58516.87586292 13.796 0.062 WISE_W1
58517.00663913 13.813 0.046 WISE_W1
58517.00663913 13.432 0.097 WISE_W2
58517.1370334 13.885 0.046 WISE_W1
58517.1370334 13.312 0.085 WISE_W2
58724.81347282 13.678 0.042 WISE_W1
58724.81347282 13.276 0.099 WISE_W2
58724.94424869 13.79 0.048 WISE_W1
58724.94424869 13.366 0.097 WISE_W2
58724.962580999825 20.064800262451172 0.22113600373268127 ZTF_g
58725.07515198 13.773 0.044 WISE_W1
58725.07515198 13.34 0.09 WISE_W2
58725.20592775 13.413 0.101 WISE_W2
58725.20592775 13.423 0.095 WISE_W2
58725.20592775 13.163 0.043 WISE_W1
58725.20592775 13.831 0.055 WISE_W1
58725.27137934 13.422 0.096 WISE_W2
58725.27137934 13.844 0.049 WISE_W1
58725.33683094 13.746 0.049 WISE_W1
58725.33683094 13.609 0.177 WISE_W2
58725.40228252 13.369 0.099 WISE_W2
58725.40228252 13.816 0.062 WISE_W1
58725.46760681 13.86 0.047 WISE_W1
58725.46760681 13.495 0.108 WISE_W2
58725.53305839 13.388 0.139 WISE_W2
58725.53305839 13.942 0.049 WISE_W1
58725.66383421 13.812 0.066 WISE_W1
58725.66383421 13.561 0.119 WISE_W2
58725.79473745 13.854 0.054 WISE_W1
58725.79473745 13.449 0.131 WISE_W2
58727.96228010021 19.425899505615234 0.1482210010290146 ZTF_g
58728.01243059989 19.714399337768555 0.17992199957370758 ZTF_r
58733.00173609983 18.77039909362793 0.08098100125789642 ZTF_r
58735.960821799934 18.202800750732422 0.056014999747276306 ZTF_g
58736.00270830002 18.20490074157715 0.06092600151896477 ZTF_r
58739.96164349979 17.87579917907715 0.05444199964404106 ZTF_r
58740.00162040023 17.81839942932129 0.05925299972295761 ZTF_g
58743.00407409994 17.59000015258789 0.07584699988365173 ZTF_g
58745.99936340004 17.516000747680664 0.05482599884271622 ZTF_r
58746.00202549994 17.48240089416504 0.07204700261354446 ZTF_g
58748.959560200106 17.426300048828125 0.04122700169682503 ZTF_r
58749.020671300124 17.421899795532227 0.0606050007045269 ZTF_g
58751.93868059991 17.463899612426758 0.04303700104355812 ZTF_g
58752.00290510012 17.400699615478516 0.048360999673604965 ZTF_r
58756.940069399774 17.526899337768555 0.07105699926614761 ZTF_g
58756.99915509997 17.49570083618164 0.04188999906182289 ZTF_r
58759.939722199924 17.71820068359375 0.04647799953818321 ZTF_g
58759.981631900184 17.609800338745117 0.04551900178194046 ZTF_r
58763.99914349988 17.864599227905273 0.04731899872422218 ZTF_r
58766.91836810019 18.038000106811523 0.07873500138521194 ZTF_g
58766.982523099985 17.970300674438477 0.05541199818253517 ZTF_r
58769.939965299796 18.029499053955078 0.07408200204372406 ZTF_r
58775.874050899874 18.257299423217773 0.07729499787092209 ZTF_r
58778.811249999795 18.434200286865234 0.09707000106573105 ZTF_g
58778.87700230023 18.364299774169922 0.09370599687099457 ZTF_r
58781.91405089991 18.58139991760254 0.08139999955892563 ZTF_g
58784.89092590008 18.52790069580078 0.13395899534225464 ZTF_r
58784.91532409983 18.66349983215332 0.13702699542045593 ZTF_g
58787.83831019979 18.449899673461914 0.13289999961853027 ZTF_r
58790.835532399826 18.808700561523438 0.09901399910449982 ZTF_g
58790.86857639998 18.759899139404297 0.11098600178956985 ZTF_r
58793.85075230012 18.865999221801758 0.10903000086545944 ZTF_g
58793.85771990009 18.764799118041992 0.13282300531864166 ZTF_r
58796.819629599806 18.839500427246094 0.13417699933052063 ZTF_r
58803.72535880003 18.784900665283203 0.25380998849868774 ZTF_g
58803.81364580011 19.0093994140625 0.13576699793338776 ZTF_r
58805.85515049985 19.111600875854492 0.1719689965248108 ZTF_r
58806.816423600074 19.110599517822266 0.1277559995651245 ZTF_r
58806.87209489988 19.246599197387695 0.17456300556659698 ZTF_g
58811.77300930023 19.141199111938477 0.15584799647331238 ZTF_g
58811.81370369997 19.147199630737305 0.14895099401474 ZTF_r
58830.70953699993 19.361400604248047 0.27713000774383545 ZTF_g
58830.772708300035 19.55109977722168 0.20861099660396576 ZTF_r
58833.740335599985 19.527000427246094 0.2677139937877655 ZTF_r
58833.76505789999 19.55069923400879 0.20074400305747986 ZTF_r
58837.71675929986 19.528900146484375 0.16192099452018738 ZTF_g
58837.73780089989 19.537900924682617 0.17779600620269775 ZTF_r
58846.730405100156 19.87019920349121 0.15746499598026276 ZTF_g
58846.75578700006 19.888500213623047 0.16743899881839752 ZTF_r
58862.64700229978 19.828500747680664 0.15230800211429596 ZTF_g
58862.695983800106 19.799800872802734 0.1705770045518875 ZTF_r
58867.704942100216 19.770599365234375 0.17006100714206696 ZTF_g
58867.7314352002 19.774700164794922 0.20268000662326813 ZTF_r
58871.66894679982 19.770299911499023 0.20498600602149963 ZTF_g
58876.660775499884 19.849599838256836 0.20322799682617188 ZTF_g
58876.660775499884 19.86050033569336 0.20670700073242188 ZTF_g
58877.660150500014 19.833200454711914 0.16555100679397583 ZTF_r
58877.66961809993 19.81369972229004 0.19934600591659546 ZTF_g
58880.39138088 13.529 0.043 WISE_W1
58880.39138088 12.954 0.068 WISE_W2
58880.39150824 12.935 0.062 WISE_W2
58880.39150824 13.51 0.042 WISE_W1
58880.52228446 13.527 0.038 WISE_W1
58880.52228446 12.923 0.067 WISE_W2
58880.62768519996 19.65730094909668 0.15760000050067902 ZTF_g
58880.65306058 12.848 0.094 WISE_W2
58880.65306058 13.383 0.05 WISE_W1
58880.683888900094 19.732500076293945 0.18678900599479675 ZTF_r
58880.78383681 13.463 0.044 WISE_W1
58880.78383681 12.918 0.073 WISE_W2
58880.84928859 13.025 0.096 WISE_W2
58880.84928859 13.642 0.042 WISE_W1
58880.91474034 12.92 0.072 WISE_W2
58880.91474034 13.541 0.039 WISE_W1
58880.98006476 12.965 0.07 WISE_W2
58880.98006476 13.633 0.043 WISE_W1
58881.04551655 12.934 0.071 WISE_W2
58881.04551655 13.568 0.041 WISE_W1
58881.11045898 13.518 0.039 WISE_W1
58881.11045898 12.921 0.095 WISE_W2
58881.24174442 13.14 0.088 WISE_W2
58881.24174442 13.519 0.039 WISE_W1
58881.37252116 13.573 0.04 WISE_W1
58881.37252116 13.119 0.109 WISE_W2
58881.50291534 13.055 0.083 WISE_W2
58881.50291534 13.378 0.041 WISE_W1
58882.6475463002 19.69059944152832 0.18705999851226807 ZTF_r
58883.39961566 13.53 0.045 WISE_W1
58883.39961566 12.734 0.113 WISE_W2
58883.39974302 13.469 0.046 WISE_W1
58883.39974302 12.996 0.138 WISE_W2
58883.5305192 13.569 0.047 WISE_W1
58883.5305192 13.113 0.141 WISE_W2
58883.66129532 13.507 0.039 WISE_W1
58883.66129532 13.111 0.137 WISE_W2
58883.72674706 12.86 0.112 WISE_W2
58883.72674706 13.354 0.038 WISE_W1
58883.79207145 13.533 0.042 WISE_W1
58883.79207145 12.883 0.097 WISE_W2
58883.85752323 13.518 0.043 WISE_W1
58883.85752323 12.955 0.099 WISE_W2
58883.92297502 13.619 0.045 WISE_W1
58883.92297502 13.329 0.134 WISE_W2
58883.98829946 13.037 0.101 WISE_W2
58883.98829946 13.51 0.05 WISE_W1
58884.11920294 13.523 0.053 WISE_W1
58884.11920294 13.142 0.144 WISE_W2
58884.24997911 13.541 0.046 WISE_W1
58884.24997911 12.967 0.1 WISE_W2
58887.62702549994 19.57979965209961 0.17506299912929535 ZTF_r
58890.64461810002 19.440099716186523 0.27172398567199707 ZTF_r
58893.63739580009 19.550399780273438 0.17852100729942322 ZTF_r
58893.66971059982 19.677000045776367 0.16899000108242035 ZTF_g
58896.64540510019 19.555299758911133 0.16153299808502197 ZTF_r
58899.649189800024 19.46310043334961 0.19787999987602234 ZTF_g
58905.645439799875 19.30139923095703 0.2206459939479828 ZTF_g
58905.675162000116 19.527599334716797 0.22100000083446503 ZTF_r
58913.61447919998 19.262500762939453 0.2183550000190735 ZTF_g
58913.67565969983 19.273000717163086 0.20177699625492096 ZTF_r
59088.98034984 13.378 0.037 WISE_W1
59088.98034984 12.976 0.067 WISE_W2
59089.11112565 12.864 0.065 WISE_W2
59089.11112565 13.437 0.042 WISE_W1
59089.24190142 12.711 0.074 WISE_W2
59089.24190142 13.429 0.037 WISE_W1
59089.37267728 13.358 0.042 WISE_W1
59089.37267728 12.897 0.078 WISE_W2
59089.4381288 13.379 0.037 WISE_W1
59089.4381288 12.901 0.071 WISE_W2
59089.50345306 12.76 0.082 WISE_W2
59089.50345306 13.509 0.046 WISE_W1
59089.56890457 12.913 0.069 WISE_W2
59089.56890457 13.414 0.038 WISE_W1
59089.63422873 13.49 0.043 WISE_W1
59089.63422873 12.887 0.088 WISE_W2
59089.69968029 13.349 0.035 WISE_W1
59089.69968029 12.763 0.082 WISE_W2
59089.83045607 13.545 0.05 WISE_W1
59089.83045607 12.673 0.074 WISE_W2
59089.96123192 12.904 0.066 WISE_W2
59089.96123192 13.603 0.047 WISE_W1
59091.93645829987 19.77519989013672 0.19210700690746307 ZTF_g
59092.948055599816 19.6924991607666 0.27988100051879883 ZTF_g
59111.87945599994 19.8656005859375 0.21492500603199005 ZTF_g
59111.92386570014 19.998899459838867 0.2019840031862259 ZTF_r
59120.98304399988 20.018299102783203 0.1601870059967041 ZTF_r
59129.93123839982 19.729700088500977 0.24327099323272705 ZTF_g
59134.915983799845 20.193300247192383 0.2348870038986206 ZTF_g
59136.9210994998 20.159400939941406 0.1918179988861084 ZTF_g
59139.8640509001 20.10070037841797 0.21745899319648743 ZTF_r
59139.899803199805 20.053300857543945 0.31980299949645996 ZTF_g
59143.85012729978 19.908599853515625 0.14510899782180786 ZTF_r
59143.87760420004 19.951000213623047 0.20036600530147552 ZTF_g
59149.97922449978 19.963699340820312 0.2653670012950897 ZTF_g
59150.92215280002 20.128599166870117 0.2743380069732666 ZTF_g
59165.86331020016 20.28619956970215 0.19352999329566956 ZTF_g
59167.84093749989 20.08169937133789 0.20702800154685974 ZTF_r
59205.69068290014 20.109699249267578 0.236052006483078 ZTF_r
59216.707939799875 19.799800872802734 0.2365739941596985 ZTF_g
59220.707395799924 20.333599090576172 0.25116801261901855 ZTF_g
59226.72687500017 19.894100189208984 0.25019899010658264 ZTF_g
59228.697465300094 20.1387996673584 0.2126690000295639 ZTF_g
59247.50880025 12.772 0.059 WISE_W2
59247.50880025 13.421 0.038 WISE_W1
59247.6395764 15.888 0.256 WISE_W1
59247.6395764 13.395 0.04 WISE_W1
59247.6395764 12.682 0.086 WISE_W2
59247.77035256 12.765 0.06 WISE_W2
59247.77035256 13.475 0.04 WISE_W1
59247.83567698 12.779 0.067 WISE_W2
59247.83567698 13.357 0.038 WISE_W1
59247.90112876 12.723 0.072 WISE_W2
59247.90112876 13.38 0.037 WISE_W1
59247.96645312 13.402 0.042 WISE_W1
59247.96645312 13.33 0.095 WISE_W2
59247.96645312 10.981 0.028 WISE_W2
59247.96645312 15.889 0.205 WISE_W1
59248.03190491 12.701 0.053 WISE_W2
59248.03190491 13.434 0.036 WISE_W1
59248.09722933 13.441 0.039 WISE_W1
59248.09722933 12.733 0.076 WISE_W2
59248.2280061 13.368 0.036 WISE_W1
59248.2280061 12.761 0.065 WISE_W2
59248.35878221 13.345 0.036 WISE_W1
59248.35878221 12.734 0.061 WISE_W2
59248.48955841 12.889 0.078 WISE_W2
59248.48955841 13.466 0.052 WISE_W1
59453.11651225 13.59 0.043 WISE_W1
59453.11651225 12.885 0.065 WISE_W2
59453.24716073 12.93 0.071 WISE_W2
59453.24716073 13.517 0.039 WISE_W1
59453.37793657 13.474 0.043 WISE_W1
59453.37793657 12.813 0.074 WISE_W2
59453.50858515 13.53 0.041 WISE_W1
59453.50858515 12.906 0.075 WISE_W2
59453.57390933 13.553 0.042 WISE_W1
59453.57390933 12.761 0.074 WISE_W2
59453.63936086 13.539 0.041 WISE_W1
59453.63936086 13.079 0.092 WISE_W2
59453.70468513 12.892 0.082 WISE_W2
59453.70468513 13.657 0.056 WISE_W1
59453.77000935 13.58 0.048 WISE_W1
59453.77000935 12.915 0.082 WISE_W2
59453.83533361 13.561 0.043 WISE_W1
59453.83533361 12.961 0.084 WISE_W2
59453.96610947 13.607 0.044 WISE_W1
59453.96610947 12.701 0.116 WISE_W2
59454.096758 13.561 0.049 WISE_W1
59454.096758 12.824 0.094 WISE_W2
59454.22753375 12.832 0.073 WISE_W2
59454.22753375 13.526 0.041 WISE_W1
59456.64605958 13.512 0.048 WISE_W1
59456.64605958 12.882 0.069 WISE_W2
59456.6461869 13.578 0.052 WISE_W1
59456.6461869 13.082 0.083 WISE_W2
59456.71151117 12.812 0.078 WISE_W2
59456.71151117 13.518 0.039 WISE_W1
59456.77683543 12.759 0.086 WISE_W2
59456.77683543 13.552 0.041 WISE_W1
59456.8421597 13.57 0.042 WISE_W1
59456.8421597 12.782 0.072 WISE_W2
59456.97293554 13.017 0.083 WISE_W2
59456.97293554 13.608 0.048 WISE_W1
59457.10358403 12.809 0.1 WISE_W2
59457.10358403 13.554 0.049 WISE_W1
59457.23435983 13.558 0.044 WISE_W1
59457.23435983 12.979 0.075 WISE_W2
59611.6631906 13.449 0.049 WISE_W1
59611.6631906 12.896 0.063 WISE_W2
59611.79383944 13.567 0.048 WISE_W1
59611.79383944 12.895 0.059 WISE_W2
59611.92448829 13.673 0.058 WISE_W1
59611.92448829 12.868 0.071 WISE_W2
59611.98981275 13.574 0.043 WISE_W1
59611.98981275 13.024 0.072 WISE_W2
59612.05513718 13.607 0.042 WISE_W1
59612.05513718 12.947 0.068 WISE_W2
59612.12046164 13.514 0.043 WISE_W1
59612.12046164 12.946 0.081 WISE_W2
59612.18578611 13.642 0.041 WISE_W1
59612.18578611 12.801 0.062 WISE_W2
59612.25111049 13.583 0.046 WISE_W1
59612.25111049 12.804 0.083 WISE_W2
59612.38175937 12.851 0.062 WISE_W2
59612.38175937 13.557 0.055 WISE_W1
59612.51240878 13.606 0.041 WISE_W1
59612.51240878 12.997 0.067 WISE_W2
59612.64305763 12.915 0.083 WISE_W2
59612.64305763 13.516 0.038 WISE_W1
59620.35045784 12.958 0.097 WISE_W2
59620.35045784 13.608 0.047 WISE_W1
59820.35476852 13.675 0.048 WISE_W1
59820.35476852 13.066 0.073 WISE_W2
59820.48465303 12.837 0.073 WISE_W2
59820.48465303 13.528 0.039 WISE_W1
59820.61555609 13.662 0.043 WISE_W1
59820.61555609 13.061 0.11 WISE_W2
59820.74594992 13.096 0.086 WISE_W2
59820.74594992 13.633 0.049 WISE_W1
59820.74607723 13.646 0.044 WISE_W1
59820.74607723 12.912 0.071 WISE_W2
59820.81127418 13.727 0.044 WISE_W1
59820.81127418 12.99 0.077 WISE_W2
59820.87647111 13.15 0.1 WISE_W2
59820.87647111 13.654 0.042 WISE_W1
59820.94166801 12.905 0.074 WISE_W2
59820.94166801 13.626 0.043 WISE_W1
59821.006871 13.735 0.045 WISE_W1
59821.006871 13.042 0.08 WISE_W2
59821.07206796 13.666 0.042 WISE_W1
59821.07206796 13.011 0.07 WISE_W2
59821.20207983 13.623 0.049 WISE_W1
59821.20207983 13.062 0.078 WISE_W2
59821.33298303 13.621 0.041 WISE_W1
59821.33298303 13.011 0.087 WISE_W2
59978.72364486 12.971 0.076 WISE_W2
59978.72364486 13.572 0.051 WISE_W1
59978.85391184 12.904 0.086 WISE_W2
59978.85391184 13.63 0.043 WISE_W1
59978.98405154 13.629 0.045 WISE_W1
59978.98405154 12.842 0.068 WISE_W2
59979.04912134 12.992 0.066 WISE_W2
59979.04912134 13.637 0.041 WISE_W1
59979.1141912 12.999 0.066 WISE_W2
59979.1141912 13.553 0.041 WISE_W1
59979.17926105 13.031 0.073 WISE_W2
59979.17926105 13.597 0.047 WISE_W1
59979.17938841 13.709 0.046 WISE_W1
59979.17938841 12.996 0.072 WISE_W2
59979.24445823 13.687 0.042 WISE_W1
59979.24445823 13.031 0.092 WISE_W2
59979.30952808 13.029 0.074 WISE_W2
59979.30952808 13.579 0.061 WISE_W1
59979.37459788 12.924 0.063 WISE_W2
59979.37459788 13.676 0.044 WISE_W1
59979.43966774 12.972 0.109 WISE_W2
59979.43966774 13.633 0.045 WISE_W1
59979.56980735 12.987 0.069 WISE_W2
59979.56980735 13.544 0.048 WISE_W1
59979.70007433 13.63 0.044 WISE_W1
59979.70007433 12.901 0.061 WISE_W2
60184.5323815 13.012 0.07 WISE_W2
60184.5323815 13.657 0.043 WISE_W1
60184.66188399 13.691 0.044 WISE_W1
60184.66188399 13.028 0.085 WISE_W2
60184.79151388 13.032 0.085 WISE_W2
60184.79151388 13.57 0.043 WISE_W1
60184.85632883 13.279 0.088 WISE_W2
60184.85632883 13.657 0.044 WISE_W1
60184.92114382 13.116 0.085 WISE_W2
60184.92114382 13.646 0.047 WISE_W1
60184.9858314 13.639 0.043 WISE_W1
60184.9858314 13.002 0.071 WISE_W2
60185.05064635 13.155 0.082 WISE_W2
60185.05064635 13.743 0.051 WISE_W1
60185.11546186 13.243 0.099 WISE_W2
60185.11546186 13.645 0.043 WISE_W1
60185.18027677 12.939 0.066 WISE_W2
60185.18027677 13.597 0.042 WISE_W1
60185.24509171 13.197 0.104 WISE_W2
60185.24509171 13.629 0.043 WISE_W1
60185.37459428 13.681 0.054 WISE_W1
60185.37459428 13.133 0.081 WISE_W2
60185.50422418 13.067 0.078 WISE_W2
60185.50422418 13.639 0.051 WISE_W1
60343.04245892 12.977 0.074 WISE_W2
60343.04245892 13.656 0.049 WISE_W1
60343.17132507 13.807 0.062 WISE_W1
60343.17132507 13.045 0.091 WISE_W2
60343.30019122 13.098 0.07 WISE_W2
60343.30019122 13.69 0.046 WISE_W1
60343.36462432 13.615 0.044 WISE_W1
60343.36462432 13.062 0.072 WISE_W2
60343.36475163 13.005 0.067 WISE_W2
60343.36475163 13.636 0.044 WISE_W1
60343.42918473 13.191 0.078 WISE_W2
60343.42918473 13.711 0.053 WISE_W1
60343.49361782 13.665 0.042 WISE_W1
60343.49361782 12.933 0.086 WISE_W2
60343.55805088 12.989 0.081 WISE_W2
60343.55805088 13.753 0.043 WISE_W1
60343.62248398 13.239 0.103 WISE_W2
60343.62248398 13.69 0.049 WISE_W1
60343.75147744 13.066 0.069 WISE_W2
60343.75147744 13.765 0.054 WISE_W1
60343.88034359 13.162 0.036 WISE_W1
60343.88034359 13.0 0.062 WISE_W2
60344.00920975 13.81 0.055 WISE_W1
60344.00920975 13.014 0.067 WISE_W2
