3200.82971028647  2.971622E-16
3201.90251664481  -1.470630E-16
3202.97532300314  1.129919E-16
3204.04812936148  -1.188941E-17
3205.12093571982  1.429212E-16
3206.19374207815  1.555381E-17
3207.26654843649  1.947787E-16
3208.33935479483  -6.223896E-17
3209.41216115317  -4.838307E-17
3210.48496751151  3.852550E-16
3211.55777386984  4.790489E-17
3212.63058022818  3.376482E-16
3213.70338658652  2.795988E-16
3214.77619294485  2.355105E-16
3215.84899930319  5.467682E-16
3216.92180566153  2.116729E-16
3217.99461201987  2.616992E-16
3219.0674183782  1.708504E-16
3220.14022473654  8.071321E-17
3221.21303109488  1.895646E-16
3222.28583745322  -3.467277E-17
3223.35864381155  2.519669E-17
3224.43145016989  6.348337E-17
3225.50425652823  2.656291E-17
3226.57706288657  1.010994E-16
3227.6498692449  1.237370E-17
3228.72267560324  1.275153E-16
3229.79548196158  2.178794E-16
3230.86828831992  -1.930974E-17
3231.94109467825  -5.671146E-18
3233.01390103659  1.997025E-16
3234.08670739493  1.549873E-16
3235.15951375327  2.543260E-16
3236.2323201116  2.965028E-16
3237.30512646994  4.226276E-16
3238.37793282828  4.612633E-16
3239.45073918661  3.391968E-16
3240.52354554495  1.994036E-16
3241.59635190329  1.896555E-16
3242.66915826163  1.360064E-16
3243.74196461996  2.010789E-16
3244.8147709783  8.734913E-17
3245.88757733664  1.697189E-16
3246.96038369498  -1.528604E-16
3248.03319005331  8.057989E-17
3249.10599641165  1.754854E-16
3250.17880276999  4.122631E-16
3251.25160912833  3.925312E-16
3252.32441548666  2.927034E-16
3253.397221845  2.286918E-16
3254.47002820334  1.930614E-16
3255.54283456168  5.291662E-17
3256.61564092001  5.600392E-17
3257.68844727835  2.270589E-18
3258.76125363669  1.721660E-16
3259.83405999503  1.916457E-16
3260.90686635336  3.812771E-17
3261.9796727117  2.575797E-16
3263.05247907004  1.721626E-16
3264.12528542838  6.845916E-17
3265.19809178671  6.764044E-17
3266.27089814505  1.631360E-16
3267.34370450339  1.343078E-16
3268.41651086173  -2.642837E-17
3269.48931722006  2.532876E-17
3270.5621235784  3.737225E-16
3271.63492993674  1.198528E-16
3272.70773629507  1.665780E-16
3273.78054265341  1.468487E-16
3274.85334901175  1.853823E-16
3275.92615537009  2.748211E-16
3276.99896172842  2.689077E-16
3278.07176808676  3.592466E-16
3279.1445744451  1.879319E-16
3280.21738080344  9.831960E-17
3281.29018716177  1.670933E-16
3282.36299352011  2.446263E-16
3283.43579987845  2.816634E-16
3284.50860623679  2.266300E-16
3285.58141259512  1.375881E-16
3286.65421895346  -2.434905E-17
3287.7270253118  1.353532E-16
3288.79983167014  1.441267E-16
3289.87263802847  9.146187E-17
3290.94544438681  1.454473E-16
3292.01825074515  2.654269E-16
3293.09105710348  7.434577E-17
3294.16386346182  6.301294E-17
3295.23666982016  1.837177E-16
3296.3094761785  1.548544E-16
3297.38228253683  1.767524E-16
3298.45508889517  2.499803E-16
3299.52789525351  3.058119E-16
3300.60070161185  1.600823E-16
3301.67350797018  1.412109E-16
3302.74631432852  1.913491E-16
3303.81912068686  1.687071E-16
3304.8919270452  9.653606E-17
3305.96473340353  1.305920E-16
3307.03753976187  1.254666E-16
3308.11034612021  3.074794E-16
3309.18315247855  2.768628E-16
3310.25595883688  1.406824E-16
3311.32876519522  4.916869E-17
3312.40157155356  2.043979E-16
3313.4743779119  1.521771E-16
3314.54718427023  1.402704E-16
3315.61999062857  7.373117E-17
3316.69279698691  2.813380E-18
3317.76560334525  2.153078E-16
3318.83840970358  2.547431E-16
3319.91121606192  1.051277E-16
3320.98402242026  8.696872E-17
3322.0568287786  1.243588E-16
3323.12963513693  1.867166E-16
3324.20244149527  1.237410E-16
3325.27524785361  6.140605E-17
3326.34805421194  8.500115E-17
3327.42086057028  1.701788E-16
3328.49366692862  1.366969E-16
3329.56647328696  8.900524E-17
3330.63927964529  1.585950E-16
3331.71208600363  1.462435E-16
3332.78489236197  2.120881E-16
3333.85769872031  9.893893E-17
3334.93050507864  3.035255E-16
3336.00331143698  2.337660E-16
3337.07611779532  9.250083E-17
3338.14892415366  2.107221E-16
3339.22173051199  2.519383E-16
3340.29453687033  1.291063E-16
3341.36734322867  1.154339E-16
3342.44014958701  1.579193E-16
3343.51295594534  2.353975E-16
3344.58576230368  2.531313E-16
3345.65856866202  2.272598E-16
3346.73137502036  1.781412E-16
3347.80418137869  2.217306E-16
3348.87698773703  2.452512E-16
3349.94979409537  1.875716E-16
3351.0226004537  2.108975E-16
3352.09540681204  2.095692E-16
3353.16821317038  1.936780E-16
3354.24101952872  1.975692E-16
3355.31382588705  2.043331E-16
3356.38663224539  2.212402E-16
3357.45943860373  1.023662E-16
3358.53224496207  1.152383E-16
3359.6050513204  1.404804E-16
3360.67785767874  9.369444E-17
3361.75066403708  7.833670E-17
3362.82347039542  5.565850E-17
3363.89627675375  1.153642E-16
3364.96908311209  1.786332E-16
3366.04188947043  1.641951E-16
3367.11469582877  1.541081E-16
3368.1875021871  6.599317E-17
3369.26030854544  2.137820E-16
3370.33311490378  2.297532E-16
3371.40592126212  4.180614E-17
3372.47872762045  1.001417E-16
3373.55153397879  1.360329E-16
3374.62434033713  9.109597E-17
3375.69714669547  1.181527E-16
3376.7699530538  1.462357E-16
3377.84275941214  1.729674E-16
3378.91556577048  1.329659E-16
3379.98837212881  7.144137E-17
3381.06117848715  1.251589E-16
3382.13398484549  1.188864E-16
3383.20679120383  5.687956E-17
3384.27959756216  1.889241E-16
3385.3524039205  1.521353E-16
3386.42521027884  1.960279E-16
3387.49801663718  2.054565E-16
3388.57082299551  9.584887E-17
3389.64362935385  1.188675E-16
3390.71643571219  1.846584E-16
3391.78924207053  2.236748E-16
3392.86204842886  1.034663E-16
3393.9348547872  1.291722E-16
3395.00766114554  1.259226E-16
3396.08046750388  1.014727E-16
3397.15327386221  1.866463E-16
3398.22608022055  2.165906E-16
3399.29888657889  2.155530E-16
3400.37169293723  1.886641E-16
3401.44449929556  9.872674E-17
3402.5173056539  1.135681E-16
3403.59011201224  1.424527E-16
3404.66291837057  1.534979E-16
3405.73572472891  1.911896E-16
3406.80853108725  1.639604E-16
3407.88133744559  1.257272E-16
3408.95414380393  7.686674E-17
3410.02695016226  1.013196E-16
3411.0997565206  8.924657E-17
3412.17256287894  7.313748E-17
3413.24536923727  1.425836E-16
3414.31817559561  1.590051E-16
3415.39098195395  1.700935E-16
3416.46378831229  1.301740E-16
3417.53659467062  1.150215E-16
3418.60940102896  1.284534E-16
3419.6822073873  9.756448E-17
3420.75501374564  6.095612E-17
3421.82782010397  1.025397E-16
3422.90062646231  1.674570E-16
3423.97343282065  1.572422E-16
3425.04623917899  1.004851E-16
3426.11904553732  1.079015E-16
3427.19185189566  1.817868E-16
3428.264658254  1.753247E-16
3429.33746461234  1.726939E-16
3430.41027097067  1.481473E-16
3431.48307732901  1.449607E-16
3432.55588368735  1.090036E-16
3433.62869004568  6.786497E-17
3434.70149640402  8.153621E-17
3435.77430276236  7.300488E-17
3436.8471091207  9.024946E-17
3437.91991547903  9.362897E-17
3438.99272183737  7.609915E-17
3440.06552819571  1.116698E-16
3441.13833455405  1.382416E-16
3442.21114091238  6.482430E-17
3443.28394727072  8.750877E-17
3444.35675362906  1.642648E-16
3445.4295599874  1.168448E-16
3446.50236634573  8.439502E-17
3447.57517270407  1.316417E-16
3448.64797906241  1.816897E-16
3449.72078542075  1.597105E-16
3450.79359177908  1.117250E-16
3451.86639813742  1.572156E-16
3452.93920449576  1.360450E-16
3454.0120108541  8.199751E-17
3455.08481721243  1.500767E-16
3456.15762357077  1.141511E-16
3457.23042992911  1.224284E-16
3458.30323628744  1.905622E-16
3459.37604264578  9.001636E-17
3460.44884900412  1.065717E-16
3461.52165536246  1.606084E-16
3462.59446172079  1.557742E-16
3463.66726807913  1.692982E-16
3464.74007443747  1.288849E-16
3465.81288079581  8.623857E-17
3466.88568715414  1.213087E-16
3467.95849351248  1.256601E-16
3469.03129987082  7.020468E-17
3470.10410622916  9.068372E-17
3471.17691258749  1.082252E-16
3472.24971894583  1.550906E-16
3473.32252530417  1.200277E-16
3474.39533166251  1.497543E-16
3475.46813802084  1.517512E-16
3476.54094437918  1.131853E-16
3477.61375073752  1.003702E-16
3478.68655709586  3.886355E-17
3479.75936345419  7.365923E-17
3480.83216981253  7.756218E-17
3481.90497617087  1.328877E-16
3482.97778252921  1.482948E-16
3484.05058888754  1.175059E-16
3485.12339524588  4.074109E-17
3486.19620160422  8.002734E-17
3487.26900796255  7.881643E-17
3488.34181432089  5.410747E-17
3489.41462067923  8.700560E-17
3490.48742703757  9.429332E-17
3491.5602333959  1.046497E-16
3492.63303975424  1.317113E-16
3493.70584611258  1.456473E-16
3494.77865247092  1.059270E-16
3495.85145882925  1.225626E-16
3496.92426518759  9.595489E-17
3497.99707154593  9.921639E-17
3499.06987790427  5.964390E-17
3500.1426842626  9.952639E-17
3501.21549062094  1.484222E-16
3502.28829697928  1.017052E-16
3503.36110333762  1.038208E-16
3504.43390969595  7.721926E-17
3505.50671605429  6.464046E-17
3506.57952241263  1.128815E-16
3507.65232877097  1.267311E-16
3508.7251351293  8.519859E-17
3509.79794148764  6.226125E-17
3510.87074784598  8.531424E-17
3511.94355420431  1.373746E-16
3513.01636056265  1.231665E-16
3514.08916692099  1.192651E-16
3515.16197327933  1.416580E-16
3516.23477963766  1.228504E-16
3517.307585996  1.144587E-16
3518.38039235434  1.458786E-16
3519.45319871268  1.314181E-16
3520.52600507101  8.100007E-17
3521.59881142935  1.181563E-16
3522.67161778769  9.676310E-17
3523.74442414603  6.809232E-17
3524.81723050436  7.583201E-17
3525.8900368627  1.231092E-16
3526.96284322104  1.118138E-16
3528.03564957938  1.341877E-16
3529.10845593771  1.248349E-16
3530.18126229605  1.346267E-16
3531.25406865439  1.602204E-16
3532.32687501273  1.539657E-16
3533.39968137106  1.601881E-16
3534.4724877294  1.646259E-16
3535.54529408774  1.210020E-16
3536.61810044608  1.209741E-16
3537.69090680441  1.229396E-16
3538.76371316275  8.424402E-17
3539.83651952109  1.034491E-16
3540.90932587942  1.098660E-16
3541.98213223776  9.776290E-17
3543.0549385961  9.327494E-17
3544.12774495444  8.457304E-17
3545.20055131277  6.940334E-17
3546.27335767111  8.479642E-17
3547.34616402945  1.344375E-16
3548.41897038779  9.618606E-17
3549.49177674612  1.247797E-16
3550.56458310446  8.452616E-17
3551.6373894628  1.374410E-16
3552.71019582114  8.615625E-17
3553.78300217947  8.131301E-17
3554.85580853781  1.043961E-16
3555.92861489615  1.397024E-16
3557.00142125449  1.179135E-16
3558.07422761282  9.702884E-17
3559.14703397116  1.064918E-16
3560.2198403295  6.693559E-17
3561.29264668784  8.844855E-17
3562.36545304617  8.428340E-17
3563.43825940451  1.089745E-16
3564.51106576285  8.306494E-17
3565.58387212119  7.878320E-17
3566.65667847952  5.377211E-17
3567.72948483786  1.151316E-16
3568.8022911962  8.642902E-17
3569.87509755453  5.688455E-17
3570.94790391287  6.463123E-17
3572.02071027121  7.271142E-17
3573.09351662955  1.279699E-16
3574.16632298788  8.036506E-17
3575.23912934622  1.344205E-16
3576.31193570456  8.758028E-17
3577.3847420629  1.029019E-16
3578.45754842123  1.495096E-16
3579.53035477957  8.524808E-17
3580.60316113791  6.895997E-17
3581.67596749625  1.101361E-16
3582.74877385458  1.259677E-16
3583.82158021292  1.179854E-16
3584.89438657126  1.468417E-16
3585.9671929296  1.582449E-16
3587.03999928793  1.098421E-16
3588.11280564627  1.358177E-16
3589.18561200461  1.116185E-16
3590.25841836294  8.021479E-17
3591.33122472128  1.050842E-16
3592.40403107962  8.450144E-17
3593.47683743796  1.026085E-16
3594.54964379629  1.171499E-16
3595.62245015463  9.488992E-17
3596.69525651297  1.010737E-16
3597.76806287131  1.287729E-16
3598.84086922964  1.225679E-16
3599.91367558798  1.210464E-16
3600.98648194632  8.519295E-17
3602.05928830466  1.462736E-16
3603.13209466299  1.151356E-16
3604.20490102133  9.473354E-17
3605.27770737967  9.636537E-17
3606.35051373801  5.295162E-17
3607.42332009634  1.047149E-16
3608.49612645468  1.455898E-16
3609.56893281302  1.124731E-16
3610.64173917136  1.077841E-16
3611.71454552969  6.171392E-17
3612.78735188803  9.455240E-17
3613.86015824637  9.465893E-17
3614.93296460471  9.571063E-17
3616.00577096304  1.016474E-16
3617.07857732138  9.878205E-17
3618.15138367972  1.017729E-16
3619.22419003806  7.273080E-17
3620.29699639639  8.267112E-17
3621.36980275473  8.544219E-17
3622.44260911307  8.555930E-17
3623.5154154714  8.091217E-17
3624.58822182974  7.502338E-17
3625.66102818808  6.250355E-17
3626.73383454642  9.470944E-17
3627.80664090475  9.310277E-17
3628.87944726309  8.312077E-17
3629.95225362143  9.147755E-17
3631.02505997977  8.854063E-17
3632.0978663381  6.740046E-17
3633.17067269644  8.619282E-17
3634.24347905478  1.100287E-16
3635.31628541312  1.021283E-16
3636.38909177145  7.726873E-17
3637.46189812979  8.871701E-17
3638.53470448813  8.652181E-17
3639.60751084647  1.062459E-16
3640.6803172048  1.387291E-16
3641.75312356314  9.488664E-17
3642.82592992148  7.806068E-17
3643.89873627981  6.113828E-17
3644.97154263815  5.763244E-17
3646.04434899649  8.395088E-17
3647.11715535483  1.014501E-16
3648.18996171316  9.000101E-17
3649.2627680715  8.433605E-17
3650.33557442984  1.365832E-16
3651.40838078818  1.081190E-16
3652.48118714651  9.462009E-17
3653.55399350485  8.424233E-17
3654.62679986319  1.146056E-16
3655.69960622153  1.372130E-16
3656.77241257986  9.633631E-17
3657.8452189382  8.327644E-17
3658.91802529654  8.696268E-17
3659.99083165488  7.745032E-17
3661.06363801321  9.431716E-17
3662.13644437155  1.020317E-16
3663.20925072989  1.176286E-16
3664.28205708823  1.056188E-16
3665.35486344656  1.173672E-16
3666.4276698049  1.448658E-16
3667.50047616324  1.197787E-16
3668.57328252158  1.077977E-16
3669.64608887991  1.074069E-16
3670.71889523825  9.296123E-17
3671.79170159659  1.104324E-16
3672.86450795493  1.250139E-16
3673.93731431326  8.841513E-17
3675.0101206716  9.187224E-17
3676.08292702994  7.401161E-17
3677.15573338827  7.513740E-17
3678.22853974661  1.055398E-16
3679.30134610495  9.935552E-17
3680.37415246329  1.015507E-16
3681.44695882162  1.060502E-16
3682.51976517996  8.948687E-17
3683.5925715383  9.121087E-17
3684.66537789664  9.447144E-17
3685.73818425497  1.118112E-16
3686.81099061331  1.030358E-16
3687.88379697165  8.627332E-17
3688.95660332999  8.468040E-17
3690.02940968832  1.047255E-16
3691.10221604666  1.072889E-16
3692.175022405  1.256949E-16
3693.24782876334  1.033102E-16
3694.32063512167  8.862347E-17
3695.39344148001  8.948381E-17
3696.46624783835  9.180792E-17
3697.53905419669  1.033542E-16
3698.61186055502  7.545658E-17
3699.68466691336  1.021564E-16
3700.7574732717  1.267981E-16
3701.83027963004  1.052608E-16
3702.90308598837  1.169469E-16
3703.97589234671  1.040971E-16
3705.04869870505  8.549955E-17
3706.12150506338  9.014787E-17
3707.19431142172  9.740477E-17
3708.26711778006  8.905988E-17
3709.3399241384  7.477768E-17
3710.41273049673  9.644909E-17
3711.48553685507  9.599252E-17
3712.55834321341  8.841419E-17
3713.63114957175  9.759696E-17
3714.70395593008  9.155467E-17
3715.77676228842  9.281338E-17
3716.84956864676  8.301327E-17
3717.9223750051  6.615808E-17
3718.99518136343  8.180589E-17
3720.06798772177  8.550072E-17
3721.14079408011  9.700780E-17
3722.21360043845  9.373379E-17
3723.28640679678  8.808133E-17
3724.35921315512  8.595091E-17
3725.43201951346  8.848219E-17
3726.5048258718  1.042962E-16
3727.57763223013  7.969791E-17
3728.65043858847  7.707532E-17
3729.72324494681  9.977433E-17
3730.79605130514  8.986801E-17
3731.86885766348  9.426423E-17
3732.94166402182  7.538448E-17
3734.01447038016  6.571039E-17
3735.08727673849  9.828344E-17
3736.16008309683  8.727094E-17
3737.23288945517  7.595674E-17
3738.30569581351  9.581247E-17
3739.37850217184  8.067485E-17
3740.45130853018  7.612676E-17
3741.52411488852  9.511130E-17
3742.59692124686  1.035943E-16
3743.66972760519  9.301641E-17
3744.74253396353  1.032318E-16
3745.81534032187  1.162110E-16
3746.88814668021  6.874288E-17
3747.96095303854  5.996039E-17
3749.03375939688  8.401876E-17
3750.10656575522  9.022355E-17
3751.17937211356  9.164157E-17
3752.25217847189  9.581686E-17
3753.32498483023  9.093628E-17
3754.39779118857  8.872915E-17
3755.4705975469  9.784369E-17
3756.54340390524  1.089051E-16
3757.61621026358  1.120795E-16
3758.68901662192  9.502397E-17
3759.76182298025  8.270750E-17
3760.83462933859  7.026770E-17
3761.90743569693  8.738403E-17
3762.98024205527  1.321554E-16
3764.0530484136  1.148759E-16
3765.12585477194  1.073887E-16
3766.19866113028  1.130417E-16
3767.27146748862  1.110949E-16
3768.34427384695  8.683643E-17
3769.41708020529  1.053250E-16
3770.48988656363  1.094621E-16
3771.56269292197  1.036321E-16
3772.6354992803  1.039801E-16
3773.70830563864  1.077952E-16
3774.78111199698  1.014835E-16
3775.85391835532  1.113001E-16
3776.92672471365  1.055374E-16
3777.99953107199  1.001556E-16
3779.07233743033  1.082891E-16
3780.14514378867  9.870519E-17
3781.217950147  9.222116E-17
3782.29075650534  8.570950E-17
3783.36356286368  9.557543E-17
3784.43636922202  1.064380E-16
3785.50917558035  1.139461E-16
3786.58198193869  9.788186E-17
3787.65478829703  9.173275E-17
3788.72759465536  9.972546E-17
3789.8004010137  1.053267E-16
3790.87320737204  1.028452E-16
3791.94601373038  8.885423E-17
3793.01882008871  1.131825E-16
3794.09162644705  1.114491E-16
3795.16443280539  9.961980E-17
3796.23723916373  8.176481E-17
3797.31004552206  8.360442E-17
3798.3828518804  9.094208E-17
3799.45565823874  8.218965E-17
3800.52846459708  8.252668E-17
3801.60127095541  8.679203E-17
3802.67407731375  8.263581E-17
3803.74688367209  1.018424E-16
3804.81969003043  8.199653E-17
3805.89249638876  8.156223E-17
3806.9653027471  1.065071E-16
3808.03810910544  9.086243E-17
3809.11091546377  7.884968E-17
3810.18372182211  8.728664E-17
3811.25652818045  1.057975E-16
3812.32933453879  9.569847E-17
3813.40214089713  9.178867E-17
3814.47494725546  1.009111E-16
3815.5477536138  8.479296E-17
3816.62055997214  8.846284E-17
3817.69336633047  9.954757E-17
3818.76617268881  9.575083E-17
3819.83897904715  8.282526E-17
3820.91178540549  7.769210E-17
3821.98459176382  8.005191E-17
3823.05739812216  8.656337E-17
3824.1302044805  1.080232E-16
3825.20301083884  9.588283E-17
3826.27581719717  7.691920E-17
3827.34862355551  9.102949E-17
3828.42142991385  9.444415E-17
3829.49423627219  8.778176E-17
3830.56704263052  8.466816E-17
3831.63984898886  9.936986E-17
3832.7126553472  1.015412E-16
3833.78546170554  9.190474E-17
3834.85826806387  6.820964E-17
3835.93107442221  8.252113E-17
3837.00388078055  7.397184E-17
3838.07668713888  1.075180E-16
3839.14949349722  9.239435E-17
3840.22229985556  7.482191E-17
3841.2951062139  9.876198E-17
3842.36791257223  9.674217E-17
3843.44071893057  7.534191E-17
3844.51352528891  7.562087E-17
3845.58633164725  9.039274E-17
3846.65913800558  8.240923E-17
3847.73194436392  9.644162E-17
3848.80475072226  9.204593E-17
3849.8775570806  7.906663E-17
3850.95036343893  9.191078E-17
3852.02316979727  9.563572E-17
3853.09597615561  6.126599E-17
3854.16878251395  7.167106E-17
3855.24158887228  8.380198E-17
3856.31439523062  8.353001E-17
3857.38720158896  1.112686E-16
3858.4600079473  9.669186E-17
3859.53281430563  9.772248E-17
3860.60562066397  7.374410E-17
3861.67842702231  7.918126E-17
3862.75123338064  7.825440E-17
3863.82403973898  7.398954E-17
3864.89684609732  8.474475E-17
3865.96965245566  9.200952E-17
3867.042458814  8.904313E-17
3868.11526517233  8.821397E-17
3869.18807153067  1.015316E-16
3870.26087788901  9.675315E-17
3871.33368424734  8.556827E-17
3872.40649060568  9.327244E-17
3873.47929696402  9.671787E-17
3874.55210332236  9.726822E-17
3875.62490968069  7.624786E-17
3876.69771603903  1.013471E-16
3877.77052239737  1.146056E-16
3878.84332875571  1.122027E-16
3879.91613511404  9.727446E-17
3880.98894147238  8.714325E-17
3882.06174783072  1.105934E-16
3883.13455418906  9.253720E-17
3884.20736054739  9.682101E-17
3885.28016690573  1.084478E-16
3886.35297326407  1.128342E-16
3887.42577962241  1.170539E-16
3888.49858598074  1.077497E-16
3889.57139233908  1.277555E-16
3890.64419869742  1.092923E-16
3891.71700505576  1.019894E-16
3892.78981141409  1.128109E-16
3893.86261777243  1.094903E-16
3894.93542413077  8.797840E-17
3896.0082304891  8.789113E-17
3897.08103684744  9.107956E-17
3898.15384320578  1.078357E-16
3899.22664956412  9.077317E-17
3900.29945592245  1.019283E-16
3901.37226228079  1.054185E-16
3902.44506863913  9.581934E-17
3903.51787499747  1.075451E-16
3904.5906813558  1.005960E-16
3905.66348771414  1.054541E-16
3906.73629407248  9.257406E-17
3907.80910043082  9.431204E-17
3908.88190678915  1.161792E-16
3909.95471314749  9.294045E-17
3911.02751950583  9.028414E-17
3912.10032586417  7.983604E-17
3913.1731322225  8.128753E-17
3914.24593858084  8.131604E-17
3915.31874493918  9.181608E-17
3916.39155129752  9.662869E-17
3917.46435765585  8.407642E-17
3918.53716401419  9.405740E-17
3919.60997037253  9.223982E-17
3920.68277673086  8.970194E-17
3921.7555830892  9.571853E-17
3922.82838944754  1.082760E-16
3923.90119580588  1.077755E-16
3924.97400216421  8.334556E-17
3926.04680852255  7.674396E-17
3927.11961488089  9.269471E-17
3928.19242123923  9.356190E-17
3929.26522759756  6.774857E-17
3930.3380339559  8.941951E-17
3931.41084031424  9.019934E-17
3932.48364667258  9.156445E-17
3933.55645303091  8.949538E-17
3934.62925938925  9.547024E-17
3935.70206574759  9.079267E-17
3936.77487210593  8.999512E-17
3937.84767846426  8.244863E-17
3938.9204848226  8.687599E-17
3939.99329118094  9.342134E-17
3941.06609753928  1.062441E-16
3942.13890389761  9.406444E-17
3943.21171025595  7.578859E-17
3944.28451661429  9.374153E-17
3945.35732297263  9.894609E-17
3946.43012933096  8.755958E-17
3947.5029356893  9.288840E-17
3948.57574204764  9.344586E-17
3949.64854840597  8.725711E-17
3950.72135476431  9.148311E-17
3951.79416112265  9.907255E-17
3952.86696748099  8.780124E-17
3953.93977383932  8.849781E-17
3955.01258019766  1.040662E-16
3956.085386556  9.364800E-17
3957.15819291434  8.819368E-17
3958.23099927267  8.683310E-17
3959.30380563101  8.397882E-17
3960.37661198935  9.738722E-17
3961.44941834769  8.276612E-17
3962.52222470602  7.866846E-17
3963.59503106436  9.401765E-17
3964.6678374227  8.194146E-17
3965.74064378104  7.840005E-17
3966.81345013937  8.955002E-17
3967.88625649771  8.856312E-17
3968.95906285605  7.508447E-17
3970.03186921439  8.214086E-17
3971.10467557272  7.554058E-17
3972.17748193106  6.946511E-17
3973.2502882894  6.909956E-17
3974.32309464774  7.193599E-17
3975.39590100607  7.781991E-17
3976.46870736441  8.119867E-17
3977.54151372275  9.574833E-17
3978.61432008108  8.267099E-17
3979.68712643942  8.453232E-17
3980.75993279776  8.799383E-17
3981.8327391561  7.013312E-17
3982.90554551443  7.913964E-17
3983.97835187277  8.247826E-17
3985.05115823111  7.789838E-17
3986.12396458945  6.951532E-17
3987.19677094778  7.084253E-17
3988.26957730612  7.043429E-17
3989.34238366446  8.007370E-17
3990.4151900228  8.740961E-17
3991.48799638113  1.000283E-16
3992.56080273947  9.137811E-17
3993.63360909781  7.165809E-17
3994.70641545615  7.497682E-17
3995.77922181448  8.832116E-17
3996.85202817282  7.983166E-17
3997.92483453116  8.889345E-17
3998.9976408895  1.047145E-16
4000.07044724783  8.795942E-17
4001.14325360617  8.668957E-17
4002.21605996451  6.783315E-17
4003.28886632284  7.024086E-17
4004.36167268118  7.344230E-17
4005.43447903952  8.340285E-17
4006.50728539786  9.622685E-17
4007.58009175619  7.733132E-17
4008.65289811453  7.331339E-17
4009.72570447287  9.350934E-17
4010.79851083121  8.067725E-17
4011.87131718954  7.176280E-17
4012.94412354788  7.775798E-17
4014.01692990622  8.687127E-17
4015.08973626456  7.630420E-17
4016.16254262289  8.013132E-17
4017.23534898123  7.344657E-17
4018.30815533957  7.279739E-17
4019.38096169791  6.839778E-17
4020.45376805624  9.148038E-17
4021.52657441458  7.729139E-17
4022.59938077292  8.089477E-17
4023.67218713126  7.691945E-17
4024.74499348959  6.902679E-17
4025.81779984793  7.253250E-17
4026.89060620627  9.434927E-17
4027.9634125646  6.794849E-17
4029.03621892294  7.629436E-17
4030.10902528128  1.024561E-16
4031.18183163962  7.645378E-17
4032.25463799795  8.008262E-17
4033.32744435629  7.791644E-17
4034.40025071463  8.352816E-17
4035.47305707297  7.637292E-17
4036.5458634313  6.590455E-17
4037.61866978964  6.747735E-17
4038.69147614798  9.227703E-17
4039.76428250632  9.412331E-17
4040.83708886465  9.445962E-17
4041.90989522299  7.459640E-17
4042.98270158133  9.032090E-17
4044.05550793967  8.353014E-17
4045.128314298  8.989861E-17
4046.20112065634  7.124262E-17
4047.27392701468  8.365528E-17
4048.34673337301  8.785326E-17
4049.41953973135  7.756551E-17
4050.49234608969  7.281042E-17
4051.56515244803  6.711613E-17
4052.63795880636  6.611907E-17
4053.7107651647  6.477615E-17
4054.78357152304  9.009390E-17
4055.85637788138  1.007486E-16
4056.92918423972  9.766286E-17
4058.00199059805  7.727894E-17
4059.07479695639  7.966295E-17
4060.14760331473  8.573819E-17
4061.22040967306  8.914363E-17
4062.2932160314  9.218532E-17
4063.36602238974  8.183997E-17
4064.43882874808  8.281969E-17
4065.51163510641  8.634123E-17
4066.58444146475  7.905961E-17
4067.65724782309  8.179282E-17
4068.73005418143  7.947198E-17
4069.80286053976  8.938963E-17
4070.8756668981  9.507697E-17
4071.94847325644  7.858943E-17
4073.02127961478  6.811542E-17
4074.09408597311  6.998903E-17
4075.16689233145  8.010543E-17
4076.23969868979  8.081458E-17
4077.31250504813  7.577195E-17
4078.38531140646  8.072394E-17
4079.4581177648  7.112425E-17
4080.53092412314  6.485797E-17
4081.60373048147  8.002902E-17
4082.67653683981  7.849452E-17
4083.74934319815  8.703956E-17
4084.82214955649  9.709502E-17
4085.89495591482  7.072635E-17
4086.96776227316  7.288836E-17
4088.0405686315  1.035139E-16
4089.11337498984  9.097875E-17
4090.18618134817  7.190070E-17
4091.25898770651  7.979197E-17
4092.33179406485  8.344118E-17
4093.40460042319  8.124440E-17
4094.47740678152  7.560899E-17
4095.55021313986  7.900523E-17
4096.6230194982  8.759968E-17
4097.69582585654  9.614285E-17
4098.76863221487  8.113275E-17
4099.84143857321  8.483211E-17
4100.91424493155  9.588445E-17
4101.98705128989  7.822428E-17
4103.05985764822  7.341251E-17
4104.13266400656  7.796202E-17
4105.2054703649  7.152106E-17
4106.27827672324  7.097160E-17
4107.35108308157  7.352017E-17
4108.42388943991  6.593882E-17
4109.49669579825  5.316675E-17
4110.56950215658  6.715169E-17
4111.64230851492  8.213633E-17
4112.71511487326  8.111659E-17
4113.7879212316  8.735684E-17
4114.86072758994  7.436748E-17
4115.93353394827  6.543586E-17
4117.00634030661  6.979665E-17
4118.07914666495  1.045247E-16
4119.15195302328  9.013490E-17
4120.22475938162  7.908223E-17
4121.29756573996  7.358830E-17
4122.3703720983  8.142459E-17
4123.44317845663  8.495926E-17
4124.51598481497  8.203899E-17
4125.58879117331  8.768995E-17
4126.66159753165  7.487478E-17
4127.73440388998  7.601654E-17
4128.80721024832  7.850780E-17
4129.88001660666  6.846102E-17
4130.952822965  8.055002E-17
4132.02562932333  7.627376E-17
4133.09843568167  7.042129E-17
4134.17124204001  6.886663E-17
4135.24404839835  8.126431E-17
4136.31685475668  6.556940E-17
4137.38966111502  6.554128E-17
4138.46246747336  6.319384E-17
4139.5352738317  6.720216E-17
4140.60808019003  6.431270E-17
4141.68088654837  7.047214E-17
4142.75369290671  7.897528E-17
4143.82649926504  7.065578E-17
4144.89930562338  7.540655E-17
4145.97211198172  9.577976E-17
4147.04491834006  8.140515E-17
4148.11772469839  6.944737E-17
4149.19053105673  6.871625E-17
4150.26333741507  7.529642E-17
4151.33614377341  8.407131E-17
4152.40895013174  7.580472E-17
4153.48175649008  7.498360E-17
4154.55456284842  7.423909E-17
4155.62736920676  7.388203E-17
4156.70017556509  6.650330E-17
4157.77298192343  7.847214E-17
4158.84578828177  7.323254E-17
4159.91859464011  7.057210E-17
4160.99140099844  7.260089E-17
4162.06420735678  7.365071E-17
4163.13701371512  6.422997E-17
4164.20982007346  7.803227E-17
4165.28262643179  8.115650E-17
4166.35543279013  7.162849E-17
4167.42823914847  7.201878E-17
4168.50104550681  7.462936E-17
4169.57385186514  8.532668E-17
4170.64665822348  7.928831E-17
4171.71946458182  7.261057E-17
4172.79227094015  8.016095E-17
4173.86507729849  7.305148E-17
4174.93788365683  6.638566E-17
4176.01069001517  7.466113E-17
4177.0834963735  7.980521E-17
4178.15630273184  6.931899E-17
4179.22910909018  5.108407E-17
4180.30191544852  5.498762E-17
4181.37472180685  7.534734E-17
4182.44752816519  7.555177E-17
4183.52033452353  7.197113E-17
4184.59314088187  6.752213E-17
4185.6659472402  5.709153E-17
4186.73875359854  5.743417E-17
4187.81155995688  6.364406E-17
4188.88436631522  6.786665E-17
4189.95717267355  6.540718E-17
4191.02997903189  7.355854E-17
4192.10278539023  7.938207E-17
4193.17559174856  6.990997E-17
4194.2483981069  7.329830E-17
4195.32120446524  7.572987E-17
4196.39401082358  6.871671E-17
4197.46681718191  7.852302E-17
4198.53962354025  7.855185E-17
4199.61242989859  7.213702E-17
4200.68523625693  6.639752E-17
4201.75804261526  5.979182E-17
4202.8308489736  7.011673E-17
4203.90365533194  5.678326E-17
4204.97646169028  5.891719E-17
4206.04926804861  6.720704E-17
4207.12207440695  7.039601E-17
4208.19488076529  7.426130E-17
4209.26768712363  6.969758E-17
4210.34049348196  6.237380E-17
4211.4132998403  6.415643E-17
4212.48610619864  7.146839E-17
4213.55891255698  7.001299E-17
4214.63171891531  7.681985E-17
4215.70452527365  6.238405E-17
4216.77733163199  5.563422E-17
4217.85013799033  6.833418E-17
4218.92294434866  7.005870E-17
4219.995750707  6.471207E-17
4221.06855706534  5.714589E-17
4222.14136342368  5.440568E-17
4223.21416978201  5.804561E-17
4224.28697614035  6.438193E-17
4225.35978249869  5.982156E-17
4226.43258885702  5.603922E-17
4227.50539521536  5.811956E-17
4228.5782015737  6.675979E-17
4229.65100793204  6.973315E-17
4230.72381429037  6.674896E-17
4231.79662064871  6.158661E-17
4232.86942700705  6.734224E-17
4233.94223336539  8.155061E-17
4235.01503972372  7.358495E-17
4236.08784608206  5.772989E-17
4237.1606524404  6.667604E-17
4238.23345879874  6.882050E-17
4239.30626515707  5.987311E-17
4240.37907151541  7.160556E-17
4241.45187787375  6.349432E-17
4242.52468423209  7.410648E-17
4243.59749059042  5.836005E-17
4244.67029694876  6.770709E-17
4245.7431033071  7.759427E-17
4246.81590966544  7.828829E-17
4247.88871602377  5.986712E-17
4248.96152238211  6.615527E-17
4250.03432874045  6.955162E-17
4251.10713509879  5.578411E-17
4252.17994145712  6.510483E-17
4253.25274781546  6.743186E-17
4254.3255541738  6.490858E-17
4255.39836053213  6.026704E-17
4256.47116689047  6.665651E-17
4257.54397324881  7.609031E-17
4258.61677960715  6.784651E-17
4259.68958596548  7.030931E-17
4260.76239232382  6.969447E-17
4261.83519868216  7.653427E-17
4262.9080050405  7.185976E-17
4263.98081139883  7.035196E-17
4265.05361775717  7.257883E-17
4266.12642411551  6.446444E-17
4267.19923047385  6.404293E-17
4268.27203683218  7.167536E-17
4269.34484319052  7.548381E-17
4270.41764954886  7.448438E-17
4271.4904559072  7.502283E-17
4272.56326226553  6.406369E-17
4273.63606862387  5.683086E-17
4274.70887498221  6.183615E-17
4275.78168134055  6.204700E-17
4276.85448769888  6.596681E-17
4277.92729405722  6.522030E-17
4279.00010041556  5.786400E-17
4280.07290677389  6.035104E-17
4281.14571313223  6.117173E-17
4282.21851949057  5.560869E-17
4283.29132584891  5.566955E-17
4284.36413220724  6.036981E-17
4285.43693856558  8.094173E-17
4286.50974492392  8.471805E-17
4287.58255128226  6.457888E-17
4288.6553576406  6.638020E-17
4289.72816399893  5.501630E-17
4290.80097035727  5.776451E-17
4291.87377671561  7.125921E-17
4292.94658307394  7.214759E-17
4294.01938943228  6.192982E-17
4295.09219579062  7.261483E-17
4296.16500214896  6.614847E-17
4297.23780850729  6.250214E-17
4298.31061486563  7.181605E-17
4299.38342122397  7.275101E-17
4300.4562275823  7.022943E-17
4301.52903394064  6.614304E-17
4302.60184029898  6.427163E-17
4303.67464665732  7.702936E-17
4304.74745301565  6.881345E-17
4305.82025937399  5.966347E-17
4306.89306573233  6.913554E-17
4307.96587209067  6.369173E-17
4309.038678449  6.618453E-17
4310.11148480734  6.261023E-17
4311.18429116568  7.167963E-17
4312.25709752402  6.653099E-17
4313.32990388235  6.040153E-17
4314.40271024069  5.819807E-17
4315.47551659903  6.966677E-17
4316.54832295737  5.646377E-17
4317.6211293157  6.274839E-17
4318.69393567404  5.338010E-17
4319.76674203238  6.362129E-17
4320.83954839072  7.114416E-17
4321.91235474905  6.601242E-17
4322.98516110739  5.996169E-17
4324.05796746573  6.076236E-17
4325.13077382407  6.403062E-17
4326.2035801824  6.402817E-17
4327.27638654074  6.041013E-17
4328.34919289908  6.752196E-17
4329.42199925741  6.283108E-17
4330.49480561575  7.173690E-17
4331.56761197409  5.890819E-17
4332.64041833243  6.333433E-17
4333.71322469076  6.062315E-17
4334.7860310491  6.797848E-17
4335.85883740744  5.671347E-17
4336.93164376578  5.721669E-17
4338.00445012411  6.275921E-17
4339.07725648245  6.671357E-17
4340.15006284079  7.387054E-17
4341.22286919913  5.814464E-17
4342.29567555746  4.789252E-17
4343.3684819158  6.385136E-17
4344.44128827414  7.203256E-17
4345.51409463248  6.480900E-17
4346.58690099081  6.556376E-17
4347.65970734915  6.462417E-17
4348.73251370749  6.663600E-17
4349.80532006582  6.314352E-17
4350.87812642416  6.183937E-17
4351.9509327825  6.051892E-17
4353.02373914084  5.503093E-17
4354.09654549917  6.520778E-17
4355.16935185751  6.048851E-17
4356.24215821585  6.473535E-17
4357.31496457419  7.763962E-17
4358.38777093252  6.751425E-17
4359.46057729086  7.593286E-17
4360.5333836492  6.594426E-17
4361.60619000754  5.074573E-17
4362.67899636587  6.659418E-17
4363.75180272421  7.017347E-17
4364.82460908255  6.727649E-17
4365.89741544089  5.655172E-17
4366.97022179922  6.134342E-17
4368.04302815756  6.304281E-17
4369.1158345159  5.904148E-17
4370.18864087424  5.776066E-17
4371.26144723257  7.073816E-17
4372.33425359091  7.757480E-17
4373.40705994925  7.630373E-17
4374.47986630759  5.705243E-17
4375.55267266592  6.568719E-17
4376.62547902426  6.551170E-17
4377.6982853826  5.639893E-17
4378.77109174094  6.579611E-17
4379.84389809927  6.331259E-17
4380.91670445761  6.108739E-17
4381.98951081595  6.316125E-17
4383.06231717428  7.310479E-17
4384.13512353262  6.976608E-17
4385.20792989096  7.312353E-17
4386.2807362493  6.710814E-17
4387.35354260763  7.093627E-17
4388.42634896597  7.235259E-17
4389.49915532431  6.011971E-17
4390.57196168265  6.305953E-17
4391.64476804098  7.263804E-17
4392.71757439932  6.056094E-17
4393.79038075766  5.455942E-17
4394.863187116  6.622821E-17
4395.93599347433  5.198846E-17
4397.00879983267  6.010638E-17
4398.08160619101  7.289183E-17
4399.15441254935  7.190911E-17
4400.22721890768  6.709651E-17
4401.30002526602  6.260443E-17
4402.37283162436  6.648433E-17
4403.44563798269  4.940280E-17
4404.51844434103  7.575777E-17
4405.59125069937  7.034493E-17
4406.66405705771  5.912200E-17
4407.73686341605  5.824821E-17
4408.80966977438  7.593285E-17
4409.88247613272  8.454015E-17
4410.95528249106  7.277850E-17
4412.02808884939  7.036252E-17
4413.10089520773  6.826069E-17
4414.17370156607  5.249477E-17
4415.24650792441  5.796870E-17
4416.31931428274  6.232271E-17
4417.39212064108  6.292888E-17
4418.46492699942  7.311749E-17
4419.53773335776  7.510054E-17
4420.61053971609  7.138731E-17
4421.68334607443  7.003033E-17
4422.75615243277  7.549538E-17
4423.82895879111  6.998152E-17
4424.90176514944  5.961042E-17
4425.97457150778  5.466019E-17
4427.04737786612  7.155232E-17
4428.12018422446  7.344229E-17
4429.19299058279  6.271147E-17
4430.26579694113  7.742536E-17
4431.33860329947  8.491004E-17
4432.4114096578  7.478922E-17
4433.48421601614  7.052597E-17
4434.55702237448  5.776661E-17
4435.62982873282  5.901625E-17
4436.70263509115  6.430574E-17
4437.77544144949  5.160591E-17
4438.84824780783  6.098113E-17
4439.92105416617  6.987105E-17
4440.9938605245  7.526395E-17
4442.06666688284  7.463580E-17
4443.13947324118  6.333312E-17
4444.21227959952  4.721765E-17
4445.28508595785  5.387100E-17
4446.35789231619  6.141355E-17
4447.43069867453  6.410057E-17
4448.50350503287  7.374115E-17
4449.5763113912  7.603408E-17
4450.64911774954  5.846561E-17
4451.72192410788  7.134498E-17
4452.79473046622  6.524184E-17
4453.86753682455  6.026266E-17
4454.94034318289  6.555679E-17
4456.01314954123  4.399058E-17
4457.08595589957  5.846293E-17
4458.1587622579  6.887296E-17
4459.23156861624  6.214151E-17
4460.30437497458  6.838196E-17
4461.37718133292  7.197781E-17
4462.44998769125  6.450929E-17
4463.52279404959  4.852988E-17
4464.59560040793  6.734791E-17
4465.66840676626  6.691069E-17
4466.7412131246  8.773079E-17
4467.81401948294  7.289541E-17
4468.88682584128  7.223460E-17
4469.95963219961  7.218570E-17
4471.03243855795  6.282447E-17
4472.10524491629  6.699507E-17
4473.17805127463  7.262388E-17
4474.25085763296  7.059248E-17
4475.3236639913  5.593004E-17
4476.39647034964  8.482144E-17
4477.46927670798  7.723150E-17
4478.54208306631  7.854807E-17
4479.61488942465  8.135297E-17
4480.68769578299  6.966786E-17
4481.76050214133  7.439635E-17
4482.83330849966  6.473152E-17
4483.906114858  7.854133E-17
4484.97892121634  7.137256E-17
4486.05172757467  6.788604E-17
4487.12453393301  8.115401E-17
4488.19734029135  7.842780E-17
4489.27014664969  1.001522E-16
4490.34295300802  8.202115E-17
4491.41575936636  9.135514E-17
4492.4885657247  9.431595E-17
4493.56137208304  8.142012E-17
4494.63417844138  9.079157E-17
4495.70698479971  1.039821E-16
4496.77979115805  9.760298E-17
4497.85259751639  1.099255E-16
4498.92540387472  1.177696E-16
4499.99821023306  9.802022E-17
4501.0710165914  9.364825E-17
4502.14382294974  9.189005E-17
4503.21662930807  9.319658E-17
4504.28943566641  1.120272E-16
4505.36224202475  1.119370E-16
4506.43504838309  9.899039E-17
4507.50785474142  9.229340E-17
4508.58066109976  9.947462E-17
4509.6534674581  9.639441E-17
4510.72627381644  8.539168E-17
4511.79908017477  8.609954E-17
4512.87188653311  7.929065E-17
4513.94469289145  7.254617E-17
4515.01749924978  6.876726E-17
4516.09030560812  6.824360E-17
4517.16311196646  6.067321E-17
4518.2359183248  7.058661E-17
4519.30872468313  6.711505E-17
4520.38153104147  6.722324E-17
4521.45433739981  8.098360E-17
4522.52714375815  7.366859E-17
4523.59995011648  7.433124E-17
4524.67275647482  7.535256E-17
4525.74556283316  7.057138E-17
4526.8183691915  6.560385E-17
4527.89117554983  8.328063E-17
4528.96398190817  7.868080E-17
4530.03678826651  5.921495E-17
4531.10959462485  6.753827E-17
4532.18240098318  7.789145E-17
4533.25520734152  7.601688E-17
4534.32801369986  6.895374E-17
4535.4008200582  6.928762E-17
4536.47362641653  5.821557E-17
4537.54643277487  5.968964E-17
4538.61923913321  6.453274E-17
4539.69204549155  7.308284E-17
4540.76485184988  6.656935E-17
4541.83765820822  7.118673E-17
4542.91046456656  6.457872E-17
4543.9832709249  6.532245E-17
4545.05607728323  7.255187E-17
4546.12888364157  7.602399E-17
4547.20168999991  7.468154E-17
4548.27449635824  7.006338E-17
4549.34730271658  7.316996E-17
4550.42010907492  6.785818E-17
4551.49291543326  7.037758E-17
4552.56572179159  6.654049E-17
4553.63852814993  7.622323E-17
4554.71133450827  7.916271E-17
4555.78414086661  6.633715E-17
4556.85694722494  6.736549E-17
4557.92975358328  7.927637E-17
4559.00255994162  7.266925E-17
4560.07536629996  6.099739E-17
4561.14817265829  6.919429E-17
4562.22097901663  6.214457E-17
4563.29378537497  6.269524E-17
4564.36659173331  7.133951E-17
4565.43939809164  7.618928E-17
4566.51220444998  7.453781E-17
4567.58501080832  7.412250E-17
4568.65781716666  6.867103E-17
4569.73062352499  6.868374E-17
4570.80342988333  7.068972E-17
4571.87623624167  6.765702E-17
4572.9490426  6.115338E-17
4574.02184895834  7.359318E-17
4575.09465531668  7.478645E-17
4576.16746167502  7.566227E-17
4577.24026803335  7.203009E-17
4578.31307439169  5.362636E-17
4579.38588075003  5.875318E-17
4580.45868710837  6.293150E-17
4581.5314934667  6.946525E-17
4582.60429982504  7.481422E-17
4583.67710618338  6.797850E-17
4584.74991254172  7.534604E-17
4585.82271890005  7.764313E-17
4586.89552525839  7.295530E-17
4587.96833161673  6.887579E-17
4589.04113797507  7.001221E-17
4590.1139443334  7.252372E-17
4591.18675069174  6.080518E-17
4592.25955705008  6.362879E-17
4593.33236340842  7.570199E-17
4594.40516976675  7.008901E-17
4595.47797612509  6.576187E-17
4596.55078248343  5.954257E-17
4597.62358884176  6.360576E-17
4598.6963952001  6.548821E-17
4599.76920155844  6.553429E-17
4600.84200791678  6.392145E-17
4601.91481427511  6.111184E-17
4602.98762063345  5.398106E-17
4604.06042699179  5.648958E-17
4605.13323335013  6.525845E-17
4606.20603970846  6.480050E-17
4607.2788460668  6.168613E-17
4608.35165242514  6.044865E-17
4609.42445878348  4.940051E-17
4610.49726514181  6.578820E-17
4611.57007150015  5.377200E-17
4612.64287785849  5.245659E-17
4613.71568421683  5.296372E-17
4614.78849057516  7.135584E-17
4615.8612969335  6.287820E-17
4616.93410329184  5.569198E-17
4618.00690965018  6.443821E-17
4619.07971600851  6.876619E-17
4620.15252236685  6.154132E-17
4621.22532872519  6.265307E-17
4622.29813508353  6.586807E-17
4623.37094144186  6.862923E-17
4624.4437478002  6.901637E-17
4625.51655415854  7.345788E-17
4626.58936051688  5.534677E-17
4627.66216687521  5.567381E-17
4628.73497323355  6.235220E-17
4629.80777959189  5.889544E-17
4630.88058595022  6.436216E-17
4631.95339230856  6.291110E-17
4633.0261986669  6.948641E-17
4634.09900502524  6.302352E-17
4635.17181138357  6.774131E-17
4636.24461774191  5.604321E-17
4637.31742410025  5.732238E-17
4638.39023045859  6.371318E-17
4639.46303681692  6.061601E-17
4640.53584317526  5.488965E-17
4641.6086495336  6.890753E-17
4642.68145589194  6.194416E-17
4643.75426225027  5.237844E-17
4644.82706860861  5.927396E-17
4645.89987496695  6.435233E-17
4646.97268132529  7.029359E-17
4648.04548768362  6.545640E-17
4649.11829404196  6.344260E-17
4650.1911004003  7.211113E-17
4651.26390675863  6.435525E-17
4652.33671311697  4.691359E-17
4653.40951947531  4.964352E-17
4654.48232583365  5.609462E-17
4655.55513219199  5.650432E-17
4656.62793855032  6.064232E-17
4657.70074490866  6.317522E-17
4658.773551267  6.282170E-17
4659.84635762533  6.097202E-17
4660.91916398367  6.704391E-17
4661.99197034201  6.644486E-17
4663.06477670035  5.919197E-17
4664.13758305868  5.770194E-17
4665.21038941702  5.729714E-17
4666.28319577536  6.009522E-17
4667.3560021337  5.702690E-17
4668.42880849203  5.965938E-17
4669.50161485037  6.069536E-17
4670.57442120871  6.322287E-17
4671.64722756705  6.689452E-17
4672.72003392538  6.867525E-17
4673.79284028372  6.102848E-17
4674.86564664206  6.014338E-17
4675.9384530004  6.159995E-17
4677.01125935873  5.504612E-17
4678.08406571707  7.221278E-17
4679.15687207541  6.127324E-17
4680.22967843375  5.017733E-17
4681.30248479208  4.649924E-17
4682.37529115042  5.257922E-17
4683.44809750876  6.140800E-17
4684.52090386709  5.432104E-17
4685.59371022543  6.018759E-17
4686.66651658377  6.773009E-17
4687.73932294211  6.519650E-17
4688.81212930044  5.678215E-17
4689.88493565878  6.445004E-17
4690.95774201712  5.787226E-17
4692.03054837546  6.169888E-17
4693.10335473379  5.119321E-17
4694.17616109213  6.511466E-17
4695.24896745047  6.446969E-17
4696.32177380881  7.129480E-17
4697.39458016714  5.805543E-17
4698.46738652548  6.476125E-17
4699.54019288382  6.452134E-17
4700.61299924216  5.598911E-17
4701.68580560049  5.443922E-17
4702.75861195883  6.001681E-17
4703.83141831717  5.750589E-17
4704.9042246755  5.698523E-17
4705.97703103384  5.986348E-17
4707.04983739218  6.909499E-17
4708.12264375052  6.665893E-17
4709.19545010886  5.403773E-17
4710.26825646719  6.880475E-17
4711.34106282553  6.354594E-17
4712.41386918387  4.912928E-17
4713.48667554221  6.318152E-17
4714.55948190054  6.236287E-17
4715.63228825888  5.423310E-17
4716.70509461722  6.177841E-17
4717.77790097555  5.993326E-17
4718.85070733389  6.216401E-17
4719.92351369223  5.696114E-17
4720.99632005057  6.073575E-17
4722.0691264089  6.544822E-17
4723.14193276724  5.966687E-17
4724.21473912558  6.013833E-17
4725.28754548392  6.283196E-17
4726.36035184225  6.676954E-17
4727.43315820059  7.092339E-17
4728.50596455893  6.509483E-17
4729.57877091727  6.215908E-17
4730.6515772756  6.469528E-17
4731.72438363394  5.892598E-17
4732.79718999228  5.774118E-17
4733.86999635061  5.624842E-17
4734.94280270895  5.534517E-17
4736.01560906729  6.174741E-17
4737.08841542563  6.176264E-17
4738.16122178396  6.123439E-17
4739.2340281423  6.265058E-17
4740.30683450064  5.781814E-17
4741.37964085898  5.868846E-17
4742.45244721731  5.140657E-17
4743.52525357565  5.952331E-17
4744.59805993399  5.988554E-17
4745.67086629233  5.514003E-17
4746.74367265066  5.254496E-17
4747.816479009  5.962713E-17
4748.88928536734  5.426814E-17
4749.96209172568  5.190724E-17
4751.03489808401  5.576893E-17
4752.10770444235  6.428168E-17
4753.18051080069  5.999753E-17
4754.25331715903  6.143161E-17
4755.32612351736  5.902532E-17
4756.3989298757  6.036091E-17
4757.47173623404  6.068423E-17
4758.54454259238  5.624558E-17
4759.61734895071  5.650963E-17
4760.69015530905  5.076167E-17
4761.76296166739  4.401115E-17
4762.83576802573  5.730016E-17
4763.90857438406  5.905708E-17
4764.9813807424  5.053846E-17
4766.05418710074  5.326882E-17
4767.12699345907  5.471412E-17
4768.19979981741  6.654785E-17
4769.27260617575  6.499038E-17
4770.34541253409  5.831626E-17
4771.41821889242  4.906246E-17
4772.49102525076  4.662204E-17
4773.5638316091  6.429368E-17
4774.63663796744  6.205215E-17
4775.70944432577  6.624731E-17
4776.78225068411  5.225168E-17
4777.85505704245  4.980097E-17
4778.92786340079  5.477916E-17
4780.00066975912  5.882268E-17
4781.07347611746  6.085744E-17
4782.1462824758  5.030800E-17
4783.21908883414  4.630487E-17
4784.29189519247  4.184993E-17
4785.36470155081  4.978811E-17
4786.43750790915  5.287679E-17
4787.51031426749  4.669010E-17
4788.58312062582  4.878484E-17
4789.65592698416  5.679983E-17
4790.7287333425  5.866280E-17
4791.80153970083  6.055319E-17
4792.87434605917  5.573051E-17
4793.94715241751  6.015402E-17
4795.01995877585  5.595108E-17
4796.09276513418  4.982847E-17
4797.16557149252  6.034909E-17
4798.23837785086  5.905840E-17
4799.3111842092  5.594451E-17
4800.38399056753  5.292627E-17
4801.45679692587  5.691089E-17
4802.52960328421  6.009570E-17
4803.60240964255  5.616335E-17
4804.67521600088  5.300434E-17
4805.74802235922  5.060268E-17
4806.82082871756  5.847387E-17
4807.8936350759  5.874304E-17
4808.96644143423  5.725421E-17
4810.03924779257  5.258480E-17
4811.11205415091  4.603228E-17
4812.18486050925  5.316729E-17
4813.25766686758  5.772447E-17
4814.33047322592  4.815894E-17
4815.40327958426  4.491576E-17
4816.47608594259  4.534794E-17
4817.54889230093  5.277668E-17
4818.62169865927  5.571260E-17
4819.69450501761  4.872981E-17
4820.76731137594  5.369055E-17
4821.84011773428  6.173237E-17
4822.91292409262  4.673003E-17
4823.98573045096  5.121218E-17
4825.05853680929  5.998182E-17
4826.13134316763  5.902229E-17
4827.20414952597  6.142290E-17
4828.27695588431  5.880811E-17
4829.34976224264  5.347749E-17
4830.42256860098  4.832179E-17
4831.49537495932  5.363810E-17
4832.56818131766  4.305936E-17
4833.64098767599  5.241247E-17
4834.71379403433  5.382521E-17
4835.78660039267  4.983067E-17
4836.85940675101  4.815540E-17
4837.93221310934  5.945829E-17
4839.00501946768  5.872073E-17
4840.07782582602  5.092524E-17
4841.15063218436  5.203272E-17
4842.22343854269  4.984880E-17
4843.29624490103  5.047041E-17
4844.36905125937  5.511126E-17
4845.4418576177  4.807317E-17
4846.51466397604  6.102598E-17
4847.58747033438  5.388988E-17
4848.66027669272  5.276127E-17
4849.73308305105  5.761904E-17
4850.80588940939  5.618440E-17
4851.87869576773  6.200188E-17
4852.95150212607  5.975424E-17
4854.0243084844  4.801709E-17
4855.09711484274  3.431766E-17
4856.16992120108  5.578329E-17
4857.24272755942  4.553387E-17
4858.31553391775  4.054592E-17
4859.38834027609  4.313738E-17
4860.46114663443  5.063816E-17
4861.53395299277  4.634935E-17
4862.6067593511  4.080270E-17
4863.67956570944  4.491309E-17
4864.75237206778  5.744453E-17
4865.82517842612  4.957678E-17
4866.89798478445  4.036014E-17
4867.97079114279  5.170308E-17
4869.04359750113  5.519267E-17
4870.11640385947  4.960482E-17
4871.1892102178  5.854319E-17
4872.26201657614  6.161811E-17
4873.33482293448  5.109186E-17
4874.40762929282  5.594212E-17
4875.48043565115  6.139483E-17
4876.55324200949  5.387262E-17
4877.62604836783  5.171832E-17
4878.69885472616  4.858573E-17
4879.7716610845  5.167944E-17
4880.84446744284  6.092987E-17
4881.91727380118  5.202143E-17
4882.99008015951  4.481073E-17
4884.06288651785  5.543344E-17
4885.13569287619  5.431296E-17
4886.20849923453  4.743945E-17
4887.28130559286  4.472370E-17
4888.3541119512  3.866045E-17
4889.42691830954  4.844276E-17
4890.49972466788  4.837376E-17
4891.57253102621  4.613126E-17
4892.64533738455  4.991542E-17
4893.71814374289  4.768841E-17
4894.79095010123  5.305075E-17
4895.86375645956  4.870855E-17
4896.9365628179  5.046742E-17
4898.00936917624  6.267674E-17
4899.08217553458  5.568053E-17
4900.15498189291  5.869380E-17
4901.22778825125  5.852423E-17
4902.30059460959  5.133866E-17
4903.37340096792  5.225979E-17
4904.44620732626  4.411403E-17
4905.5190136846  5.622958E-17
4906.59182004294  5.044694E-17
4907.66462640127  5.567990E-17
4908.73743275961  4.987486E-17
4909.81023911795  4.488759E-17
4910.88304547629  4.025694E-17
4911.95585183462  4.102303E-17
4913.02865819296  5.053433E-17
4914.1014645513  6.306903E-17
4915.17427090964  5.103982E-17
4916.24707726797  4.927863E-17
4917.31988362631  4.746685E-17
4918.39268998465  4.911190E-17
4919.46549634299  5.143613E-17
4920.53830270132  5.036108E-17
4921.61110905966  4.796964E-17
4922.683915418  4.720005E-17
4923.75672177634  4.660163E-17
4924.82952813467  4.826720E-17
4925.90233449301  5.391680E-17
4926.97514085135  5.712867E-17
4928.04794720968  4.982052E-17
4929.12075356802  3.708032E-17
4930.19355992636  4.283362E-17
4931.2663662847  5.190604E-17
4932.33917264303  5.241617E-17
4933.41197900137  6.155377E-17
4934.48478535971  5.104853E-17
4935.55759171805  4.571644E-17
4936.63039807638  5.131708E-17
4937.70320443472  5.491656E-17
4938.77601079306  5.318581E-17
4939.8488171514  5.715837E-17
4940.92162350973  5.127813E-17
4941.99442986807  5.606225E-17
4943.06723622641  4.880740E-17
4944.14004258475  4.283782E-17
4945.21284894308  5.018174E-17
4946.28565530142  5.982764E-17
4947.35846165976  5.451721E-17
4948.4312680181  4.791161E-17
4949.50407437643  5.550929E-17
4950.57688073477  5.785265E-17
4951.64968709311  4.698139E-17
4952.72249345144  5.937765E-17
4953.79529980978  5.915185E-17
4954.86810616812  4.566987E-17
4955.94091252646  4.021373E-17
4957.01371888479  4.953137E-17
4958.08652524313  5.788072E-17
4959.15933160147  4.902633E-17
4960.23213795981  4.169491E-17
4961.30494431814  4.005700E-17
4962.37775067648  4.102974E-17
4963.45055703482  4.577807E-17
4964.52336339316  4.615443E-17
4965.59616975149  4.817105E-17
4966.66897610983  5.314203E-17
4967.74178246817  5.205041E-17
4968.81458882651  5.450438E-17
4969.88739518484  4.594449E-17
4970.96020154318  4.339898E-17
4972.03300790152  4.153703E-17
4973.10581425986  4.633409E-17
4974.17862061819  5.284113E-17
4975.25142697653  4.641228E-17
4976.32423333487  4.316734E-17
4977.39703969321  4.318273E-17
4978.46984605154  4.960619E-17
4979.54265240988  4.537868E-17
4980.61545876822  4.956606E-17
4981.68826512656  4.998075E-17
4982.76107148489  5.509140E-17
4983.83387784323  5.370031E-17
4984.90668420157  4.979186E-17
4985.9794905599  4.658318E-17
4987.05229691824  5.772166E-17
4988.12510327658  4.692803E-17
4989.19790963492  4.177199E-17
4990.27071599325  5.323462E-17
4991.34352235159  6.367068E-17
4992.41632870993  5.217052E-17
4993.48913506827  5.225947E-17
4994.5619414266  4.797587E-17
4995.63474778494  5.249444E-17
4996.70755414328  4.375128E-17
4997.78036050162  4.602759E-17
4998.85316685995  4.545621E-17
4999.92597321829  5.066097E-17
5000.99877957663  4.831394E-17
5002.07158593497  4.511522E-17
5003.1443922933  6.190612E-17
5004.21719865164  5.892420E-17
5005.29000500998  6.312540E-17
5006.36281136832  5.452724E-17
5007.43561772665  4.644483E-17
5008.50842408499  4.256316E-17
5009.58123044333  5.571859E-17
5010.65403680167  5.448054E-17
5011.72684316  5.208538E-17
5012.79964951834  5.147824E-17
5013.87245587668  6.300164E-17
5014.94526223502  5.552340E-17
5016.01806859335  4.365176E-17
5017.09087495169  5.124117E-17
5018.16368131003  4.700408E-17
5019.23648766836  4.432758E-17
5020.3092940267  5.901924E-17
5021.38210038504  5.827362E-17
5022.45490674338  4.862024E-17
5023.52771310171  5.653300E-17
5024.60051946005  5.661781E-17
5025.67332581839  4.937433E-17
5026.74613217673  4.502494E-17
5027.81893853506  4.918157E-17
5028.8917448934  5.343536E-17
5029.96455125174  5.311279E-17
5031.03735761008  5.176821E-17
5032.11016396841  5.188698E-17
5033.18297032675  4.835860E-17
5034.25577668509  5.161444E-17
5035.32858304343  4.651889E-17
5036.40138940176  5.045934E-17
5037.4741957601  5.254513E-17
5038.54700211844  5.160290E-17
5039.61980847677  5.394331E-17
5040.69261483511  5.162133E-17
5041.76542119345  4.799041E-17
5042.83822755179  4.522102E-17
5043.91103391013  4.482510E-17
5044.98384026846  5.412491E-17
5046.0566466268  5.390405E-17
5047.12945298514  5.162533E-17
5048.20225934347  4.785865E-17
5049.27506570181  4.547740E-17
5050.34787206015  5.130538E-17
5051.42067841849  5.019303E-17
5052.49348477682  5.170898E-17
5053.56629113516  5.092676E-17
5054.6390974935  5.196469E-17
5055.71190385184  5.020394E-17
5056.78471021017  4.760333E-17
5057.85751656851  5.136590E-17
5058.93032292685  4.803376E-17
5060.00312928519  4.296124E-17
5061.07593564352  4.891609E-17
5062.14874200186  4.670722E-17
5063.2215483602  5.401293E-17
5064.29435471854  6.115005E-17
5065.36716107687  5.008347E-17
5066.43996743521  4.688169E-17
5067.51277379355  5.065264E-17
5068.58558015188  4.646917E-17
5069.65838651022  4.890808E-17
5070.73119286856  4.767775E-17
5071.8039992269  5.001535E-17
5072.87680558523  5.110614E-17
5073.94961194357  5.771907E-17
5075.02241830191  4.296812E-17
5076.09522466025  4.891901E-17
5077.16803101858  5.654934E-17
5078.24083737692  4.887780E-17
5079.31364373526  5.065503E-17
5080.3864500936  5.543030E-17
5081.45925645194  5.232067E-17
5082.53206281027  5.454265E-17
5083.60486916861  4.942226E-17
5084.67767552695  4.686700E-17
5085.75048188528  4.922600E-17
5086.82328824362  4.292322E-17
5087.89609460196  5.372109E-17
5088.9689009603  5.776170E-17
5090.04170731863  4.526131E-17
5091.11451367697  4.654235E-17
5092.18732003531  4.717135E-17
5093.26012639365  5.046324E-17
5094.33293275198  4.786391E-17
5095.40573911032  4.111125E-17
5096.47854546866  5.531556E-17
5097.551351827  5.457448E-17
5098.62415818533  5.387460E-17
5099.69696454367  5.109035E-17
5100.76977090201  5.959220E-17
5101.84257726034  4.815748E-17
5102.91538361868  4.539539E-17
5103.98818997702  5.391559E-17
5105.06099633536  5.543626E-17
5106.13380269369  4.586674E-17
5107.20660905203  4.396209E-17
5108.27941541037  5.069159E-17
5109.35222176871  4.426203E-17
5110.42502812704  6.271532E-17
5111.49783448538  6.251134E-17
5112.57064084372  4.160538E-17
5113.64344720206  4.595274E-17
5114.71625356039  5.654548E-17
5115.78905991873  5.137600E-17
5116.86186627707  5.107449E-17
5117.93467263541  5.919645E-17
5119.00747899374  4.763872E-17
5120.08028535208  5.331208E-17
5121.15309171042  5.064299E-17
5122.22589806876  5.048431E-17
5123.29870442709  5.612450E-17
5124.37151078543  5.507878E-17
5125.44431714377  5.352296E-17
5126.51712350211  5.550816E-17
5127.58992986044  6.080791E-17
5128.66273621878  5.826446E-17
5129.73554257712  5.367153E-17
5130.80834893546  5.582563E-17
5131.88115529379  5.977204E-17
5132.95396165213  4.879065E-17
5134.02676801047  4.830923E-17
5135.0995743688  4.910960E-17
5136.17238072714  4.864603E-17
5137.24518708548  5.212312E-17
5138.31799344382  4.801896E-17
5139.39079980215  5.276169E-17
5140.46360616049  5.311942E-17
5141.53641251883  4.998267E-17
5142.60921887717  5.021366E-17
5143.6820252355  5.425388E-17
5144.75483159384  5.862645E-17
5145.82763795218  5.221272E-17
5146.90044431052  5.313175E-17
5147.97325066885  5.490021E-17
5149.04605702719  4.909255E-17
5150.11886338553  5.085911E-17
5151.19166974386  5.239280E-17
5152.2644761022  4.996319E-17
5153.33728246054  5.105742E-17
5154.41008881888  5.294088E-17
5155.48289517721  5.731116E-17
5156.55570153555  5.805470E-17
5157.62850789389  4.548351E-17
5158.70131425223  4.250599E-17
5159.77412061056  4.354241E-17
5160.8469269689  3.932279E-17
5161.91973332724  5.576676E-17
5162.99253968558  5.310087E-17
5164.06534604392  4.884270E-17
5165.13815240225  5.315845E-17
5166.21095876059  4.730386E-17
5167.28376511893  4.591473E-17
5168.35657147726  5.502519E-17
5169.4293778356  5.763525E-17
5170.50218419394  4.821481E-17
5171.57499055228  5.793681E-17
5172.64779691061  5.659512E-17
5173.72060326895  4.965310E-17
5174.79340962729  5.731213E-17
5175.86621598563  4.459403E-17
5176.93902234396  4.810688E-17
5178.0118287023  5.883016E-17
5179.08463506064  4.914691E-17
5180.15744141897  4.351573E-17
5181.23024777731  4.593332E-17
5182.30305413565  4.784769E-17
5183.37586049399  5.056932E-17
5184.44866685232  5.814324E-17
5185.52147321066  6.262792E-17
5186.594279569  4.780949E-17
5187.66708592734  4.686348E-17
5188.73989228567  5.121757E-17
5189.81269864401  5.456129E-17
5190.88550500235  5.682304E-17
5191.95831136069  5.215996E-17
5193.03111771902  4.209132E-17
5194.10392407736  4.668098E-17
5195.1767304357  5.282687E-17
5196.24953679404  3.886170E-17
5197.32234315237  4.779622E-17
5198.39514951071  4.756252E-17
5199.46795586905  5.868630E-17
5200.54076222739  5.952515E-17
5201.61356858572  4.567134E-17
5202.68637494406  5.326341E-17
5203.7591813024  5.144992E-17
5204.83198766073  4.714355E-17
5205.90479401907  4.257462E-17
5206.97760037741  3.675119E-17
5208.05040673575  5.063379E-17
5209.12321309408  4.468652E-17
5210.19601945242  5.003736E-17
5211.26882581076  5.630885E-17
5212.3416321691  4.738059E-17
5213.41443852743  4.705605E-17
5214.48724488577  4.688422E-17
5215.56005124411  4.902179E-17
5216.63285760245  5.305617E-17
5217.70566396078  5.217607E-17
5218.77847031912  4.482803E-17
5219.85127667746  4.615329E-17
5220.9240830358  5.297402E-17
5221.99688939413  4.663118E-17
5223.06969575247  5.130219E-17
5224.14250211081  5.003669E-17
5225.21530846914  5.495251E-17
5226.28811482748  4.881854E-17
5227.36092118582  5.278650E-17
5228.43372754416  4.528254E-17
5229.5065339025  4.497195E-17
5230.57934026083  3.542049E-17
5231.65214661917  5.242841E-17
5232.72495297751  6.165235E-17
5233.79775933585  4.894904E-17
5234.87056569418  4.483947E-17
5235.94337205252  4.798563E-17
5237.01617841086  5.275678E-17
5238.0889847692  4.781681E-17
5239.16179112753  4.859731E-17
5240.23459748587  4.283704E-17
5241.30740384421  3.848782E-17
5242.38021020254  5.176277E-17
5243.45301656088  4.681975E-17
5244.52582291922  4.876834E-17
5245.59862927756  6.004867E-17
5246.67143563589  5.697331E-17
5247.74424199423  5.276071E-17
5248.81704835257  4.849201E-17
5249.88985471091  4.918465E-17
5250.96266106924  5.614219E-17
5252.03546742758  4.796162E-17
5253.10827378592  4.595184E-17
5254.18108014426  5.218228E-17
5255.25388650259  5.083652E-17
5256.32669286093  5.619811E-17
5257.39949921927  5.293760E-17
5258.4723055776  5.180801E-17
5259.54511193594  4.817695E-17
5260.61791829428  4.654384E-17
5261.69072465262  4.736900E-17
5262.76353101095  5.441224E-17
5263.83633736929  5.464085E-17
5264.90914372763  5.051826E-17
5265.98195008597  5.719622E-17
5267.05475644431  4.936150E-17
5268.12756280264  5.502126E-17
5269.20036916098  5.723226E-17
5270.27317551932  5.015172E-17
5271.34598187765  5.314524E-17
5272.41878823599  5.205663E-17
5273.49159459433  5.249764E-17
5274.56440095267  4.863272E-17
5275.637207311  5.164408E-17
5276.71001366934  6.751218E-17
5277.78282002768  5.416254E-17
5278.85562638602  3.326888E-17
5279.92843274435  3.802070E-17
5281.00123910269  4.786467E-17
5282.07404546103  4.666963E-17
5283.14685181937  3.117303E-17
5284.2196581777  4.337208E-17
5285.29246453604  5.880560E-17
5286.36527089438  5.040810E-17
5287.43807725271  5.133606E-17
5288.51088361105  3.963748E-17
5289.58368996939  4.328465E-17
5290.65649632773  5.498673E-17
5291.72930268607  5.907290E-17
5292.8021090444  5.107554E-17
5293.87491540274  4.237406E-17
5294.94772176108  4.110012E-17
5296.02052811941  5.806649E-17
5297.09333447775  4.246009E-17
5298.16614083609  4.256857E-17
5299.23894719443  4.146109E-17
5300.31175355276  3.959149E-17
5301.3845599111  5.274667E-17
5302.45736626944  4.840204E-17
5303.53017262778  4.729328E-17
5304.60297898611  4.955043E-17
5305.67578534445  5.553384E-17
5306.74859170279  5.451453E-17
5307.82139806113  5.629832E-17
5308.89420441946  5.310055E-17
5309.9670107778  4.915866E-17
5311.03981713614  4.484582E-17
5312.11262349448  3.448064E-17
5313.18542985281  5.128309E-17
5314.25823621115  5.717465E-17
5315.33104256949  5.155294E-17
5316.40384892782  5.340618E-17
5317.47665528616  4.868711E-17
5318.5494616445  5.591770E-17
5319.62226800284  3.858846E-17
5320.69507436117  3.555272E-17
5321.76788071951  4.165303E-17
5322.84068707785  4.756001E-17
5323.91349343619  4.454477E-17
5324.98629979452  4.540027E-17
5326.05910615286  5.533925E-17
5327.1319125112  5.219366E-17
5328.20471886954  5.263163E-17
5329.27752522787  4.261406E-17
5330.35033158621  3.987621E-17
5331.42313794455  5.170934E-17
5332.49594430289  5.029495E-17
5333.56875066122  4.695503E-17
5334.64155701956  5.290167E-17
5335.7143633779  4.318683E-17
5336.78716973624  4.931460E-17
5337.85997609457  4.907375E-17
5338.93278245291  5.607574E-17
5340.00558881125  4.971891E-17
5341.07839516959  3.764195E-17
5342.15120152792  4.496687E-17
5343.22400788626  3.302577E-17
5344.2968142446  2.759960E-17
5345.36962060294  3.265986E-17
5346.44242696127  4.536766E-17
5347.51523331961  5.260865E-17
5348.58803967795  4.003485E-17
5349.66084603628  4.599645E-17
5350.73365239462  4.109840E-17
5351.80645875296  4.473590E-17
5352.8792651113  4.341750E-17
5353.95207146963  4.626533E-17
5355.02487782797  3.721385E-17
5356.09768418631  5.656333E-17
5357.17049054465  6.044429E-17
5358.24329690298  6.623979E-17
5359.31610326132  4.829588E-17
5360.38890961966  5.000167E-17
5361.461715978  6.115237E-17
5362.53452233633  5.276099E-17
5363.60732869467  4.864179E-17
5364.68013505301  4.928609E-17
5365.75294141135  4.926212E-17
5366.82574776968  5.017130E-17
5367.89855412802  5.443118E-17
5368.97136048636  6.080206E-17
5370.04416684469  4.358530E-17
5371.11697320303  3.708573E-17
5372.18977956137  3.386173E-17
5373.26258591971  3.773451E-17
5374.33539227805  4.631032E-17
5375.40819863638  4.370750E-17
5376.48100499472  4.760109E-17
5377.55381135306  5.403671E-17
5378.6266177114  4.284831E-17
5379.69942406973  4.926817E-17
5380.77223042807  4.835709E-17
5381.84503678641  3.890989E-17
5382.91784314474  3.994248E-17
5383.99064950308  4.609653E-17
5385.06345586142  4.134139E-17
5386.13626221976  5.544880E-17
5387.20906857809  5.053488E-17
5388.28187493643  5.375352E-17
5389.35468129477  6.443562E-17
5390.42748765311  4.583708E-17
5391.50029401144  3.840841E-17
5392.57310036978  3.793434E-17
5393.64590672812  3.888652E-17
5394.71871308646  3.727194E-17
5395.79151944479  3.438377E-17
5396.86432580313  3.891844E-17
5397.93713216147  3.990621E-17
5399.0099385198  3.857743E-17
5400.08274487814  4.649867E-17
5401.15555123648  5.067870E-17
5402.22835759482  5.061695E-17
5403.30116395315  4.448569E-17
5404.37397031149  3.573162E-17
5405.44677666983  5.127717E-17
5406.51958302817  4.202294E-17
5407.5923893865  4.482904E-17
5408.66519574484  4.518426E-17
5409.73800210318  3.782175E-17
5410.81080846152  5.395966E-17
5411.88361481985  5.077402E-17
5412.95642117819  3.172221E-17
5414.02922753653  5.211309E-17
5415.10203389487  5.854510E-17
5416.1748402532  4.550779E-17
5417.24764661154  4.212343E-17
5418.32045296988  3.743406E-17
5419.39325932822  4.939748E-17
5420.46606568655  4.204330E-17
5421.53887204489  3.081935E-17
5422.61167840323  3.038852E-17
5423.68448476156  3.580985E-17
5424.7572911199  5.411586E-17
5425.83009747824  5.832988E-17
5426.90290383658  5.845672E-17
5427.97571019491  5.766423E-17
5429.04851655325  3.802613E-17
5430.12132291159  3.767699E-17
5431.19412926993  4.445357E-17
5432.26693562826  4.249402E-17
5433.3397419866  5.492145E-17
5434.41254834494  4.471103E-17
5435.48535470328  3.280387E-17
5436.55816106161  4.353339E-17
5437.63096741995  4.592442E-17
5438.70377377829  4.522432E-17
5439.77658013663  3.764894E-17
5440.84938649496  3.528857E-17
5441.9221928533  3.837545E-17
5442.99499921164  4.475242E-17
5444.06780556997  5.082547E-17
5445.14061192831  5.303122E-17
5446.21341828665  4.865463E-17
5447.28622464499  4.373284E-17
5448.35903100333  4.316334E-17
5449.43183736166  4.220731E-17
5450.50464372  4.243139E-17
5451.57745007834  5.231094E-17
5452.65025643667  6.103844E-17
5453.72306279501  5.847404E-17
5454.79586915335  4.604950E-17
5455.86867551169  3.698168E-17
5456.94148187002  4.712447E-17
5458.01428822836  5.093877E-17
5459.0870945867  6.357950E-17
5460.15990094504  4.213980E-17
5461.23270730337  2.747084E-17
5462.30551366171  6.634501E-17
5463.37832002005  6.078359E-17
5464.45112637839  4.748378E-17
5465.52393273672  4.651059E-17
5466.59673909506  4.319778E-17
5467.6695454534  5.417361E-17
5468.74235181174  5.219433E-17
5469.81515817007  4.351182E-17
5470.88796452841  3.766321E-17
5471.96077088675  4.989468E-17
5473.03357724508  6.678482E-17
5474.10638360342  6.394045E-17
5475.17918996176  6.259067E-17
5476.2519963201  4.925046E-17
5477.32480267843  4.347107E-17
5478.39760903677  5.462415E-17
5479.47041539511  4.354830E-17
5480.54322175345  3.736396E-17
5481.61602811178  5.697643E-17
5482.68883447012  4.558743E-17
5483.76164082846  3.942095E-17
5484.8344471868  5.360236E-17
5485.90725354513  3.922923E-17
5486.98005990347  5.321538E-17
5488.05286626181  5.359583E-17
5489.12567262015  3.519786E-17
5490.19847897848  3.871056E-17
5491.27128533682  3.793817E-17
5492.34409169516  4.956375E-17
5493.4168980535  4.534789E-17
5494.48970441183  3.961830E-17
5495.56251077017  4.969332E-17
5496.63531712851  5.297778E-17
5497.70812348684  5.713763E-17
5498.78092984518  4.523131E-17
5499.85373620352  4.496262E-17
5500.92654256186  4.804190E-17
