5769.98931305805  4.297936E-17
5771.52905087867  4.120822E-17
5773.0687886993  4.056906E-17
5774.60852651993  4.565628E-17
5776.14826434055  4.543893E-17
5777.68800216118  4.266465E-17
5779.2277399818  4.114229E-17
5780.76747780243  4.270574E-17
5782.30721562305  4.301394E-17
5783.84695344368  4.170202E-17
5785.3866912643  4.099959E-17
5786.92642908493  4.235868E-17
5788.46616690555  4.372493E-17
5790.00590472618  4.382720E-17
5791.5456425468  3.947559E-17
5793.08538036743  4.040316E-17
5794.62511818805  4.488852E-17
5796.16485600868  3.657357E-17
5797.70459382931  3.941481E-17
5799.24433164993  4.100683E-17
5800.78406947056  3.525161E-17
5802.32380729118  3.997705E-17
5803.86354511181  4.164393E-17
5805.40328293243  4.367292E-17
5806.94302075306  4.454604E-17
5808.48275857368  3.629019E-17
5810.02249639431  3.728859E-17
5811.56223421493  3.396456E-17
5813.10197203556  3.101890E-17
5814.64170985618  3.490312E-17
5816.18144767681  4.861322E-17
5817.72118549743  4.080508E-17
5819.26092331806  3.224166E-17
5820.80066113869  3.805896E-17
5822.34039895931  3.555175E-17
5823.88013677994  3.950769E-17
5825.41987460056  4.617532E-17
5826.95961242119  4.630882E-17
5828.49935024181  4.514286E-17
5830.03908806244  4.169915E-17
5831.57882588306  3.744488E-17
5833.11856370369  3.388556E-17
5834.65830152431  4.209172E-17
5836.19803934494  4.179018E-17
5837.73777716556  3.660303E-17
5839.27751498619  4.067971E-17
5840.81725280681  3.768236E-17
5842.35699062744  4.386621E-17
5843.89672844807  3.946742E-17
5845.43646626869  3.856793E-17
5846.97620408931  4.521688E-17
5848.51594190994  3.494132E-17
5850.05567973057  4.114437E-17
5851.59541755119  4.190170E-17
5853.13515537182  4.265926E-17
5854.67489319244  4.341659E-17
5856.21463101307  4.417415E-17
5857.75436883369  4.511668E-17
5859.29410665432  4.320113E-17
5860.83384447494  4.196072E-17
5862.37358229557  4.398878E-17
5863.91332011619  4.770736E-17
5865.45305793682  4.110998E-17
5866.99279575744  4.545425E-17
5868.53253357807  4.162315E-17
5870.0722713987  4.103275E-17
5871.61200921932  4.100701E-17
5873.15174703995  4.793033E-17
5874.69148486057  4.132893E-17
5876.2312226812  3.301215E-17
5877.77096050182  3.965699E-17
5879.31069832245  3.876486E-17
5880.85043614307  3.546083E-17
5882.3901739637  4.664709E-17
5883.92991178432  4.858549E-17
5885.46964960495  3.889642E-17
5887.00938742557  3.421068E-17
5888.5491252462  3.091211E-17
5890.08886306682  2.918798E-17
5891.62860088745  4.364561E-17
5893.16833870808  3.009477E-17
5894.7080765287  2.689343E-17
5896.24781434933  3.773231E-17
5897.78755216995  4.244949E-17
5899.32728999058  3.553238E-17
5900.8670278112  3.496969E-17
5902.40676563183  3.613468E-17
5903.94650345245  3.260463E-17
5905.48624127308  3.157416E-17
5907.0259790937  3.837281E-17
5908.56571691433  4.193558E-17
5910.10545473495  3.361891E-17
5911.64519255558  3.753505E-17
5913.1849303762  3.779105E-17
5914.72466819683  3.268082E-17
5916.26440601745  3.481945E-17
5917.80414383808  4.081489E-17
5919.34388165871  3.625971E-17
5920.88361947933  3.582057E-17
5922.42335729996  3.516161E-17
5923.96309512058  3.680104E-17
5925.50283294121  3.186415E-17
5927.04257076183  3.059734E-17
5928.58230858246  4.141084E-17
5930.12204640308  4.080695E-17
5931.66178422371  3.700666E-17
5933.20152204433  3.505816E-17
5934.74125986496  3.763136E-17
5936.28099768558  4.081082E-17
5937.82073550621  3.702322E-17
5939.36047332684  3.232901E-17
5940.90021114746  3.656637E-17
5942.43994896809  3.637421E-17
5943.97968678871  3.374091E-17
5945.51942460934  3.743195E-17
5947.05916242996  3.451048E-17
5948.59890025059  3.407889E-17
5950.13863807121  3.827217E-17
5951.67837589184  4.172557E-17
5953.21811371246  3.958778E-17
5954.75785153309  3.611060E-17
5956.29758935371  4.054231E-17
5957.83732717434  4.088433E-17
5959.37706499496  4.466997E-17
5960.91680281559  4.031779E-17
5962.45654063621  3.219928E-17
5963.99627845684  3.116692E-17
5965.53601627746  3.835355E-17
5967.07575409809  3.559836E-17
5968.61549191872  4.147961E-17
5970.15522973934  4.336283E-17
5971.69496755997  3.861929E-17
5973.23470538059  3.893966E-17
5974.77444320122  3.316669E-17
5976.31418102184  3.294565E-17
5977.85391884247  3.680189E-17
5979.39365666309  3.732520E-17
5980.93339448372  3.674539E-17
5982.47313230434  3.919703E-17
5984.01287012497  3.595147E-17
5985.55260794559  3.380697E-17
5987.09234576622  3.812515E-17
5988.63208358684  3.643279E-17
5990.17182140747  4.311613E-17
5991.7115592281  4.320982E-17
5993.25129704872  3.725314E-17
5994.79103486935  3.511176E-17
5996.33077268997  3.890738E-17
5997.8705105106  3.847360E-17
5999.41024833122  3.173613E-17
6000.94998615185  3.978184E-17
6002.48972397247  3.240458E-17
6004.0294617931  3.619047E-17
6005.56919961372  3.977086E-17
6007.10893743435  3.277908E-17
6008.64867525497  3.590021E-17
6010.1884130756  4.194078E-17
6011.72815089622  3.574237E-17
6013.26788871685  3.442992E-17
6014.80762653747  3.916726E-17
6016.3473643581  3.775305E-17
6017.88710217872  3.893866E-17
6019.42683999935  4.325043E-17
6020.96657781998  3.738914E-17
6022.5063156406  3.838713E-17
6024.04605346123  3.954419E-17
6025.58579128185  3.837097E-17
6027.12552910248  3.828226E-17
6028.6652669231  4.256227E-17
6030.20500474373  3.930511E-17
6031.74474256435  4.059567E-17
6033.28448038498  4.638129E-17
6034.8242182056  3.546773E-17
6036.36395602623  4.219418E-17
6037.90369384685  3.505842E-17
6039.44343166748  3.804805E-17
6040.9831694881  4.004856E-17
6042.52290730873  3.907928E-17
6044.06264512935  3.669842E-17
6045.60238294998  3.966416E-17
6047.14212077061  3.296251E-17
6048.68185859123  3.912128E-17
6050.22159641186  4.568727E-17
6051.76133423248  3.946521E-17
6053.30107205311  3.278050E-17
6054.84080987373  3.765631E-17
6056.38054769436  4.170245E-17
6057.92028551498  4.237214E-17
6059.46002333561  3.815993E-17
6060.99976115623  4.387937E-17
6062.53949897686  4.433743E-17
6064.07923679748  4.494749E-17
6065.61897461811  4.528218E-17
6067.15871243874  3.087291E-17
6068.69845025936  3.207692E-17
6070.23818807999  3.743662E-17
6071.77792590061  4.062765E-17
6073.31766372124  4.324970E-17
6074.85740154186  3.506447E-17
6076.39713936249  3.887345E-17
6077.93687718311  3.421804E-17
6079.47661500374  3.425268E-17
6081.01635282436  3.328118E-17
6082.55609064499  3.001924E-17
6084.09582846561  3.267442E-17
6085.63556628624  3.362376E-17
6087.17530410686  3.826768E-17
6088.71504192749  3.551343E-17
6090.25477974811  2.994498E-17
6091.79451756874  2.795768E-17
6093.33425538937  3.462913E-17
6094.87399320999  3.762932E-17
6096.41373103062  3.571294E-17
6097.95346885124  3.854686E-17
6099.49320667187  3.490435E-17
6101.03294449249  3.667916E-17
6102.57268231312  3.932580E-17
6104.11242013374  3.738789E-17
6105.65215795437  3.598930E-17
6107.19189577499  3.643256E-17
6108.73163359562  3.467984E-17
6110.27137141625  3.689259E-17
6111.81110923687  3.995052E-17
6113.35084705749  4.016122E-17
6114.89058487812  3.211655E-17
6116.43032269875  3.383939E-17
6117.97006051937  3.639480E-17
6119.50979834  3.653622E-17
6121.04953616062  3.484216E-17
6122.58927398125  3.186067E-17
6124.12901180187  3.496875E-17
6125.6687496225  3.717873E-17
6127.20848744312  3.122219E-17
6128.74822526375  3.467633E-17
6130.28796308437  3.517773E-17
6131.827700905  3.940699E-17
6133.36743872562  4.014694E-17
6134.90717654625  2.993339E-17
6136.44691436687  3.532104E-17
6137.9866521875  3.383456E-17
6139.52639000812  3.319634E-17
6141.06612782875  3.491693E-17
6142.60586564938  3.661774E-17
6144.14560347  3.517161E-17
6145.68534129063  3.532194E-17
6147.22507911125  4.293189E-17
6148.76481693188  3.877440E-17
6150.3045547525  3.548435E-17
6151.84429257313  3.930157E-17
6153.38403039375  3.143525E-17
6154.92376821438  3.074311E-17
6156.463506035  2.654250E-17
6158.00324385563  3.067467E-17
6159.54298167625  3.086056E-17
6161.08271949688  3.751525E-17
6162.62245731751  3.744695E-17
6164.16219513813  3.809316E-17
6165.70193295876  3.634345E-17
6167.24167077938  3.661332E-17
6168.78140860001  3.318243E-17
6170.32114642063  3.405532E-17
6171.86088424126  4.067281E-17
6173.40062206188  4.071588E-17
6174.94035988251  3.491747E-17
6176.48009770313  3.451397E-17
6178.01983552376  3.521317E-17
6179.55957334438  3.411796E-17
6181.09931116501  3.932265E-17
6182.63904898563  3.431067E-17
6184.17878680626  3.486512E-17
6185.71852462688  3.035355E-17
6187.25826244751  3.478861E-17
6188.79800026813  3.851793E-17
6190.33773808876  3.839524E-17
6191.87747590938  3.705440E-17
6193.41721373001  3.719730E-17
6194.95695155064  3.504330E-17
6196.49668937126  3.495587E-17
6198.03642719189  3.570787E-17
6199.57616501251  4.001372E-17
6201.11590283314  4.021935E-17
6202.65564065376  3.389860E-17
6204.19537847439  3.658152E-17
6205.73511629501  3.557763E-17
6207.27485411564  3.736827E-17
6208.81459193626  3.541979E-17
6210.35432975689  3.389058E-17
6211.89406757751  3.768556E-17
6213.43380539814  3.105719E-17
6214.97354321876  3.822471E-17
6216.51328103939  3.728427E-17
6218.05301886002  2.742121E-17
6219.59275668064  3.719037E-17
6221.13249450127  4.085749E-17
6222.67223232189  3.339691E-17
6224.21197014252  3.519747E-17
6225.75170796314  3.482713E-17
6227.29144578377  3.526888E-17
6228.83118360439  3.581626E-17
6230.37092142502  3.575612E-17
6231.91065924564  3.822158E-17
6233.45039706627  3.245335E-17
6234.99013488689  3.208267E-17
6236.52987270752  3.688732E-17
6238.06961052814  4.014319E-17
6239.60934834877  3.643044E-17
6241.1490861694  3.566433E-17
6242.68882399002  2.970629E-17
6244.22856181065  3.207075E-17
6245.76829963127  3.558612E-17
6247.3080374519  3.375847E-17
6248.84777527252  3.486495E-17
6250.38751309315  2.959116E-17
6251.92725091377  3.332394E-17
6253.4669887344  3.854149E-17
6255.00672655502  3.274576E-17
6256.54646437565  3.241140E-17
6258.08620219627  3.096561E-17
6259.6259400169  3.335198E-17
6261.16567783752  3.016725E-17
6262.70541565815  3.129724E-17
6264.24515347878  3.732427E-17
6265.7848912994  3.356257E-17
6267.32462912003  3.752306E-17
6268.86436694065  3.301305E-17
6270.40410476128  2.656953E-17
6271.9438425819  3.459516E-17
6273.48358040253  3.237633E-17
6275.02331822315  3.465024E-17
6276.56305604378  3.050545E-17
6278.1027938644  2.312998E-17
6279.64253168503  3.205115E-17
6281.18226950565  3.220139E-17
6282.72200732628  2.751775E-17
6284.2617451469  2.666150E-17
6285.80148296753  2.932867E-17
6287.34122078816  3.045750E-17
6288.88095860878  3.000060E-17
6290.42069642941  3.400514E-17
6291.96043425003  3.152488E-17
6293.50017207066  3.000267E-17
6295.03990989128  4.081399E-17
6296.57964771191  3.546501E-17
6298.11938553253  3.439290E-17
6299.65912335316  3.480135E-17
6301.19886117378  3.208666E-17
6302.73859899441  3.598692E-17
6304.27833681503  3.247407E-17
6305.81807463566  2.913093E-17
6307.35781245628  3.430256E-17
6308.89755027691  2.647789E-17
6310.43728809754  3.095527E-17
6311.97702591816  3.108684E-17
6313.51676373879  3.722943E-17
6315.05650155941  3.750768E-17
6316.59623938004  3.261921E-17
6318.13597720066  3.505746E-17
6319.67571502129  3.101325E-17
6321.21545284191  3.183402E-17
6322.75519066254  3.256775E-17
6324.29492848316  3.550397E-17
6325.83466630379  3.873001E-17
6327.37440412441  3.240964E-17
6328.91414194504  4.126166E-17
6330.45387976566  2.982297E-17
6331.99361758629  3.255563E-17
6333.53335540692  2.939078E-17
6335.07309322754  2.586164E-17
6336.61283104816  3.160846E-17
6338.15256886879  3.379353E-17
6339.69230668942  3.423034E-17
6341.23204451004  3.419981E-17
6342.77178233067  3.732066E-17
6344.31152015129  3.460281E-17
6345.85125797192  3.310402E-17
6347.39099579254  3.405889E-17
6348.93073361317  3.526679E-17
6350.47047143379  3.161765E-17
6352.01020925442  3.445650E-17
6353.54994707504  3.061667E-17
6355.08968489567  3.080327E-17
6356.62942271629  2.828204E-17
6358.16916053692  3.055611E-17
6359.70889835755  3.003069E-17
6361.24863617817  3.257606E-17
6362.7883739988  3.992653E-17
6364.32811181942  2.897043E-17
6365.86784964005  2.402836E-17
6367.40758746067  3.521855E-17
6368.9473252813  3.817022E-17
6370.48706310192  3.562629E-17
6372.02680092255  3.367371E-17
6373.56653874317  3.252606E-17
6375.1062765638  3.565599E-17
6376.64601438442  3.496397E-17
6378.18575220505  3.400125E-17
6379.72549002567  3.281767E-17
6381.2652278463  3.511535E-17
6382.80496566692  3.357899E-17
6384.34470348755  3.659131E-17
6385.88444130817  3.556311E-17
6387.4241791288  3.336835E-17
6388.96391694943  3.464083E-17
6390.50365477005  3.320333E-17
6392.04339259068  3.101608E-17
6393.5831304113  3.191979E-17
6395.12286823193  3.602225E-17
6396.66260605255  3.172766E-17
6398.20234387318  3.198961E-17
6399.7420816938  3.107180E-17
6401.28181951443  2.772320E-17
6402.82155733505  3.243792E-17
6404.36129515568  3.445321E-17
6405.9010329763  3.569074E-17
6407.44077079693  3.439116E-17
6408.98050861755  3.198370E-17
6410.52024643818  3.433514E-17
6412.05998425881  3.318853E-17
6413.59972207943  2.891315E-17
6415.13945990006  2.586741E-17
6416.67919772068  2.657258E-17
6418.21893554131  3.431280E-17
6419.75867336193  3.339897E-17
6421.29841118256  2.912246E-17
6422.83814900318  2.810395E-17
6424.37788682381  3.449492E-17
6425.91762464443  3.463058E-17
6427.45736246506  3.037403E-17
6428.99710028568  2.979350E-17
6430.53683810631  2.961034E-17
6432.07657592693  3.425299E-17
6433.61631374756  2.963067E-17
6435.15605156818  2.925223E-17
6436.69578938881  3.273523E-17
6438.23552720943  2.720568E-17
6439.77526503006  3.060425E-17
6441.31500285069  3.222621E-17
6442.85474067131  2.815428E-17
6444.39447849194  3.052472E-17
6445.93421631256  3.119478E-17
6447.47395413319  2.672223E-17
6449.01369195381  2.777439E-17
6450.55342977444  3.356430E-17
6452.09316759506  3.117949E-17
6453.63290541569  3.084060E-17
6455.17264323631  3.134231E-17
6456.71238105694  2.599560E-17
6458.25211887756  2.612669E-17
6459.79185669819  2.810531E-17
6461.33159451882  3.342326E-17
6462.87133233944  2.968811E-17
6464.41107016007  3.121785E-17
6465.95080798069  3.247671E-17
6467.49054580132  2.515811E-17
6469.03028362194  2.565600E-17
6470.57002144257  3.128372E-17
6472.10975926319  3.267962E-17
6473.64949708382  2.950949E-17
6475.18923490444  2.670579E-17
6476.72897272507  2.869378E-17
6478.26871054569  3.236277E-17
6479.80844836632  3.066626E-17
6481.34818618695  2.819589E-17
6482.88792400757  2.569718E-17
6484.4276618282  2.817989E-17
6485.96739964882  3.041275E-17
6487.50713746945  3.306902E-17
6489.04687529007  3.180308E-17
6490.5866131107  2.968384E-17
6492.12635093132  2.866123E-17
6493.66608875195  3.257514E-17
6495.20582657257  3.187250E-17
6496.7455643932  2.365689E-17
6498.28530221382  3.010536E-17
6499.82504003445  3.172778E-17
6501.36477785507  2.569118E-17
6502.9045156757  2.979670E-17
6504.44425349632  3.080802E-17
6505.98399131695  2.976482E-17
6507.52372913757  2.824893E-17
6509.0634669582  2.737129E-17
6510.60320477882  2.793232E-17
6512.14294259945  2.800110E-17
6513.68268042008  2.775981E-17
6515.2224182407  2.625151E-17
6516.76215606133  2.240286E-17
6518.30189388195  2.786524E-17
6519.84163170258  2.895983E-17
6521.3813695232  3.282609E-17
6522.92110734383  3.360251E-17
6524.46084516445  2.750206E-17
6526.00058298508  2.255683E-17
6527.5403208057  2.379772E-17
6529.08005862633  2.413790E-17
6530.61979644695  2.749665E-17
6532.15953426758  2.852271E-17
6533.6992720882  3.006736E-17
6535.23900990883  3.108754E-17
6536.77874772946  3.016346E-17
6538.31848555008  3.423812E-17
6539.85822337071  3.298426E-17
6541.39796119133  3.163098E-17
6542.93769901196  3.545745E-17
6544.47743683258  3.322257E-17
6546.01717465321  3.356463E-17
6547.55691247383  2.899449E-17
6549.09665029446  3.009642E-17
6550.63638811508  3.261282E-17
6552.17612593571  2.889942E-17
6553.71586375633  3.287718E-17
6555.25560157696  3.677914E-17
6556.79533939758  3.201740E-17
6558.33507721821  2.573367E-17
6559.87481503883  2.706430E-17
6561.41455285946  2.905802E-17
6562.95429068009  2.621440E-17
6564.49402850071  3.016912E-17
6566.03376632134  3.345602E-17
6567.57350414196  2.838818E-17
6569.11324196259  3.312189E-17
6570.65297978321  3.525689E-17
6572.19271760384  3.220237E-17
6573.73245542446  3.414462E-17
6575.27219324509  2.858742E-17
6576.81193106571  3.088850E-17
6578.35166888634  3.896929E-17
6579.89140670696  3.898698E-17
6581.43114452759  3.454677E-17
6582.97088234822  3.220022E-17
6584.51062016884  2.801418E-17
6586.05035798946  3.205051E-17
6587.59009581009  3.253579E-17
6589.12983363072  3.461553E-17
6590.66957145134  3.313896E-17
6592.20930927197  3.730652E-17
6593.74904709259  3.995711E-17
6595.28878491322  3.844822E-17
6596.82852273384  3.415413E-17
6598.36826055447  3.613812E-17
6599.90799837509  3.436350E-17
6601.44773619572  3.583353E-17
6602.98747401634  3.444072E-17
6604.52721183697  3.328364E-17
6606.06694965759  3.110203E-17
6607.60668747822  3.118554E-17
6609.14642529884  2.970050E-17
6610.68616311947  3.020964E-17
6612.22590094009  3.246284E-17
6613.76563876072  3.250911E-17
6615.30537658135  3.501683E-17
6616.84511440197  3.368146E-17
6618.3848522226  2.964085E-17
6619.92459004322  2.691304E-17
6621.46432786385  3.032420E-17
6623.00406568447  2.849629E-17
6624.5438035051  3.427886E-17
6626.08354132572  3.325651E-17
6627.62327914635  3.418209E-17
6629.16301696697  3.921142E-17
6630.7027547876  3.377214E-17
6632.24249260822  3.064098E-17
6633.78223042885  3.192926E-17
6635.32196824948  3.290971E-17
6636.8617060701  3.673613E-17
6638.40144389073  3.543606E-17
6639.94118171135  3.367590E-17
6641.48091953198  3.439892E-17
6643.0206573526  3.653118E-17
6644.56039517323  3.127512E-17
6646.10013299385  2.857301E-17
6647.63987081448  3.175112E-17
6649.1796086351  3.601905E-17
6650.71934645573  2.985084E-17
6652.25908427635  2.758806E-17
6653.79882209698  3.040024E-17
6655.3385599176  2.808110E-17
6656.87829773823  3.142610E-17
6658.41803555886  3.436714E-17
6659.95777337948  3.488148E-17
6661.49751120011  3.007219E-17
6663.03724902073  2.918900E-17
6664.57698684136  3.243219E-17
6666.11672466198  3.331634E-17
6667.65646248261  3.313285E-17
6669.19620030323  2.953564E-17
6670.73593812386  2.768025E-17
6672.27567594448  2.640848E-17
6673.81541376511  2.905852E-17
6675.35515158573  2.698905E-17
6676.89488940636  3.227962E-17
6678.43462722699  2.672333E-17
6679.97436504761  3.423454E-17
6681.51410286824  3.043369E-17
6683.05384068886  2.734526E-17
6684.59357850949  3.319846E-17
6686.13331633011  2.911700E-17
6687.67305415074  2.631446E-17
6689.21279197136  2.904662E-17
6690.75252979199  2.735861E-17
6692.29226761261  3.044603E-17
6693.83200543324  2.720302E-17
6695.37174325386  2.883471E-17
6696.91148107449  2.855852E-17
6698.45121889511  2.719752E-17
6699.99095671574  2.983433E-17
6701.53069453636  3.004672E-17
6703.07043235699  3.241193E-17
6704.61017017761  3.023480E-17
6706.14990799824  3.320820E-17
6707.68964581887  3.331572E-17
6709.22938363949  2.921647E-17
6710.76912146012  3.137908E-17
6712.30885928074  3.300666E-17
6713.84859710137  2.999045E-17
6715.38833492199  2.909836E-17
6716.92807274262  3.732958E-17
6718.46781056324  3.400352E-17
6720.00754838387  3.180520E-17
6721.54728620449  3.380387E-17
6723.08702402512  2.667069E-17
6724.62676184574  2.952976E-17
6726.16649966637  2.872445E-17
6727.70623748699  2.868428E-17
6729.24597530762  3.452201E-17
6730.78571312825  3.243430E-17
6732.32545094887  3.169328E-17
6733.8651887695  3.202802E-17
6735.40492659012  2.985384E-17
6736.94466441075  2.774942E-17
6738.48440223137  2.862493E-17
6740.024140052  2.752059E-17
6741.56387787262  2.610089E-17
6743.10361569325  2.678130E-17
6744.64335351387  2.630010E-17
6746.1830913345  2.516705E-17
6747.72282915512  2.511253E-17
6749.26256697575  2.696842E-17
6750.80230479637  2.758885E-17
6752.342042617  2.718086E-17
6753.88178043762  2.695953E-17
6755.42151825825  2.698852E-17
6756.96125607887  2.832478E-17
6758.5009938995  3.210583E-17
6760.04073172013  3.169361E-17
6761.58046954075  2.727863E-17
6763.12020736138  2.836621E-17
6764.659945182  3.063854E-17
6766.19968300263  2.883471E-17
6767.73942082325  2.864022E-17
6769.27915864388  3.049947E-17
6770.8188964645  3.051524E-17
6772.35863428513  3.031769E-17
6773.89837210575  3.046659E-17
6775.43810992638  2.961063E-17
6776.977847747  2.768359E-17
6778.51758556763  2.986018E-17
6780.05732338825  3.087545E-17
6781.59706120888  3.006434E-17
6783.1367990295  3.256238E-17
6784.67653685013  3.036251E-17
6786.21627467076  2.598809E-17
6787.75601249138  2.950256E-17
6789.29575031201  3.068661E-17
6790.83548813263  3.059479E-17
6792.37522595326  2.826655E-17
6793.91496377388  2.975483E-17
6795.45470159451  3.615275E-17
6796.99443941513  3.285347E-17
6798.53417723576  2.846473E-17
6800.07391505638  2.972670E-17
6801.61365287701  3.309430E-17
6803.15339069763  3.524632E-17
6804.69312851826  3.458875E-17
6806.23286633889  3.373868E-17
6807.77260415951  3.703183E-17
6809.31234198013  3.291121E-17
6810.85207980076  3.393188E-17
6812.39181762139  3.574160E-17
6813.93155544201  2.937655E-17
6815.47129326264  2.664687E-17
6817.01103108326  2.930219E-17
6818.55076890389  3.255063E-17
6820.09050672451  3.529944E-17
6821.63024454514  3.520127E-17
6823.16998236576  2.837872E-17
6824.70972018639  3.231681E-17
6826.24945800701  3.381963E-17
6827.78919582764  3.132943E-17
6829.32893364826  2.932694E-17
6830.86867146889  3.020899E-17
6832.40840928952  3.454248E-17
6833.94814711014  3.385366E-17
6835.48788493077  2.798703E-17
6837.02762275139  3.043515E-17
6838.56736057202  3.662462E-17
6840.10709839264  3.147732E-17
6841.64683621327  2.648914E-17
6843.18657403389  2.936775E-17
6844.72631185452  3.135734E-17
6846.26604967514  2.659539E-17
6847.80578749577  2.992855E-17
6849.34552531639  3.085320E-17
6850.88526313702  3.042874E-17
6852.42500095764  2.895695E-17
6853.96473877827  2.629459E-17
6855.5044765989  2.682100E-17
6857.04421441952  3.121201E-17
6858.58395224015  2.849473E-17
6860.12369006077  3.056593E-17
6861.6634278814  3.039273E-17
6863.20316570202  2.257933E-17
6864.74290352265  2.839689E-17
6866.28264134327  2.844753E-17
6867.8223791639  1.711998E-17
6869.36211698452  1.811952E-17
6870.90185480515  2.462389E-17
6872.44159262577  2.017066E-17
6873.9813304464  1.919350E-17
6875.52106826702  2.228022E-17
6877.06080608765  2.311467E-17
6878.60054390827  2.538228E-17
6880.1402817289  2.855267E-17
6881.68001954953  3.085518E-17
6883.21975737015  3.208286E-17
6884.75949519078  3.342714E-17
6886.2992330114  3.124636E-17
6887.83897083203  2.683453E-17
6889.37870865265  2.530661E-17
6890.91844647328  2.514018E-17
6892.4581842939  2.771333E-17
6893.99792211453  2.703296E-17
6895.53765993515  2.601109E-17
6897.07739775578  2.567669E-17
6898.6171355764  2.571918E-17
6900.15687339703  2.987332E-17
6901.69661121766  2.967668E-17
6903.23634903828  2.977225E-17
6904.77608685891  3.239045E-17
6906.31582467953  3.063588E-17
6907.85556250016  2.721297E-17
6909.39530032078  2.923447E-17
6910.93503814141  3.346822E-17
6912.47477596203  3.439246E-17
6914.01451378266  3.139792E-17
6915.55425160328  3.380380E-17
6917.09398942391  2.830878E-17
6918.63372724453  2.669540E-17
6920.17346506516  2.894396E-17
6921.71320288578  2.886536E-17
6923.25294070641  3.271767E-17
6924.79267852703  3.234952E-17
6926.33241634766  3.103565E-17
6927.87215416828  3.032045E-17
6929.41189198891  3.064960E-17
6930.95162980954  3.174917E-17
6932.49136763016  2.926375E-17
6934.03110545079  3.211664E-17
6935.57084327141  3.156679E-17
6937.11058109204  2.754394E-17
6938.65031891266  2.330505E-17
6940.19005673329  2.756805E-17
6941.72979455391  2.852739E-17
6943.26953237454  3.159266E-17
6944.80927019516  2.880687E-17
6946.34900801579  3.344966E-17
6947.88874583641  2.983561E-17
6949.42848365704  2.407451E-17
6950.96822147766  2.497752E-17
6952.50795929829  3.325814E-17
6954.04769711892  3.165101E-17
6955.58743493954  3.216471E-17
6957.12717276017  3.199675E-17
6958.66691058079  3.247122E-17
6960.20664840142  3.118717E-17
6961.74638622204  3.147838E-17
6963.28612404267  3.232111E-17
6964.82586186329  3.362950E-17
6966.36559968392  3.458948E-17
6967.90533750454  3.377912E-17
6969.44507532517  3.200187E-17
6970.98481314579  3.702882E-17
6972.52455096642  4.315576E-17
6974.06428878704  4.136709E-17
6975.60402660767  4.546660E-17
6977.14376442829  4.669199E-17
6978.68350224892  4.987584E-17
6980.22324006954  4.874267E-17
6981.76297789017  4.798844E-17
6983.3027157108  3.648200E-17
6984.84245353142  3.639003E-17
6986.38219135205  3.957247E-17
6987.92192917267  4.457841E-17
6989.4616669933  4.230860E-17
6991.00140481392  3.674373E-17
6992.54114263455  3.235719E-17
6994.08088045517  3.448484E-17
6995.6206182758  3.677311E-17
6997.16035609642  3.121739E-17
6998.70009391705  2.748129E-17
7000.23983173768  3.335027E-17
7001.7795695583  3.625348E-17
7003.31930737893  3.179493E-17
7004.85904519955  2.849389E-17
7006.39878302017  2.913759E-17
7007.9385208408  3.459654E-17
7009.47825866143  3.588817E-17
7011.01799648205  3.122940E-17
7012.55773430268  3.099079E-17
7014.0974721233  3.101034E-17
7015.63720994393  2.536737E-17
7017.17694776455  2.490812E-17
7018.71668558518  2.975044E-17
7020.2564234058  2.962866E-17
7021.79616122643  3.052744E-17
7023.33589904705  2.978124E-17
7024.87563686768  3.334152E-17
7026.4153746883  2.657393E-17
7027.95511250893  2.758310E-17
7029.49485032955  2.877991E-17
7031.03458815018  2.799026E-17
7032.5743259708  2.540605E-17
7034.11406379143  2.836759E-17
7035.65380161206  2.450954E-17
7037.19353943268  3.037744E-17
7038.73327725331  3.344518E-17
7040.27301507393  2.728298E-17
7041.81275289456  2.815181E-17
7043.35249071518  3.023328E-17
7044.89222853581  3.051055E-17
7046.43196635644  2.958399E-17
7047.97170417706  2.848935E-17
7049.51144199768  2.574253E-17
7051.05117981831  2.871624E-17
7052.59091763894  3.288735E-17
7054.13065545956  3.176067E-17
7055.67039328019  3.068816E-17
7057.21013110081  3.005267E-17
7058.74986892144  3.390151E-17
7060.28960674206  2.964885E-17
7061.82934456269  2.860188E-17
7063.36908238331  2.575245E-17
7064.90882020394  2.966732E-17
7066.44855802456  3.067607E-17
7067.98829584519  2.924325E-17
7069.52803366581  2.978610E-17
7071.06777148644  2.946515E-17
7072.60750930707  3.358418E-17
7074.14724712769  3.614402E-17
7075.68698494831  2.563676E-17
7077.22672276894  2.537524E-17
7078.76646058957  2.538266E-17
7080.30619841019  2.633785E-17
7081.84593623082  2.989591E-17
7083.38567405144  3.229110E-17
7084.92541187207  3.200143E-17
7086.46514969269  3.070794E-17
7088.00488751332  3.006274E-17
7089.54462533394  2.962116E-17
7091.08436315457  2.816476E-17
7092.62410097519  2.882250E-17
7094.16383879582  3.150771E-17
7095.70357661644  3.417933E-17
7097.24331443707  2.506872E-17
7098.7830522577  3.147655E-17
7100.32279007832  3.267868E-17
7101.86252789895  2.903078E-17
7103.40226571957  3.010179E-17
7104.9420035402  3.203399E-17
7106.48174136082  3.129707E-17
7108.02147918145  3.404220E-17
7109.56121700207  2.907318E-17
7111.1009548227  2.997187E-17
7112.64069264332  3.484563E-17
7114.18043046395  2.791996E-17
7115.72016828457  2.767595E-17
7117.2599061052  2.737127E-17
7118.79964392582  2.641039E-17
7120.33938174645  2.999651E-17
7121.87911956707  3.222163E-17
7123.4188573877  2.783179E-17
7124.95859520833  2.641361E-17
7126.49833302895  2.700469E-17
7128.03807084958  2.960521E-17
7129.5778086702  2.947597E-17
7131.11754649083  3.115033E-17
7132.65728431145  2.927543E-17
7134.19702213208  2.782686E-17
7135.7367599527  3.030026E-17
7137.27649777333  2.695403E-17
7138.81623559395  2.643365E-17
7140.35597341458  2.795230E-17
7141.8957112352  2.699169E-17
7143.43544905583  2.548631E-17
7144.97518687645  2.941989E-17
7146.51492469708  2.888422E-17
7148.0546625177  3.066782E-17
7149.59440033833  2.657948E-17
7151.13413815895  2.804515E-17
7152.67387597958  2.721999E-17
7154.2136138002  3.004508E-17
7155.75335162083  2.659834E-17
7157.29308944146  2.716186E-17
7158.83282726208  3.141694E-17
7160.37256508271  2.813440E-17
7161.91230290333  2.503743E-17
7163.45204072396  2.509226E-17
7164.99177854458  2.668720E-17
7166.53151636521  2.391949E-17
7168.07125418583  2.197131E-17
7169.61099200646  2.277354E-17
7171.15072982709  1.960768E-17
7172.69046764771  2.215942E-17
7174.23020546833  2.238071E-17
7175.76994328896  2.287157E-17
7177.30968110958  2.152666E-17
7178.84941893021  2.263474E-17
7180.38915675084  2.633987E-17
7181.92889457146  2.253855E-17
7183.46863239209  2.171485E-17
7185.00837021271  1.654017E-17
7186.54810803334  2.074749E-17
7188.08784585396  2.490747E-17
7189.62758367459  2.262364E-17
7191.16732149521  2.438228E-17
7192.70705931584  2.319604E-17
7194.24679713646  2.145300E-17
7195.78653495709  2.175382E-17
7197.32627277771  2.235313E-17
7198.86601059834  2.319433E-17
7200.40574841896  2.227867E-17
7201.94548623959  2.137341E-17
7203.48522406021  2.067667E-17
7205.02496188084  2.119805E-17
7206.56469970147  2.475508E-17
7208.10443752209  2.720565E-17
7209.64417534272  3.030143E-17
7211.18391316334  3.157329E-17
7212.72365098397  2.935720E-17
7214.26338880459  2.635898E-17
7215.80312662522  2.724744E-17
7217.34286444584  2.807880E-17
7218.88260226647  2.886118E-17
7220.42234008709  2.816669E-17
7221.96207790772  2.985448E-17
7223.50181572834  2.733433E-17
7225.04155354897  2.644650E-17
7226.5812913696  2.433748E-17
7228.12102919022  2.372909E-17
7229.66076701084  2.746480E-17
7231.20050483147  2.413303E-17
7232.7402426521  2.211486E-17
7234.27998047272  2.800534E-17
7235.81971829335  2.853097E-17
7237.35945611397  2.340545E-17
7238.8991939346  2.320542E-17
7240.43893175522  2.519800E-17
7241.97866957585  2.224341E-17
7243.51840739647  2.653839E-17
7245.0581452171  3.199982E-17
7246.59788303772  3.021643E-17
7248.13762085835  2.348171E-17
7249.67735867898  2.198191E-17
7251.2170964996  2.361862E-17
7252.75683432023  2.303600E-17
7254.29657214085  2.456186E-17
7255.83630996148  2.939432E-17
7257.3760477821  3.233088E-17
7258.91578560273  2.508645E-17
7260.45552342335  2.353186E-17
7261.99526124398  2.355198E-17
7263.5349990646  2.429486E-17
7265.07473688523  2.783996E-17
7266.61447470585  3.053953E-17
7268.15421252648  3.172157E-17
7269.69395034711  2.609153E-17
7271.23368816773  2.626039E-17
7272.77342598836  2.719801E-17
7274.31316380898  2.935734E-17
7275.85290162961  2.356461E-17
7277.39263945023  1.981251E-17
7278.93237727086  2.886429E-17
7280.47211509148  2.879381E-17
7282.01185291211  2.936173E-17
7283.55159073273  2.873297E-17
7285.09132855336  3.167726E-17
7286.63106637398  2.884616E-17
7288.17080419461  2.318196E-17
7289.71054201523  2.139531E-17
7291.25027983586  2.690190E-17
7292.79001765648  2.671751E-17
7294.32975547711  2.808012E-17
7295.86949329774  2.335927E-17
7297.40923111836  2.583903E-17
7298.94896893898  2.614839E-17
7300.48870675961  2.241595E-17
7302.02844458024  2.418965E-17
7303.56818240086  2.706476E-17
7305.10792022149  2.891994E-17
7306.64765804211  2.605249E-17
7308.18739586274  2.390171E-17
7309.72713368336  2.574176E-17
7311.26687150399  2.788326E-17
7312.80660932461  3.605794E-17
7314.34634714524  3.176198E-17
7315.88608496586  2.405302E-17
7317.42582278649  2.626017E-17
7318.96556060711  2.559418E-17
7320.50529842774  3.201989E-17
7322.04503624837  2.971336E-17
7323.58477406899  2.556341E-17
7325.12451188962  2.213523E-17
7326.66424971024  2.645102E-17
7328.20398753087  3.272036E-17
7329.74372535149  2.948879E-17
7331.28346317212  3.209108E-17
7332.82320099274  2.716033E-17
7334.36293881337  2.661275E-17
7335.90267663399  3.014660E-17
7337.44241445462  3.608870E-17
7338.98215227524  2.924879E-17
7340.52189009587  3.306347E-17
7342.06162791649  3.664882E-17
7343.60136573712  3.092691E-17
7345.14110355774  2.939723E-17
7346.68084137837  2.908409E-17
7348.22057919899  2.710977E-17
7349.76031701962  2.834315E-17
7351.30005484025  2.923177E-17
7352.83979266087  2.762103E-17
7354.3795304815  2.635736E-17
7355.91926830212  2.705755E-17
7357.45900612275  2.577445E-17
7358.99874394337  2.821485E-17
7360.538481764  2.256867E-17
7362.07821958462  2.654689E-17
7363.61795740525  3.084055E-17
7365.15769522587  2.927958E-17
7366.6974330465  2.954130E-17
7368.23717086712  2.722289E-17
7369.77690868775  2.258369E-17
7371.31664650837  2.429125E-17
7372.856384329  2.620335E-17
7374.39612214963  3.111005E-17
7375.93585997025  3.100064E-17
7377.47559779088  3.186454E-17
7379.0153356115  2.951571E-17
7380.55507343213  2.667063E-17
7382.09481125275  2.722753E-17
7383.63454907338  2.792675E-17
7385.174286894  3.072582E-17
7386.71402471463  3.158235E-17
7388.25376253525  2.923638E-17
7389.79350035588  3.102404E-17
7391.3332381765  3.007032E-17
7392.87297599713  2.480636E-17
7394.41271381775  2.426159E-17
7395.95245163838  2.216282E-17
7397.492189459  2.447224E-17
7399.03192727963  2.430916E-17
7400.57166510025  2.843927E-17
7402.11140292088  3.056982E-17
7403.65114074151  2.809179E-17
7405.19087856213  2.626421E-17
7406.73061638276  2.803197E-17
7408.27035420338  2.867424E-17
7409.81009202401  2.852553E-17
7411.34982984463  2.867363E-17
7412.88956766526  2.807100E-17
7414.42930548588  3.066848E-17
7415.96904330651  3.337149E-17
7417.50878112713  2.748963E-17
7419.04851894776  2.698933E-17
7420.58825676839  2.414505E-17
7422.12799458901  2.521225E-17
7423.66773240964  2.910475E-17
7425.20747023026  2.842491E-17
7426.74720805089  2.799891E-17
7428.28694587151  3.463678E-17
7429.82668369214  3.139830E-17
7431.36642151276  2.629189E-17
7432.90615933339  2.900587E-17
7434.44589715401  2.930962E-17
7435.98563497464  3.020459E-17
7437.52537279526  3.665892E-17
7439.06511061589  3.848526E-17
7440.60484843651  3.071825E-17
7442.14458625714  2.986174E-17
7443.68432407776  3.155653E-17
7445.22406189839  3.115474E-17
7446.76379971902  3.279803E-17
7448.30353753964  3.201693E-17
7449.84327536027  3.718287E-17
7451.38301318089  3.251700E-17
7452.92275100152  2.928654E-17
7454.46248882214  2.712068E-17
7456.00222664277  2.637606E-17
7457.54196446339  2.919117E-17
7459.08170228402  3.105181E-17
7460.62144010464  2.939440E-17
7462.16117792527  2.612203E-17
7463.70091574589  2.839151E-17
7465.24065356652  2.736556E-17
7466.78039138714  2.930194E-17
7468.32012920777  2.895008E-17
7469.85986702839  3.076004E-17
7471.39960484902  3.136143E-17
7472.93934266964  2.837540E-17
7474.47908049027  3.062128E-17
7476.0188183109  2.723697E-17
7477.55855613152  2.629363E-17
7479.09829395215  2.846367E-17
7480.63803177277  3.106124E-17
7482.1777695934  2.894457E-17
7483.71750741402  2.560412E-17
7485.25724523465  2.161107E-17
7486.79698305527  2.548360E-17
7488.3367208759  2.635361E-17
7489.87645869652  2.753903E-17
7491.41619651715  2.743993E-17
7492.95593433778  2.608077E-17
7494.4956721584  3.026373E-17
7496.03540997902  3.071627E-17
7497.57514779965  2.887015E-17
7499.11488562028  3.232439E-17
7500.6546234409  3.385300E-17
7502.19436126153  2.771179E-17
7503.73409908215  2.682032E-17
7505.27383690278  3.066156E-17
7506.8135747234  2.806730E-17
7508.35331254403  3.119326E-17
7509.89305036465  3.272820E-17
7511.43278818528  3.213433E-17
7512.9725260059  3.190384E-17
7514.51226382653  2.987871E-17
7516.05200164715  2.577650E-17
7517.59173946778  2.457770E-17
7519.1314772884  3.027961E-17
7520.67121510903  3.012441E-17
7522.21095292965  2.511227E-17
7523.75069075028  2.412483E-17
7525.29042857091  2.569275E-17
7526.83016639153  2.154717E-17
7528.36990421216  2.418216E-17
7529.90964203278  2.541011E-17
7531.44937985341  2.675704E-17
7532.98911767403  3.089740E-17
7534.52885549466  2.938904E-17
7536.06859331528  2.673633E-17
7537.60833113591  2.830252E-17
7539.14806895653  2.561450E-17
7540.68780677716  2.066899E-17
7542.22754459778  2.528355E-17
7543.76728241841  2.762593E-17
7545.30702023904  2.561174E-17
7546.84675805966  2.530614E-17
7548.38649588029  2.426756E-17
7549.92623370091  2.362000E-17
7551.46597152154  2.741330E-17
7553.00570934216  2.565377E-17
7554.54544716279  2.545789E-17
7556.08518498341  2.445417E-17
7557.62492280404  2.424466E-17
7559.16466062466  2.571067E-17
7560.70439844529  2.634073E-17
7562.24413626591  2.701863E-17
7563.78387408654  2.677808E-17
7565.32361190716  2.918968E-17
7566.86334972779  3.019578E-17
7568.40308754841  2.419543E-17
7569.94282536904  2.934377E-17
7571.48256318966  2.378900E-17
7573.02230101029  2.318372E-17
7574.56203883092  2.515407E-17
7576.10177665154  2.554951E-17
7577.64151447217  2.771225E-17
7579.18125229279  2.562540E-17
7580.72099011342  2.476875E-17
7582.26072793404  3.092883E-17
7583.80046575467  2.722837E-17
7585.34020357529  2.452282E-17
7586.87994139592  2.324689E-17
7588.41967921654  2.734039E-17
7589.95941703717  2.415916E-17
7591.4991548578  2.319476E-17
7593.03889267842  2.179872E-17
7594.57863049904  1.484318E-17
7596.11836831967  1.403540E-17
7597.6581061403  6.918246E-18
7599.19784396092  4.981168E-18
7600.73758178155  8.768871E-18
7602.27731960217  5.988836E-18
7603.8170574228  4.148770E-18
7605.35679524342  5.036290E-18
7606.89653306405  5.270916E-18
7608.43627088467  6.686648E-18
7609.9760087053  6.011066E-18
7611.51574652592  6.511522E-18
7613.05548434655  1.039570E-17
7614.59522216717  1.464699E-17
7616.1349599878  1.721359E-17
7617.67469780842  1.829943E-17
7619.21443562905  2.080447E-17
7620.75417344967  1.952232E-17
7622.2939112703  1.129836E-17
7623.83364909092  7.766902E-18
7625.37338691155  1.487496E-17
7626.91312473218  8.949365E-18
7628.4528625528  5.197975E-18
7629.99260037343  1.455164E-17
7631.53233819405  1.519622E-17
7633.07207601468  1.168739E-17
7634.6118138353  1.364592E-17
7636.15155165593  1.772436E-17
7637.69128947655  1.680038E-17
7639.23102729718  1.421622E-17
7640.77076511781  1.803066E-17
7642.31050293843  1.678166E-17
7643.85024075906  1.454072E-17
7645.38997857968  1.366453E-17
7646.92971640031  1.412346E-17
7648.46945422093  1.482648E-17
7650.00919204156  1.690529E-17
7651.54892986218  1.965685E-17
7653.08866768281  2.129991E-17
7654.62840550343  2.373771E-17
7656.16814332406  2.149083E-17
7657.70788114468  1.792951E-17
7659.24761896531  1.711418E-17
7660.78735678593  2.120495E-17
7662.32709460656  2.973387E-17
7663.86683242718  2.088569E-17
7665.40657024781  2.064124E-17
7666.94630806843  2.394068E-17
7668.48604588906  2.089006E-17
7670.02578370969  2.634158E-17
7671.56552153031  2.402295E-17
7673.10525935094  2.381250E-17
7674.64499717156  2.236723E-17
7676.18473499219  2.456134E-17
7677.72447281281  2.213091E-17
7679.26421063344  2.360844E-17
7680.80394845406  2.550083E-17
7682.34368627469  2.429601E-17
7683.88342409531  2.315791E-17
7685.42316191594  2.075551E-17
7686.96289973656  2.246605E-17
7688.50263755719  2.605868E-17
7690.04237537782  2.663587E-17
7691.58211319844  2.304994E-17
7693.12185101907  2.610828E-17
7694.66158883969  3.098106E-17
7696.20132666032  3.064205E-17
7697.74106448094  2.895651E-17
7699.28080230157  2.594068E-17
7700.82054012219  2.675989E-17
7702.36027794282  2.474108E-17
7703.90001576344  2.013883E-17
7705.43975358407  2.076858E-17
7706.97949140469  2.422316E-17
7708.51922922532  1.937572E-17
7710.05896704594  2.492630E-17
7711.59870486657  2.567460E-17
7713.13844268719  2.891631E-17
7714.67818050782  3.100113E-17
7716.21791832845  2.772264E-17
7717.75765614907  2.808251E-17
7719.29739396969  3.101207E-17
7720.83713179032  2.072438E-17
7722.37686961095  2.046362E-17
7723.91660743157  2.285512E-17
7725.4563452522  2.175769E-17
7726.99608307282  2.662094E-17
7728.53582089345  2.569070E-17
7730.07555871407  2.219930E-17
7731.6152965347  2.814709E-17
7733.15503435532  2.766198E-17
7734.69477217595  2.651899E-17
7736.23450999657  2.769557E-17
7737.7742478172  2.736875E-17
7739.31398563782  2.257221E-17
7740.85372345845  2.604387E-17
7742.39346127908  2.971606E-17
7743.9331990997  2.753854E-17
7745.47293692033  2.806106E-17
7747.01267474095  1.968346E-17
7748.55241256158  2.878254E-17
7750.0921503822  2.670703E-17
7751.63188820283  3.151331E-17
7753.17162602345  3.194566E-17
7754.71136384408  2.380469E-17
7756.2511016647  2.407789E-17
7757.79083948533  2.753897E-17
7759.33057730595  2.787562E-17
7760.87031512658  2.667281E-17
7762.4100529472  2.775615E-17
7763.94979076783  2.899506E-17
7765.48952858845  2.641035E-17
7767.02926640908  2.655431E-17
7768.56900422971  2.829600E-17
7770.10874205033  2.742812E-17
7771.64847987096  3.070086E-17
7773.18821769158  2.905339E-17
7774.72795551221  3.106835E-17
7776.26769333283  2.782577E-17
7777.80743115346  3.017675E-17
7779.34716897408  2.856190E-17
7780.88690679471  2.904304E-17
7782.42664461533  3.116618E-17
7783.96638243596  3.174207E-17
7785.50612025658  2.770830E-17
7787.04585807721  2.923314E-17
7788.58559589783  3.419934E-17
7790.12533371846  3.869349E-17
7791.66507153909  3.653497E-17
7793.20480935971  3.616262E-17
7794.74454718034  3.078987E-17
7796.28428500096  3.640934E-17
7797.82402282159  3.974051E-17
7799.36376064221  3.675993E-17
7800.90349846284  3.579122E-17
7802.44323628346  3.730192E-17
7803.98297410409  4.267289E-17
7805.52271192471  4.208982E-17
7807.06244974534  3.843084E-17
7808.60218756596  4.602493E-17
7810.14192538659  4.974596E-17
7811.68166320721  5.348055E-17
7813.22140102784  5.564368E-17
7814.76113884847  5.795732E-17
7816.30087666909  7.022258E-17
7817.84061448971  6.532603E-17
7819.38035231034  7.029108E-17
7820.92009013096  6.967510E-17
7822.45982795159  6.011861E-17
7823.99956577222  5.347098E-17
7825.53930359284  5.287194E-17
7827.07904141347  4.382129E-17
7828.61877923409  4.235959E-17
7830.15851705472  4.101431E-17
7831.69825487534  3.789463E-17
7833.23799269597  3.443476E-17
7834.77773051659  4.045366E-17
7836.31746833722  4.073927E-17
7837.85720615784  3.893518E-17
7839.39694397847  4.014926E-17
7840.9366817991  3.462337E-17
7842.47641961972  4.325922E-17
7844.01615744035  3.352683E-17
7845.55589526097  2.981214E-17
7847.0956330816  3.302360E-17
7848.63537090222  3.826036E-17
7850.17510872285  2.955725E-17
7851.71484654347  3.665750E-17
7853.2545843641  3.420075E-17
7854.79432218472  3.875823E-17
7856.33406000535  2.826013E-17
7857.87379782597  2.747039E-17
7859.4135356466  3.011167E-17
7860.95327346722  3.118472E-17
7862.49301128785  3.033716E-17
7864.03274910848  2.416570E-17
7865.5724869291  2.281385E-17
7867.11222474973  2.826381E-17
7868.65196257035  2.277960E-17
7870.19170039098  2.588306E-17
7871.7314382116  2.647778E-17
7873.27117603223  2.644399E-17
7874.81091385285  2.680884E-17
7876.35065167348  3.064421E-17
7877.8903894941  2.733579E-17
7879.43012731473  2.743983E-17
7880.96986513535  2.281898E-17
7882.50960295598  2.723981E-17
7884.0493407766  2.527278E-17
7885.58907859723  2.655208E-17
7887.12881641785  2.540387E-17
7888.66855423848  2.849252E-17
7890.2082920591  2.478374E-17
7891.74802987973  2.850981E-17
7893.28776770036  2.408950E-17
7894.82750552098  2.401758E-17
7896.36724334161  2.176923E-17
7897.90698116223  2.215773E-17
7899.44671898286  2.313416E-17
7900.98645680348  2.554331E-17
7902.52619462411  2.269820E-17
7904.06593244473  2.259079E-17
7905.60567026536  2.614692E-17
7907.14540808598  2.101592E-17
7908.68514590661  2.368474E-17
7910.22488372723  2.310935E-17
7911.76462154786  2.267256E-17
7913.30435936849  2.430959E-17
7914.84409718911  2.761413E-17
7916.38383500974  2.845683E-17
7917.92357283036  2.831940E-17
7919.46331065099  2.945671E-17
7921.00304847161  2.497013E-17
7922.54278629224  2.672467E-17
7924.08252411286  1.901830E-17
7925.62226193349  2.343804E-17
7927.16199975411  2.420418E-17
7928.70173757474  2.589051E-17
7930.24147539536  2.839385E-17
7931.78121321599  2.687384E-17
7933.32095103661  2.634248E-17
7934.86068885724  2.848177E-17
7936.40042667786  2.168048E-17
7937.94016449849  2.529220E-17
7939.47990231912  2.603362E-17
7941.01964013974  2.289466E-17
7942.55937796036  2.390513E-17
7944.09911578099  2.251343E-17
7945.63885360162  2.139208E-17
7947.17859142224  2.725256E-17
7948.71832924287  2.636819E-17
7950.25806706349  2.343294E-17
7951.79780488412  2.616549E-17
7953.33754270474  2.762113E-17
7954.87728052537  2.337068E-17
7956.41701834599  2.364477E-17
7957.95675616662  2.297053E-17
7959.49649398724  2.022195E-17
7961.03623180787  2.038344E-17
7962.57596962849  2.797685E-17
7964.11570744912  2.228927E-17
7965.65544526975  2.275856E-17
7967.19518309037  2.615424E-17
7968.734920911  2.179205E-17
7970.27465873162  2.297645E-17
7971.81439655225  2.247839E-17
7973.35413437287  1.894419E-17
7974.8938721935  2.171829E-17
7976.43361001412  2.133016E-17
7977.97334783475  2.487001E-17
7979.51308565537  2.704741E-17
7981.052823476  2.529518E-17
7982.59256129662  1.922003E-17
7984.13229911725  1.733974E-17
7985.67203693787  2.349865E-17
7987.2117747585  2.487961E-17
7988.75151257912  2.107078E-17
7990.29125039975  2.956798E-17
7991.83098822037  2.621174E-17
7993.370726041  2.721638E-17
7994.91046386163  2.382024E-17
7996.45020168225  2.399843E-17
7997.98993950288  2.281383E-17
7999.5296773235  1.983684E-17
8001.06941514413  2.628139E-17
8002.60915296475  2.667680E-17
8004.14889078538  2.310103E-17
8005.688628606  2.565251E-17
8007.22836642663  2.277372E-17
8008.76810424726  2.494717E-17
8010.30784206788  2.651884E-17
8011.84757988851  2.507295E-17
8013.38731770913  1.985720E-17
8014.92705552975  1.937700E-17
8016.46679335038  2.090900E-17
8018.00653117101  2.408203E-17
8019.54626899163  2.639144E-17
8021.08600681226  2.720229E-17
8022.62574463288  2.791474E-17
8024.16548245351  2.447112E-17
8025.70522027413  2.331473E-17
8027.24495809476  2.589700E-17
8028.78469591538  2.494734E-17
8030.32443373601  2.243043E-17
8031.86417155663  2.480040E-17
8033.40390937726  2.414866E-17
8034.94364719789  2.308229E-17
8036.48338501851  2.758672E-17
8038.02312283914  2.620413E-17
8039.56286065976  2.214646E-17
8041.10259848039  2.426011E-17
8042.64233630101  2.444031E-17
8044.18207412164  2.268650E-17
8045.72181194226  2.409617E-17
8047.26154976289  2.624252E-17
8048.80128758351  2.342356E-17
8050.34102540414  2.507791E-17
8051.88076322476  2.524199E-17
8053.42050104539  2.479966E-17
8054.96023886601  2.562750E-17
8056.49997668664  2.872624E-17
8058.03971450726  2.540868E-17
8059.57945232789  2.603461E-17
8061.11919014851  2.865837E-17
8062.65892796914  3.022781E-17
8064.19866578977  2.657856E-17
8065.73840361039  2.667316E-17
8067.27814143102  2.615587E-17
8068.81787925164  2.528123E-17
8070.35761707227  2.538885E-17
8071.89735489289  2.639822E-17
8073.43709271352  2.517753E-17
8074.97683053414  2.431594E-17
8076.51656835477  2.779514E-17
8078.05630617539  2.913510E-17
8079.59604399602  2.450138E-17
8081.13578181665  2.607565E-17
8082.67551963727  2.542911E-17
8084.21525745789  2.378958E-17
8085.75499527852  2.430514E-17
8087.29473309915  2.271862E-17
8088.83447091977  2.629112E-17
8090.3742087404  3.008664E-17
8091.91394656102  2.403991E-17
8093.45368438165  1.958817E-17
8094.99342220227  2.495134E-17
8096.5331600229  2.196480E-17
8098.07289784352  2.335103E-17
8099.61263566415  2.368436E-17
8101.15237348477  2.333094E-17
8102.6921113054  2.539732E-17
8104.23184912602  2.370775E-17
8105.77158694665  2.086163E-17
8107.31132476727  2.252885E-17
8108.8510625879  2.623474E-17
8110.39080040853  2.342649E-17
8111.93053822915  2.209311E-17
8113.47027604978  1.795328E-17
8115.0100138704  1.742166E-17
8116.54975169103  2.307335E-17
8118.08948951165  2.406721E-17
8119.62922733228  2.376444E-17
8121.1689651529  2.116187E-17
8122.70870297353  2.038061E-17
8124.24844079415  2.342339E-17
8125.78817861478  2.356733E-17
8127.3279164354  2.381896E-17
8128.86765425603  2.053338E-17
8130.40739207665  1.938083E-17
8131.94712989728  2.115048E-17
8133.4868677179  1.857986E-17
8135.02660553853  1.732198E-17
8136.56634335916  1.797908E-17
8138.10608117978  1.610556E-17
8139.6458190004  1.599759E-17
8141.18555682103  1.769805E-17
8142.72529464166  1.394255E-17
8144.26503246228  1.685781E-17
8145.80477028291  2.171110E-17
8147.34450810353  1.924577E-17
8148.88424592416  1.749727E-17
8150.42398374478  1.726971E-17
8151.96372156541  1.783824E-17
8153.50345938603  1.800997E-17
8155.04319720666  1.738748E-17
8156.58293502729  1.517223E-17
8158.12267284791  1.593590E-17
8159.66241066854  1.907778E-17
8161.20214848916  1.798043E-17
8162.74188630979  1.650133E-17
8164.28162413041  1.444746E-17
8165.82136195104  1.461321E-17
8167.36109977166  2.110229E-17
8168.90083759229  1.409048E-17
8170.44057541291  1.358160E-17
8171.98031323354  1.995428E-17
8173.52005105416  1.691761E-17
8175.05978887479  1.942194E-17
8176.59952669541  1.941460E-17
8178.13926451604  1.631104E-17
8179.67900233666  1.765806E-17
8181.21874015729  2.048102E-17
8182.75847797791  1.687340E-17
8184.29821579854  1.628509E-17
8185.83795361916  2.082195E-17
8187.37769143979  2.157078E-17
8188.91742926042  1.833393E-17
8190.45716708104  2.043617E-17
8191.99690490167  2.183054E-17
8193.53664272229  1.837333E-17
8195.07638054292  2.050399E-17
8196.61611836354  2.182711E-17
8198.15585618417  1.617272E-17
8199.69559400479  1.617377E-17
8201.23533182542  2.217658E-17
8202.77506964604  1.939640E-17
8204.31480746667  2.283415E-17
8205.85454528729  2.446171E-17
8207.39428310792  2.336585E-17
8208.93402092854  2.584209E-17
8210.47375874917  2.289950E-17
8212.01349656979  2.339752E-17
8213.55323439042  2.404344E-17
8215.09297221104  2.298437E-17
8216.63271003167  2.250110E-17
8218.1724478523  1.957649E-17
8219.71218567292  2.254842E-17
8221.25192349355  2.001878E-17
8222.79166131417  1.671554E-17
8224.3313991348  1.851858E-17
8225.87113695542  1.444773E-17
8227.41087477605  1.397364E-17
8228.95061259667  1.440459E-17
8230.4903504173  1.601338E-17
8232.03008823792  1.551988E-17
8233.56982605855  1.699833E-17
8235.10956387917  2.105998E-17
8236.6493016998  1.943572E-17
8238.18903952043  1.571436E-17
8239.72877734105  1.970970E-17
8241.26851516168  2.261414E-17
8242.8082529823  2.284363E-17
8244.34799080293  2.360228E-17
8245.88772862355  2.059938E-17
8247.42746644418  2.091289E-17
8248.9672042648  2.609080E-17
8250.50694208543  2.316851E-17
8252.04667990605  2.036655E-17
8253.58641772668  2.170269E-17
8255.1261555473  2.201414E-17
8256.66589336793  1.960890E-17
8258.20563118855  2.065270E-17
8259.74536900918  2.219006E-17
8261.2851068298  2.036862E-17
8262.82484465043  2.098927E-17
8264.36458247106  2.046503E-17
8265.90432029168  2.287283E-17
8267.44405811231  2.406048E-17
8268.98379593293  2.319706E-17
8270.52353375356  1.946769E-17
8272.06327157418  2.007417E-17
8273.60300939481  2.334481E-17
8275.14274721543  2.437352E-17
8276.68248503606  2.076076E-17
8278.22222285668  1.780692E-17
8279.76196067731  1.937974E-17
8281.30169849793  1.944205E-17
8282.84143631856  2.494870E-17
8284.38117413918  2.092310E-17
8285.92091195981  1.953438E-17
8287.46064978044  2.182815E-17
8289.00038760106  2.656244E-17
8290.54012542169  2.061302E-17
8292.07986324231  1.319999E-17
8293.61960106293  2.046422E-17
8295.15933888356  2.775868E-17
8296.69907670419  2.995967E-17
8298.23881452481  2.410044E-17
8299.77855234544  2.770037E-17
8301.31829016606  2.300841E-17
8302.85802798669  1.839098E-17
8304.39776580731  1.349741E-17
8305.93750362794  1.982803E-17
8307.47724144856  2.505653E-17
8309.01697926919  2.546907E-17
8310.55671708981  2.684161E-17
8312.09645491044  2.629160E-17
8313.63619273106  2.612549E-17
8315.17593055169  2.467964E-17
8316.71566837231  2.266033E-17
8318.25540619294  2.316534E-17
8319.79514401356  2.594351E-17
8321.33488183419  2.352551E-17
8322.87461965482  2.511380E-17
8324.41435747544  2.357880E-17
8325.95409529607  2.061038E-17
8327.49383311669  2.264760E-17
8329.03357093732  2.102915E-17
8330.57330875794  2.367239E-17
8332.11304657857  2.461041E-17
8333.6527843992  2.036431E-17
8335.19252221982  2.335631E-17
8336.73226004045  2.471915E-17
8338.27199786107  2.344568E-17
8339.8117356817  2.182805E-17
8341.35147350232  2.214935E-17
8342.89121132295  2.564294E-17
8344.43094914357  2.737887E-17
8345.9706869642  1.959151E-17
8347.51042478482  1.702854E-17
8349.05016260545  2.516694E-17
8350.58990042607  2.546996E-17
8352.1296382467  2.255889E-17
8353.66937606733  2.832717E-17
8355.20911388795  2.613714E-17
8356.74885170858  2.583820E-17
8358.2885895292  2.170889E-17
8359.82832734983  2.046066E-17
8361.36806517045  2.751781E-17
8362.90780299108  2.232078E-17
8364.4475408117  2.142944E-17
8365.98727863233  2.492244E-17
8367.52701645295  2.664674E-17
8369.06675427358  2.709882E-17
8370.6064920942  2.318109E-17
8372.14622991483  2.051275E-17
8373.68596773545  1.998018E-17
8375.22570555608  2.238541E-17
8376.7654433767  2.480623E-17
8378.30518119733  2.220567E-17
8379.84491901795  2.374264E-17
8381.38465683858  1.894713E-17
8382.92439465921  1.592453E-17
8384.46413247983  2.363716E-17
8386.00387030046  2.318827E-17
8387.54360812108  1.971173E-17
8389.08334594171  2.217084E-17
8390.62308376233  2.333939E-17
8392.16282158296  2.072528E-17
8393.70255940358  2.403343E-17
8395.24229722421  3.029259E-17
8396.78203504483  2.685373E-17
8398.32177286546  2.575783E-17
8399.86151068608  2.582830E-17
8401.40124850671  2.648547E-17
8402.94098632733  2.519659E-17
8404.48072414796  2.096166E-17
8406.02046196858  2.441610E-17
8407.56019978921  2.375417E-17
8409.09993760983  2.882718E-17
8410.63967543046  2.721088E-17
8412.17941325109  2.149682E-17
8413.71915107171  2.650879E-17
8415.25888889234  2.805214E-17
8416.79862671296  3.081397E-17
8418.33836453359  2.763299E-17
8419.87810235421  2.069669E-17
8421.41784017484  2.434319E-17
8422.95757799546  2.449456E-17
8424.49731581609  2.327459E-17
8426.03705363671  2.933656E-17
8427.57679145734  2.848125E-17
8429.11652927797  3.143449E-17
8430.65626709859  1.423192E-17
8432.19600491922  1.906046E-17
8433.73574273984  2.160130E-17
8435.27548056047  2.154900E-17
8436.81521838109  2.197366E-17
8438.35495620172  2.666426E-17
8439.89469402234  2.246370E-17
8441.43443184297  2.095182E-17
8442.97416966359  2.548307E-17
8444.51390748422  2.636183E-17
8446.05364530484  2.174160E-17
8447.59338312547  2.451346E-17
8449.13312094609  2.466356E-17
8450.67285876672  2.078268E-17
8452.21259658734  1.956321E-17
8453.75233440797  2.936920E-17
8455.2920722286  2.573699E-17
8456.83181004922  2.220153E-17
8458.37154786985  2.518606E-17
8459.91128569047  2.014640E-17
8461.4510235111  2.642085E-17
8462.99076133172  2.683536E-17
8464.53049915235  1.998459E-17
8466.07023697297  1.817470E-17
8467.6099747936  2.508050E-17
8469.14971261422  2.718950E-17
8470.68945043485  2.611654E-17
8472.22918825547  2.584309E-17
8473.7689260761  2.664179E-17
8475.30866389672  2.661095E-17
8476.84840171735  2.785692E-17
8478.38813953797  2.440216E-17
8479.9278773586  2.430205E-17
8481.46761517922  2.728188E-17
8483.00735299985  2.368521E-17
8484.54709082048  2.562888E-17
8486.0868286411  2.858034E-17
8487.62656646173  2.655773E-17
8489.16630428235  3.224157E-17
8490.70604210298  3.265788E-17
8492.2457799236  2.534026E-17
8493.78551774423  2.490653E-17
8495.32525556485  2.389000E-17
8496.86499338548  2.585496E-17
8498.4047312061  2.612274E-17
8499.94446902673  2.284060E-17
8501.48420684736  2.367064E-17
8503.02394466798  2.713353E-17
8504.5636824886  2.135731E-17
8506.10342030923  2.627630E-17
8507.64315812986  2.836123E-17
8509.18289595048  1.839060E-17
8510.72263377111  1.852447E-17
8512.26237159173  2.323055E-17
8513.80210941236  2.226206E-17
8515.34184723298  2.324889E-17
8516.88158505361  2.400694E-17
8518.42132287423  2.096005E-17
8519.96106069486  2.368844E-17
8521.50079851548  2.510319E-17
8523.04053633611  2.284609E-17
8524.58027415673  2.142283E-17
8526.12001197736  2.324123E-17
8527.65974979798  2.312216E-17
8529.19948761861  2.260135E-17
8530.73922543924  2.309804E-17
8532.27896325986  2.411179E-17
8533.81870108049  2.107546E-17
8535.35843890111  2.362518E-17
8536.89817672174  2.630186E-17
8538.43791454236  2.361793E-17
8539.97765236299  2.387719E-17
8541.51739018361  2.610761E-17
8543.05712800424  2.227650E-17
8544.59686582486  2.458196E-17
8546.13660364549  2.547786E-17
8547.67634146611  2.682033E-17
8549.21607928674  2.667609E-17
8550.75581710736  2.372914E-17
8552.29555492799  2.158690E-17
8553.83529274861  1.954055E-17
8555.37503056924  2.227228E-17
8556.91476838987  2.432770E-17
8558.45450621049  2.389727E-17
8559.99424403112  2.519411E-17
8561.53398185174  2.637367E-17
8563.07371967237  2.350658E-17
8564.61345749299  2.477154E-17
8566.15319531362  2.600568E-17
8567.69293313424  2.474315E-17
8569.23267095487  2.534838E-17
8570.77240877549  2.305844E-17
8572.31214659612  2.337714E-17
8573.85188441674  2.427728E-17
8575.39162223737  2.321038E-17
8576.93136005799  2.532954E-17
8578.47109787862  2.584599E-17
8580.01083569924  2.531189E-17
8581.55057351987  2.531301E-17
8583.0903113405  2.373921E-17
8584.63004916112  2.183304E-17
8586.16978698175  2.519272E-17
8587.70952480237  2.662936E-17
8589.249262623  2.236157E-17
8590.78900044362  2.248293E-17
8592.32873826425  2.122140E-17
8593.86847608487  1.753755E-17
8595.4082139055  1.995381E-17
8596.94795172612  2.267529E-17
8598.48768954675  2.181574E-17
8600.02742736737  2.261795E-17
8601.567165188  2.064000E-17
8603.10690300862  2.317819E-17
8604.64664082925  2.478136E-17
8606.18637864988  1.995983E-17
8607.7261164705  2.004892E-17
8609.26585429113  1.988148E-17
8610.80559211175  1.952059E-17
8612.34532993238  2.380232E-17
8613.885067753  2.396766E-17
8615.42480557363  2.719417E-17
8616.96454339425  2.636050E-17
8618.50428121488  1.771894E-17
8620.0440190355  2.324326E-17
8621.58375685613  2.811506E-17
8623.12349467675  2.222172E-17
8624.66323249738  1.867338E-17
8626.202970318  2.585397E-17
8627.74270813863  2.794294E-17
8629.28244595925  2.726253E-17
8630.82218377988  2.071656E-17
8632.3619216005  1.680099E-17
8633.90165942113  2.133435E-17
8635.44139724175  2.018082E-17
8636.98113506238  2.254634E-17
8638.52087288301  2.035477E-17
8640.06061070363  2.221773E-17
8641.60034852426  1.734106E-17
8643.14008634488  1.412058E-17
8644.67982416551  2.212659E-17
8646.21956198613  2.231594E-17
8647.75929980676  2.835721E-17
8649.29903762738  2.821533E-17
8650.83877544801  2.767846E-17
8652.37851326863  2.460387E-17
8653.91825108926  1.493051E-17
8655.45798890988  1.470678E-17
8656.99772673051  2.372965E-17
8658.53746455114  2.425988E-17
8660.07720237176  1.649305E-17
8661.61694019239  2.016916E-17
8663.15667801301  1.294941E-17
8664.69641583364  1.744946E-17
8666.23615365426  2.495023E-17
8667.77589147489  1.281683E-17
8669.31562929551  1.437030E-17
8670.85536711614  2.115207E-17
8672.39510493676  2.533461E-17
8673.93484275739  2.061155E-17
8675.47458057801  1.983569E-17
8677.01431839864  2.174855E-17
8678.55405621926  2.163136E-17
8680.09379403989  2.161986E-17
8681.63353186051  1.942341E-17
8683.17326968114  2.693931E-17
8684.71300750177  2.451591E-17
8686.25274532239  2.245958E-17
8687.79248314302  2.163154E-17
8689.33222096364  2.181187E-17
8690.87195878427  2.547638E-17
8692.41169660489  2.392810E-17
8693.95143442552  2.322752E-17
8695.49117224614  2.519548E-17
8697.03091006677  2.441870E-17
8698.57064788739  2.136409E-17
8700.11038570802  2.212160E-17
8701.65012352864  2.325848E-17
8703.18986134927  2.222169E-17
8704.72959916989  2.668601E-17
8706.26933699052  2.484035E-17
8707.80907481115  2.090506E-17
8709.34881263177  2.265005E-17
8710.8885504524  2.564124E-17
8712.42828827302  2.084177E-17
8713.96802609365  2.386899E-17
8715.50776391427  2.173110E-17
8717.0475017349  2.022489E-17
8718.58723955552  2.364858E-17
8720.12697737615  2.354349E-17
8721.66671519677  2.373802E-17
8723.2064530174  2.408329E-17
8724.74619083802  1.988560E-17
8726.28592865865  2.546178E-17
8727.82566647927  2.304857E-17
8729.3654042999  2.347669E-17
8730.90514212053  2.350627E-17
8732.44487994115  3.152044E-17
8733.98461776178  2.233369E-17
8735.5243555824  2.052364E-17
8737.06409340303  2.338812E-17
8738.60383122365  2.054845E-17
8740.14356904428  2.490594E-17
8741.6833068649  2.627616E-17
8743.22304468553  2.080195E-17
8744.76278250615  2.057502E-17
8746.30252032678  2.050627E-17
8747.84225814741  2.286372E-17
8749.38199596803  1.779543E-17
8750.92173378866  2.014884E-17
8752.46147160928  2.253685E-17
8754.00120942991  2.219159E-17
8755.54094725053  1.906993E-17
8757.08068507116  2.241469E-17
8758.62042289178  2.053094E-17
8760.16016071241  1.752658E-17
8761.69989853303  2.315002E-17
8763.23963635366  1.901128E-17
8764.77937417428  2.894381E-17
8766.31911199491  1.362674E-17
8767.85884981553  2.353405E-17
8769.39858763616  1.752439E-17
8770.93832545678  1.579928E-17
8772.47806327741  1.817722E-17
8774.01780109804  2.076525E-17
8775.55753891866  1.999987E-17
8777.09727673929  1.192562E-17
8778.63701455991  1.093950E-17
8780.17675238054  2.288897E-17
8781.71649020116  2.141926E-17
8783.25622802179  2.373768E-17
8784.79596584241  1.933612E-17
8786.33570366304  2.105896E-17
8787.87544148366  2.641162E-17
8789.41517930429  2.350329E-17
8790.95491712491  2.421993E-17
8792.49465494554  2.099581E-17
8794.03439276617  2.341324E-17
8795.57413058679  1.791441E-17
8797.11386840741  1.989649E-17
8798.65360622804  2.439354E-17
8800.19334404866  2.332199E-17
8801.73308186929  2.282804E-17
8803.27281968992  2.177260E-17
8804.81255751054  2.389628E-17
8806.35229533117  2.443888E-17
8807.89203315179  1.970073E-17
8809.43177097242  1.989804E-17
8810.97150879304  1.776403E-17
8812.51124661367  1.819932E-17
8814.05098443429  1.801383E-17
8815.59072225492  1.915614E-17
8817.13046007554  2.304056E-17
8818.67019789617  2.213010E-17
8820.20993571679  1.916098E-17
8821.74967353742  2.705354E-17
8823.28941135804  3.066751E-17
8824.82914917867  2.270916E-17
8826.36888699929  1.562770E-17
8827.90862481992  2.132178E-17
8829.44836264054  2.320903E-17
8830.98810046117  2.099757E-17
8832.5278382818  1.738655E-17
8834.06757610242  2.902322E-17
8835.60731392305  2.447120E-17
8837.14705174367  1.864912E-17
8838.6867895643  2.464552E-17
8840.22652738492  2.153386E-17
8841.76626520555  1.614463E-17
8843.30600302617  1.951082E-17
8844.8457408468  2.776974E-17
8846.38547866742  2.519183E-17
8847.92521648805  2.559491E-17
8849.46495430868  2.296621E-17
8851.0046921293  1.778460E-17
8852.54442994993  2.298707E-17
8854.08416777055  2.598017E-17
8855.62390559118  2.307238E-17
8857.1636434118  2.372700E-17
8858.70338123243  2.507854E-17
8860.24311905305  1.776744E-17
8861.78285687368  1.979376E-17
8863.3225946943  2.295614E-17
8864.86233251493  2.720385E-17
8866.40207033555  2.144487E-17
8867.94180815618  1.761795E-17
8869.4815459768  2.518499E-17
8871.02128379743  2.332995E-17
8872.56102161805  2.282726E-17
8874.10075943868  2.365089E-17
8875.64049725931  2.374058E-17
8877.18023507993  2.133258E-17
8878.71997290056  2.161248E-17
8880.25971072118  2.801459E-17
8881.79944854181  2.690631E-17
8883.33918636243  2.266635E-17
8884.87892418306  9.594908E-18
8886.41866200368  1.924560E-17
8887.95839982431  1.914414E-17
8889.49813764493  2.256667E-17
8891.03787546556  2.126021E-17
8892.57761328618  2.300474E-17
8894.11735110681  2.270250E-17
8895.65708892743  2.154685E-17
8897.19682674806  2.232683E-17
8898.73656456868  2.779337E-17
8900.27630238931  3.013648E-17
8901.81604020994  2.616700E-17
8903.35577803056  2.204499E-17
8904.89551585119  2.541850E-17
8906.43525367181  2.692338E-17
8907.97499149243  2.129844E-17
8909.51472931306  2.197478E-17
8911.05446713369  2.668825E-17
8912.59420495431  2.465686E-17
8914.13394277494  1.853878E-17
8915.67368059556  2.412889E-17
8917.21341841619  2.405362E-17
8918.75315623681  2.031656E-17
8920.29289405744  2.474647E-17
8921.83263187807  2.395996E-17
8923.37236969869  1.556153E-17
8924.91210751932  2.211759E-17
8926.45184533994  2.181127E-17
8927.99158316057  1.713550E-17
8929.53132098119  1.866637E-17
8931.07105880182  2.129647E-17
8932.61079662244  2.142104E-17
8934.15053444307  2.364892E-17
8935.69027226369  2.245673E-17
8937.23001008432  2.188157E-17
8938.76974790494  2.330481E-17
8940.30948572557  1.680841E-17
8941.84922354619  2.162978E-17
8943.38896136682  1.870201E-17
8944.92869918744  9.812355E-18
8946.46843700807  1.534687E-17
8948.0081748287  1.693593E-17
8949.54791264932  1.828973E-17
8951.08765046994  2.073317E-17
8952.62738829057  1.916735E-17
8954.16712611119  2.184940E-17
8955.70686393182  2.696715E-17
8957.24660175245  2.325582E-17
8958.78633957307  1.855718E-17
8960.3260773937  1.637535E-17
8961.86581521432  1.126915E-17
8963.40555303495  1.131112E-17
8964.94529085557  1.541128E-17
8966.4850286762  1.635532E-17
8968.02476649682  1.534100E-17
8969.56450431745  1.691676E-17
8971.10424213807  1.748695E-17
8972.6439799587  1.649992E-17
8974.18371777932  1.532576E-17
8975.72345559995  1.557457E-17
8977.26319342058  1.853312E-17
8978.8029312412  1.899695E-17
8980.34266906183  1.903691E-17
8981.88240688245  1.978869E-17
8983.42214470308  2.203468E-17
8984.9618825237  2.227791E-17
8986.50162034433  1.660313E-17
8988.04135816495  1.369968E-17
8989.58109598558  1.086146E-17
8991.1208338062  7.749447E-18
8992.66057162683  1.366621E-17
8994.20030944745  2.038261E-17
8995.74004726808  2.062915E-17
8997.2797850887  1.596390E-17
8998.81952290933  1.187346E-17
9000.35926072995  8.303334E-18
9001.89899855058  6.772655E-18
9003.43873637121  1.199618E-17
9004.97847419183  1.503166E-17
9006.51821201246  1.431162E-17
9008.05794983308  1.471514E-17
9009.59768765371  1.565414E-17
9011.13742547433  1.958161E-17
9012.67716329496  2.040439E-17
9014.21690111558  1.533740E-17
9015.75663893621  1.667119E-17
9017.29637675683  1.798526E-17
9018.83611457746  1.395698E-17
9020.37585239808  9.245908E-18
9021.91559021871  1.494732E-17
9023.45532803933  1.593604E-17
9024.99506585996  1.516743E-17
9026.53480368059  1.526705E-17
9028.07454150121  1.959464E-17
9029.61427932184  1.944395E-17
9031.15401714246  1.947224E-17
9032.69375496309  2.094319E-17
9034.23349278371  2.540086E-17
9035.77323060434  2.904320E-17
9037.31296842496  2.177338E-17
9038.85270624559  1.338130E-17
9040.39244406621  1.526849E-17
9041.93218188684  1.645465E-17
9043.47191970746  1.872958E-17
9045.01165752809  2.040195E-17
9046.55139534871  2.304077E-17
9048.09113316934  2.096354E-17
9049.63087098996  1.992455E-17
9051.17060881059  2.142787E-17
9052.71034663121  2.354537E-17
9054.25008445184  2.094131E-17
9055.78982227247  1.861439E-17
9057.32956009309  1.928873E-17
9058.86929791372  2.037108E-17
9060.40903573434  2.052255E-17
9061.94877355497  1.835461E-17
9063.48851137559  1.900112E-17
9065.02824919622  1.808059E-17
9066.56798701684  1.711290E-17
9068.10772483747  1.832723E-17
9069.64746265809  1.996415E-17
9071.18720047872  1.418497E-17
9072.72693829934  1.293693E-17
9074.26667611997  1.570324E-17
9075.80641394059  1.315134E-17
9077.34615176122  1.362553E-17
9078.88588958185  1.576953E-17
9080.42562740247  1.545613E-17
9081.9653652231  1.516069E-17
9083.50510304372  1.801059E-17
9085.04484086435  1.727457E-17
9086.58457868497  1.501430E-17
9088.1243165056  1.707227E-17
9089.66405432622  1.545059E-17
9091.20379214685  1.330596E-17
9092.74352996747  1.693946E-17
9094.2832677881  1.737296E-17
9095.82300560872  1.913137E-17
9097.36274342935  1.996223E-17
9098.90248124997  1.928443E-17
9100.4422190706  1.602039E-17
9101.98195689123  1.627669E-17
9103.52169471185  1.510433E-17
9105.06143253248  1.085028E-17
9106.6011703531  1.536020E-17
9108.14090817373  1.474534E-17
9109.68064599435  1.997518E-17
9111.22038381498  1.421761E-17
9112.7601216356  1.573004E-17
9114.29985945623  2.201777E-17
9115.83959727685  1.912426E-17
9117.37933509748  1.532587E-17
9118.9190729181  1.190629E-17
9120.45881073873  1.438260E-17
9121.99854855936  1.646026E-17
9123.53828637998  1.563647E-17
9125.07802420061  1.597314E-17
9126.61776202123  2.286949E-17
9128.15749984186  1.933471E-17
9129.69723766248  1.126319E-17
9131.23697548311  8.107106E-18
9132.77671330373  1.453331E-17
9134.31645112436  1.336626E-17
9135.85618894498  1.420487E-17
9137.39592676561  2.100379E-17
9138.93566458623  1.943265E-17
9140.47540240686  1.727274E-17
9142.01514022748  1.939446E-17
9143.55487804811  2.019624E-17
9145.09461586873  1.931179E-17
9146.63435368936  1.857807E-17
9148.17409150998  1.740648E-17
9149.71382933061  1.918266E-17
9151.25356715124  1.661973E-17
9152.79330497186  1.300502E-17
9154.33304279249  1.257197E-17
9155.87278061311  1.559872E-17
9157.41251843374  1.326646E-17
9158.95225625436  1.498429E-17
9160.49199407499  2.401409E-17
9162.03173189561  2.300044E-17
9163.57146971624  1.754392E-17
9165.11120753686  2.036166E-17
9166.65094535749  1.787796E-17
9168.19068317812  1.650049E-17
9169.73042099874  1.660976E-17
9171.27015881937  1.385747E-17
9172.80989663999  1.444282E-17
9174.34963446062  1.160096E-17
9175.88937228124  1.137654E-17
9177.42911010187  1.390936E-17
9178.96884792249  1.825498E-17
9180.50858574312  1.982174E-17
9182.04832356374  1.940223E-17
9183.58806138437  1.766770E-17
9185.12779920499  1.540801E-17
9186.66753702562  1.959373E-17
9188.20727484624  1.795079E-17
9189.74701266687  1.958137E-17
9191.28675048749  1.752016E-17
9192.82648830812  1.777008E-17
9194.36622612875  1.900241E-17
9195.90596394937  1.597830E-17
9197.44570177  1.515421E-17
9198.98543959062  1.951374E-17
9200.52517741125  1.840957E-17
9202.06491523187  1.795863E-17
9203.6046530525  2.165797E-17
9205.14439087312  2.023572E-17
9206.68412869375  2.091620E-17
9208.22386651437  1.933874E-17
9209.763604335  1.521446E-17
9211.30334215562  1.954327E-17
9212.84307997625  1.763219E-17
9214.38281779688  1.703311E-17
9215.9225556175  1.860195E-17
9217.46229343812  1.549312E-17
9219.00203125875  1.424668E-17
9220.54176907938  1.381800E-17
9222.0815069  2.142672E-17
9223.62124472063  2.367383E-17
9225.16098254125  2.060225E-17
9226.70072036188  1.906448E-17
9228.2404581825  1.753166E-17
9229.78019600313  2.110781E-17
9231.31993382375  2.090801E-17
9232.85967164438  2.198084E-17
9234.399409465  1.959375E-17
9235.93914728563  1.655925E-17
9237.47888510625  1.675166E-17
9239.01862292688  1.593164E-17
9240.5583607475  1.460477E-17
9242.09809856813  1.856967E-17
9243.63783638875  1.772737E-17
9245.17757420938  2.056551E-17
9246.71731203  2.064102E-17
9248.25704985063  2.114235E-17
9249.79678767125  2.271349E-17
9251.33652549188  1.982425E-17
9252.87626331251  1.392835E-17
9254.41600113313  1.901197E-17
9255.95573895376  2.148304E-17
9257.49547677438  1.926038E-17
9259.03521459501  2.138573E-17
9260.57495241563  1.730184E-17
9262.11469023626  1.801826E-17
9263.65442805688  1.914404E-17
9265.19416587751  1.996435E-17
9266.73390369814  1.623066E-17
9268.27364151876  1.698959E-17
9269.81337933939  1.689583E-17
9271.35311716001  1.705459E-17
9272.89285498063  1.784757E-17
9274.43259280126  1.640639E-17
9275.97233062189  1.737641E-17
9277.51206844251  1.798607E-17
9279.05180626314  1.331029E-17
9280.59154408376  1.397373E-17
9282.13128190439  1.749418E-17
9283.67101972501  1.445777E-17
9285.21075754564  1.301340E-17
9286.75049536626  1.391810E-17
9288.29023318689  1.637555E-17
9289.82997100751  1.711199E-17
9291.36970882814  1.554766E-17
9292.90944664876  1.329582E-17
9294.44918446939  9.116019E-18
9295.98892229002  1.077174E-17
9297.52866011064  1.191797E-17
9299.06839793127  1.001460E-17
9300.60813575189  1.285842E-17
9302.14787357252  1.713870E-17
9303.68761139314  1.874593E-17
9305.22734921377  8.843572E-18
9306.76708703439  8.287781E-18
9308.30682485502  1.439978E-17
9309.84656267564  9.561660E-18
9311.38630049627  1.044035E-17
9312.92603831689  9.329064E-18
9314.46577613752  6.015205E-18
9316.00551395814  7.782575E-20
9317.54525177877  -8.083854E-19
9319.08498959939  8.191853E-18
9320.62472742002  1.431144E-17
9322.16446524065  7.252084E-18
9323.70420306127  4.813573E-18
9325.2439408819  1.299424E-17
9326.78367870252  1.007027E-17
9328.32341652315  6.572590E-18
9329.86315434377  4.172991E-18
9331.4028921644  8.482500E-18
9332.94262998502  8.564450E-18
9334.48236780565  5.312100E-18
9336.02210562627  5.326746E-18
9337.5618434469  9.345591E-18
9339.10158126752  7.987370E-18
9340.64131908815  6.404270E-18
9342.18105690878  5.295864E-18
9343.7207947294  3.940992E-18
9345.26053255003  4.652899E-18
9346.80027037065  6.802155E-18
9348.34000819128  4.936764E-18
9349.8797460119  8.737017E-18
9351.41948383253  1.181996E-17
9352.95922165315  1.052496E-17
9354.49895947378  8.792171E-18
9356.0386972944  5.693578E-18
9357.57843511503  3.527206E-18
9359.11817293565  2.770498E-18
9360.65791075628  9.305113E-18
9362.1976485769  1.351329E-17
9363.73738639753  1.020510E-17
9365.27712421815  7.583671E-18
9366.81686203878  4.580446E-18
9368.35659985941  3.046940E-18
9369.89633768003  4.463039E-18
9371.43607550065  4.950075E-18
9372.97581332128  -1.506796E-18
9374.51555114191  2.633290E-18
9376.05528896253  1.195687E-17
9377.59502678316  8.701268E-18
9379.13476460378  1.276929E-17
9380.67450242441  2.019926E-19
9382.21424024503  3.601936E-18
9383.75397806566  1.345841E-17
9385.29371588628  1.259788E-17
9386.83345370691  1.488320E-17
9388.37319152753  1.377445E-17
9389.91292934816  1.309297E-17
9391.45266716878  1.825202E-17
9392.99240498941  1.924201E-17
9394.53214281003  1.798120E-17
9396.07188063066  1.753798E-17
9397.61161845129  1.264890E-17
9399.15135627191  7.670342E-18
9400.69109409254  1.013635E-17
9402.23083191316  1.397223E-17
9403.77056973379  5.447697E-18
9405.31030755441  3.612967E-18
9406.85004537504  6.264446E-18
9408.38978319566  1.040763E-17
9409.92952101629  7.410942E-18
9411.46925883691  6.777699E-18
9413.00899665754  9.783295E-18
9414.54873447816  1.608816E-17
9416.08847229879  1.831543E-17
9417.62821011941  7.560114E-18
9419.16794794004  1.591294E-17
9420.70768576066  1.083002E-17
9422.24742358129  6.620142E-18
9423.78716140192  1.227210E-17
9425.32689922254  1.182872E-17
9426.86663704317  7.875371E-18
9428.40637486379  3.531658E-18
9429.94611268442  2.667211E-18
9431.48585050504  1.118193E-17
9433.02558832567  1.108833E-17
9434.56532614629  9.829274E-18
9436.10506396692  1.782332E-17
9437.64480178754  1.798592E-17
9439.18453960817  8.198662E-18
9440.72427742879  -1.343200E-18
9442.26401524942  9.261357E-19
9443.80375307005  3.356161E-18
9445.34349089067  1.171745E-17
9446.8832287113  1.193354E-17
9448.42296653192  1.507953E-17
9449.96270435255  1.822873E-17
9451.50244217317  1.314660E-17
9453.0421799938  1.387913E-17
9454.58191781442  1.280967E-17
9456.12165563505  5.482573E-19
9457.66139345567  7.763323E-18
9459.2011312763  9.236734E-18
9460.74086909692  2.231354E-17
9462.28060691755  1.425738E-17
9463.82034473817  1.347182E-17
9465.3600825588  1.318053E-17
9466.89982037942  1.000984E-17
9468.43955820005  5.368666E-18
9469.97929602067  6.576490E-18
9471.5190338413  1.436637E-17
9473.05877166192  2.180077E-17
9474.59850948255  1.262331E-17
9476.13824730318  6.796532E-18
9477.6779851238  1.033269E-17
9479.21772294443  5.820596E-19
9480.75746076505  7.734542E-18
9482.29719858568  6.648192E-18
9483.8369364063  8.253849E-18
9485.37667422693  1.455236E-17
9486.91641204755  1.585549E-17
9488.45614986818  1.756560E-17
9489.9958876888  1.453902E-17
9491.53562550943  1.217800E-17
9493.07536333005  9.198774E-18
9494.61510115068  9.001260E-18
9496.1548389713  6.780159E-18
9497.69457679193  1.211069E-17
9499.23431461256  7.997345E-18
9500.77405243318  8.687365E-18
9502.31379025381  6.844111E-18
9503.85352807443  1.371148E-17
9505.39326589506  1.334645E-17
9506.93300371568  9.185866E-18
9508.47274153631  1.199069E-17
9510.01247935693  1.521858E-17
9511.55221717756  1.730918E-17
9513.09195499819  1.383506E-17
9514.63169281881  1.136655E-17
9516.17143063944  1.070883E-17
9517.71116846006  4.026274E-18
9519.25090628069  8.973248E-19
9520.79064410131  3.733737E-18
9522.33038192194  6.425551E-18
9523.87011974256  5.663591E-18
9525.40985756319  5.418231E-18
9526.94959538381  3.529119E-18
9528.48933320444  1.096242E-17
9530.02907102506  8.757373E-18
9531.56880884569  1.457782E-17
9533.10854666632  1.987234E-17
9534.64828448694  1.474420E-17
9536.18802230757  9.709692E-18
9537.72776012819  1.347178E-17
9539.26749794882  1.351557E-17
9540.80723576944  1.467064E-17
9542.34697359007  8.709992E-18
9543.88671141069  9.068768E-18
9545.42644923132  8.367556E-18
9546.96618705194  8.602807E-18
9548.50592487257  7.211911E-18
9550.04566269319  1.876750E-17
9551.58540051382  1.478793E-17
9553.12513833444  6.461298E-18
9554.66487615507  1.181825E-18
9556.20461397569  3.771815E-18
9557.74435179632  5.608790E-18
9559.28408961694  1.024980E-17
9560.82382743757  1.241107E-17
9562.3635652582  8.770418E-18
9563.90330307882  1.840313E-17
9565.44304089944  1.052162E-17
9566.98277872007  4.843057E-18
9568.52251654069  1.772745E-17
9570.06225436132  1.651225E-17
9571.60199218195  1.585877E-17
9573.14173000257  1.589999E-17
9574.6814678232  1.186378E-17
9576.22120564382  1.015568E-17
9577.76094346445  8.757640E-18
9579.30068128507  8.528655E-18
9580.8404191057  6.301013E-18
9582.38015692632  8.348624E-18
9583.91989474695  1.165094E-17
9585.45963256757  1.422234E-17
9586.9993703882  1.167788E-17
9588.53910820883  6.607904E-18
9590.07884602945  8.114168E-18
9591.61858385008  1.130072E-17
9593.1583216707  4.547450E-18
9594.69805949133  6.573974E-18
9596.23779731195  9.887996E-18
9597.77753513258  7.336563E-18
9599.3172729532  6.254818E-18
9600.85701077383  1.093806E-17
9602.39674859445  1.164752E-17
9603.93648641508  1.648148E-17
9605.4762242357  1.094550E-17
9607.01596205633  1.231760E-17
9608.55569987695  8.881716E-18
9610.09543769758  6.012275E-18
9611.6351755182  1.718055E-17
9613.17491333883  1.516349E-17
9614.71465115946  1.814311E-17
9616.25438898008  1.869122E-17
9617.79412680071  1.376685E-17
9619.33386462133  1.315084E-17
9620.87360244196  8.256577E-18
9622.41334026258  1.141425E-17
9623.95307808321  8.643529E-18
9625.49281590383  6.547321E-18
9627.03255372446  9.373222E-18
9628.57229154508  8.808370E-18
9630.11202936571  1.156882E-17
9631.65176718633  1.722942E-17
9633.19150500696  1.713273E-17
9634.73124282758  1.620384E-17
9636.27098064821  1.252702E-17
9637.81071846883  1.142651E-17
9639.35045628946  1.242192E-17
9640.89019411009  1.494799E-17
9642.42993193071  1.691065E-17
9643.96966975134  1.388708E-17
9645.50940757196  8.407708E-18
9647.04914539259  1.035592E-17
9648.58888321321  1.753966E-17
9650.12862103384  1.580502E-17
9651.66835885446  1.836862E-17
9653.20809667509  1.868023E-17
9654.74783449571  1.900525E-17
9656.28757231634  1.938406E-17
9657.82731013696  1.594797E-17
9659.36704795759  1.357521E-17
9660.90678577821  8.784379E-18
9662.44652359884  6.011244E-18
9663.98626141946  5.606444E-18
9665.52599924009  9.248808E-18
9667.06573706071  9.061430E-18
9668.60547488134  1.168706E-17
9670.14521270197  1.353974E-17
9671.68495052259  1.829157E-17
9673.22468834322  2.437006E-17
9674.76442616384  2.206139E-17
9676.30416398447  2.412007E-17
9677.84390180509  2.898796E-17
9679.38363962572  2.494368E-17
9680.92337744634  7.372748E-18
9682.46311526697  1.264748E-17
9684.00285308759  1.998479E-17
9685.54259090822  1.346142E-17
9687.08232872885  1.532746E-17
9688.62206654947  1.611105E-17
9690.1618043701  1.911621E-17
9691.70154219072  1.807277E-17
9693.24128001135  1.892555E-17
9694.78101783197  1.985414E-17
9696.3207556526  2.406185E-17
9697.86049347322  2.650856E-17
9699.40023129385  1.718174E-17
9700.93996911447  2.250756E-17
9702.4797069351  2.855581E-17
9704.01944475572  1.174951E-17
9705.55918257635  1.541835E-17
9707.09892039697  2.169793E-17
9708.6386582176  2.215200E-17
9710.17839603822  2.121529E-17
9711.71813385885  1.375752E-17
9713.25787167947  1.974354E-17
9714.7976095001  2.673751E-17
9716.33734732073  2.581743E-17
9717.87708514135  1.978100E-17
9719.41682296198  1.731817E-17
9720.9565607826  2.173306E-17
9722.49629860323  2.966090E-17
9724.03603642385  2.215312E-17
9725.57577424448  2.167178E-17
9727.1155120651  2.530537E-17
9728.65524988573  2.086130E-17
9730.19498770635  1.880306E-17
9731.73472552698  2.364160E-17
9733.2744633476  2.073031E-17
9734.81420116823  1.672058E-17
9736.35393898885  1.510195E-17
9737.89367680948  2.533265E-17
9739.4334146301  1.240090E-17
9740.97315245073  1.555576E-17
9742.51289027136  2.659008E-17
9744.05262809198  2.470380E-17
9745.59236591261  2.464920E-17
9747.13210373323  1.226438E-17
9748.67184155386  8.999751E-18
9750.21157937448  1.566369E-17
9751.75131719511  1.905781E-17
9753.29105501573  1.857713E-17
9754.83079283636  1.943675E-17
9756.37053065698  1.309646E-17
9757.91026847761  1.467988E-17
9759.45000629823  1.503698E-17
9760.98974411886  1.301674E-17
9762.52948193949  1.756163E-17
9764.06921976011  1.562871E-17
9765.60895758074  1.844358E-17
9767.14869540136  1.905797E-17
9768.68843322199  1.140393E-17
9770.22817104261  1.669449E-17
9771.76790886324  2.283742E-17
9773.30764668386  1.900350E-17
9774.84738450449  2.003027E-17
9776.38712232511  1.630484E-17
9777.92686014574  1.557848E-17
9779.46659796636  1.500935E-17
9781.00633578699  1.971129E-17
9782.54607360761  1.767520E-17
9784.08581142824  1.806308E-17
9785.62554924886  1.942320E-17
9787.16528706949  1.184769E-17
9788.70502489012  1.212414E-17
9790.24476271074  1.545531E-17
9791.78450053136  1.586565E-17
9793.32423835199  1.789543E-17
9794.86397617262  2.104253E-17
9796.40371399324  2.140526E-17
9797.94345181387  1.970827E-17
9799.48318963449  1.111573E-17
9801.02292745512  1.352607E-17
9802.56266527574  1.785447E-17
9804.10240309637  1.603081E-17
9805.64214091699  2.397812E-17
9807.18187873762  1.924672E-17
9808.72161655824  2.090357E-17
9810.26135437887  2.248642E-17
9811.80109219949  1.397556E-17
9813.34083002012  2.375510E-17
9814.88056784074  2.034818E-17
9816.42030566137  1.049659E-17
9817.960043482  1.961347E-17
9819.49978130262  1.807057E-17
9821.03951912325  1.484099E-17
9822.57925694387  1.837983E-17
9824.1189947645  2.277546E-17
9825.65873258512  1.868061E-17
9827.19847040575  1.388749E-17
9828.73820822637  2.230902E-17
9830.277946047  2.124957E-17
9831.81768386762  1.801323E-17
9833.35742168825  1.970174E-17
9834.89715950887  2.272481E-17
9836.4368973295  1.584704E-17
9837.97663515012  1.557090E-17
9839.51637297075  2.239070E-17
9841.05611079137  2.628453E-17
9842.595848612  1.652657E-17
9844.13558643263  2.378298E-17
9845.67532425325  1.084989E-17
9847.21506207388  1.267799E-17
9848.7547998945  1.790029E-17
9850.29453771513  1.845922E-17
9851.83427553575  2.012584E-17
9853.37401335638  1.364935E-17
9854.913751177  1.585773E-17
9856.45348899763  1.595544E-17
9857.99322681825  2.147093E-17
9859.53296463888  1.944897E-17
9861.0727024595  1.855948E-17
9862.61244028013  2.296725E-17
9864.15217810076  2.082766E-17
9865.69191592138  1.807241E-17
9867.23165374201  1.737704E-17
9868.77139156263  2.899661E-17
9870.31112938326  3.680361E-17
9871.85086720388  9.475896E-18
9873.39060502451  2.368234E-17
9874.93034284513  2.059458E-17
9876.47008066576  2.605876E-17
9878.00981848638  2.309399E-17
9879.54955630701  1.945514E-17
9881.08929412763  1.530228E-17
9882.62903194826  2.667791E-17
9884.16876976888  2.114859E-17
9885.70850758951  2.435569E-17
9887.24824541013  1.969133E-17
9888.78798323076  1.531226E-17
9890.32772105138  1.712407E-17
9891.86745887201  1.457880E-17
9893.40719669264  2.288205E-17
9894.94693451326  2.596766E-17
9896.48667233389  1.821158E-17
9898.02641015451  2.195128E-17
9899.56614797514  1.847318E-17
9901.10588579576  1.800563E-17
9902.64562361639  1.839574E-17
9904.18536143701  1.573897E-17
9905.72509925764  2.040226E-17
9907.26483707826  2.031794E-17
9908.80457489889  1.939418E-17
9910.34431271952  1.409991E-17
9911.88405054014  1.130153E-17
9913.42378836077  2.522514E-17
9914.96352618139  2.829990E-17
9916.50326400202  2.361219E-17
9918.04300182264  2.347992E-17
9919.58273964327  1.866108E-17
9921.12247746389  2.039568E-17
9922.66221528452  1.776422E-17
9924.20195310514  1.961915E-17
9925.74169092577  2.755004E-17
9927.28142874639  2.177724E-17
9928.82116656702  1.728167E-17
9930.36090438764  1.638481E-17
9931.90064220827  1.494659E-17
9933.4403800289  1.294122E-17
9934.98011784952  1.539915E-17
9936.51985567015  2.777287E-17
9938.05959349077  2.423570E-17
9939.5993313114  1.768175E-18
9941.13906913202  -2.612464E-18
9942.67880695265  1.997555E-17
9944.21854477327  3.798046E-17
9945.7582825939  1.273526E-17
9947.29802041452  1.345889E-17
9948.83775823515  2.296394E-17
9950.37749605577  1.753081E-17
9951.9172338764  5.867635E-18
9953.45697169703  2.212930E-17
9954.99670951765  3.261939E-17
9956.53644733828  3.481421E-17
9958.0761851589  2.901745E-17
9959.61592297953  1.889152E-17
9961.15566080015  1.533536E-17
9962.69539862078  1.541033E-17
9964.2351364414  1.350370E-17
9965.77487426203  6.957340E-18
9967.31461208265  3.913113E-18
9968.85434990328  1.120983E-17
9970.3940877239  2.103243E-17
9971.93382554453  6.922360E-18
9973.47356336515  1.433286E-17
9975.01330118578  2.455225E-17
9976.5530390064  2.075642E-17
9978.09277682703  2.451712E-17
9979.63251464765  2.276895E-17
9981.17225246828  1.796814E-17
9982.71199028891  1.491218E-17
9984.25172810953  2.487468E-17
9985.79146593015  1.951387E-17
9987.33120375078  1.517771E-17
9988.87094157141  1.539181E-17
9990.41067939203  1.929102E-17
9991.95041721266  1.999412E-17
9993.49015503328  1.628759E-17
9995.02989285391  1.291069E-17
9996.56963067453  2.259824E-17
9998.10936849516  2.152598E-17
9999.64910631578  2.368093E-17
10001.1888441364  1.440669E-17
10002.728581957  1.003618E-17
10004.2683197777  1.834444E-17
10005.8080575983  1.352574E-17
10007.3477954189  8.436010E-18
10008.8875332395  1.439131E-17
10010.4272710602  3.801343E-17
10011.9670088808  3.387798E-17
10013.5067467014  2.249907E-17
10015.046484522  2.082826E-17
10016.5862223427  2.020036E-17
10018.1259601633  1.738632E-17
10019.6656979839  1.327837E-17
10021.2054358045  1.824716E-17
10022.7451736252  1.091788E-17
10024.2849114458  1.043634E-17
10025.8246492664  1.198584E-17
10027.364387087  1.980153E-17
10028.9041249077  1.959598E-17
10030.4438627283  2.151641E-17
10031.9836005489  1.809873E-17
10033.5233383695  1.512117E-17
10035.0630761902  2.356427E-17
10036.6028140108  2.008141E-17
10038.1425518314  1.526926E-17
10039.682289652  2.161856E-17
10041.2220274727  1.473607E-17
10042.7617652933  6.915937E-18
10044.3015031139  4.769128E-18
10045.8412409345  1.059710E-17
10047.3809787552  1.281963E-17
10048.9207165758  1.044976E-17
10050.4604543964  1.198088E-17
10052.000192217  1.602113E-17
10053.5399300377  1.482659E-17
10055.0796678583  1.337720E-17
10056.6194056789  2.801623E-17
10058.1591434995  1.984237E-17
10059.6988813202  1.209056E-17
10061.2386191408  1.083280E-17
10062.7783569614  -8.929247E-19
10064.318094782  2.755851E-18
10065.8578326027  6.840650E-18
10067.3975704233  8.813696E-18
10068.9373082439  2.268958E-17
10070.4770460645  1.654939E-17
10072.0167838852  -7.463679E-19
10073.5565217058  1.109821E-18
10075.0962595264  1.153064E-17
10076.635997347  2.270341E-17
10078.1757351677  1.917152E-17
10079.7154729883  2.236437E-17
10081.2552108089  3.225587E-17
10082.7949486296  1.895228E-17
10084.3346864502  1.076176E-17
10085.8744242708  2.347817E-17
10087.4141620914  2.361185E-17
10088.953899912  1.742841E-17
10090.4936377327  1.567408E-17
10092.0333755533  1.500116E-17
10093.5731133739  1.569925E-17
10095.1128511946  8.949712E-18
10096.6525890152  1.448845E-17
10098.1923268358  1.508996E-17
10099.7320646564  6.933839E-18
10101.2718024771  1.730681E-17
10102.8115402977  2.974165E-17
10104.3512781183  3.116173E-17
10105.8910159389  1.164434E-17
10107.4307537596  3.795933E-18
10108.9704915802  9.773318E-18
10110.5102294008  1.233432E-17
10112.0499672214  1.146273E-17
10113.5897050421  7.626558E-18
10115.1294428627  1.516802E-17
10116.6691806833  1.032608E-17
10118.2089185039  9.969805E-18
10119.7486563246  8.862776E-18
10121.2883941452  1.754720E-17
10122.8281319658  2.155822E-17
10124.3678697864  -1.096957E-18
10125.9076076071  2.386404E-18
10127.4473454277  1.339228E-17
10128.9870832483  2.135306E-17
10130.5268210689  1.501574E-17
10132.0665588896  1.427503E-17
10133.6062967102  1.264195E-17
10135.1460345308  9.598461E-18
10136.6857723514  1.334735E-17
10138.2255101721  1.635677E-17
10139.7652479927  1.607851E-17
10141.3049858133  1.267007E-17
10142.8447236339  1.346025E-17
10144.3844614546  9.271243E-18
10145.9241992752  1.870323E-18
10147.4639370958  6.284214E-18
10149.0036749164  1.619063E-17
10150.5434127371  2.146024E-17
10152.0831505577  9.241140E-18
10153.6228883783  -3.216887E-18
10155.1626261989  1.513177E-18
10156.7023640196  1.447937E-17
10158.2421018402  9.793904E-18
10159.7818396608  5.207872E-18
10161.3215774814  7.018842E-18
10162.8613153021  9.660633E-18
10164.4010531227  1.249053E-17
10165.9407909433  1.107114E-17
10167.4805287639  9.975318E-18
10169.0202665846  7.050155E-18
10170.5600044052  9.506025E-18
10172.0997422258  2.207033E-17
10173.6394800464  7.866436E-18
10175.1792178671  1.861132E-17
10176.7189556877  7.147850E-18
10178.2586935083  7.514758E-18
10179.7984313289  1.385523E-17
10181.3381691496  1.315818E-17
10182.8779069702  2.203033E-17
10184.4176447908  2.046771E-17
10185.9573826114  4.107403E-18
10187.4971204321  1.006730E-17
10189.0368582527  1.764137E-17
10190.5765960733  9.500187E-18
10192.1163338939  1.938157E-17
10193.6560717146  1.067014E-17
10195.1958095352  -3.091577E-18
10196.7355473558  4.081953E-18
10198.2752851764  1.354736E-17
10199.8150229971  5.305483E-18
10201.3547608177  3.409658E-18
10202.8944986383  8.378153E-18
10204.4342364589  5.200910E-18
10205.9739742796  1.777266E-17
10207.5137121002  1.977499E-17
10209.0534499208  2.944528E-17
10210.5931877414  2.040467E-17
10212.1329255621  1.998513E-17
10213.6726633827  9.095819E-18
10215.2124012033  3.167926E-19
10216.752139024  4.925298E-18
10218.2918768446  1.955863E-17
10219.8316146652  1.526334E-17
10221.3713524858  1.166445E-17
10222.9110903065  1.158069E-17
10224.4508281271  1.966125E-17
10225.9905659477  8.792841E-18
10227.5303037683  6.353758E-18
10229.070041589  2.112318E-17
10230.6097794096  1.757085E-17
10232.1495172302  6.257506E-18
10233.6892550508  9.137985E-18
10235.2289928715  1.793870E-18
10236.7687306921  3.256733E-18
10238.3084685127  1.206356E-17
10239.8482063333  6.811626E-18
10241.387944154  1.360578E-17
10242.9276819746  8.956037E-18
10244.4674197952  1.450044E-18
10246.0071576158  3.179629E-18
10247.5468954365  1.534518E-18
10249.0866332571  3.456425E-18
10250.6263710777  3.414087E-18
10252.1661088983  7.489733E-18
10253.705846719  1.020483E-17
10255.2455845396  7.615465E-18
10256.7853223602  2.754448E-18
10258.3250601808  1.222084E-17
10259.8647980015  1.089310E-17
10261.4045358221  9.459445E-18
10262.9442736427  1.272914E-17
10264.4840114633  4.278291E-18
10266.023749284  9.909264E-18
10267.5634871046  5.064944E-18
10269.1032249252  4.396730E-18
10270.6429627458  9.008660E-18
10272.1827005665  1.276638E-17
10273.7224383871  1.260435E-17
10275.2621762077  2.103512E-18
10276.8019140283  5.665590E-18
10278.341651849  5.956159E-18
10279.8813896696  3.707020E-18
10281.4211274902  7.373944E-18
10282.9608653108  4.725774E-18
10284.5006031315  9.377653E-19
10286.0403409521  8.607311E-18
10287.5800787727  1.658188E-17
10289.1198165933  8.398272E-18
10290.659554414  7.575769E-18
10292.1992922346  2.756062E-20
10293.7390300552  9.654007E-18
10295.2787678758  1.041052E-17
10296.8185056965  2.048867E-18
10298.3582435171  -4.715662E-18
10299.8979813377  7.311813E-18
10301.4377191583  4.992404E-18
10302.977456979  7.567763E-18
10304.5171947996  -2.935187E-18
10306.0569326202  9.918686E-19
10307.5966704408  8.743146E-18
10309.1364082615  3.332648E-18
10310.6761460821  3.845052E-18
10312.2158839027  4.231106E-18
10313.7556217233  2.644458E-19
10315.295359544  4.616995E-18
