x f
3636.374 1.609834e-16
3637.820 1.722236e-16
3639.266 1.450497e-16
3640.712 1.667343e-16
3642.161 1.653525e-16
3643.610 1.644554e-16
3645.060 1.408823e-16
3646.511 1.920533e-16
3647.963 1.745338e-16
3649.415 1.597338e-16
3650.869 1.500603e-16
3652.324 1.532634e-16
3653.779 1.600577e-16
3655.236 1.713967e-16
3656.694 1.586938e-16
3658.152 1.588460e-16
3659.611 1.719266e-16
3661.072 1.690658e-16
3662.533 1.594645e-16
3663.995 1.654725e-16
3665.458 1.892182e-16
3666.921 1.537998e-16
3668.387 1.431369e-16
3669.853 1.578826e-16
3671.319 1.741731e-16
3672.787 1.458640e-16
3674.255 1.619926e-16
3675.725 1.679334e-16
3677.195 1.493508e-16
3678.667 1.589341e-16
3680.139 1.823581e-16
3681.613 1.558207e-16
3683.086 1.786805e-16
3684.562 1.567466e-16
3686.037 1.717307e-16
3687.514 1.561387e-16
3688.992 1.799168e-16
3690.471 1.785211e-16
3691.951 1.621559e-16
3693.430 1.830431e-16
3694.913 1.662946e-16
3696.395 1.738189e-16
3697.878 1.788220e-16
3699.363 1.625428e-16
3700.847 1.726929e-16
3702.334 1.659453e-16
3703.820 1.755265e-16
3705.308 1.624978e-16
3706.797 1.891584e-16
3708.287 1.596785e-16
3709.777 1.751318e-16
3711.269 1.627606e-16
3712.761 1.640342e-16
3714.255 1.732032e-16
3715.749 1.845962e-16
3717.244 1.646811e-16
3718.740 1.661764e-16
3720.237 1.758454e-16
3721.736 1.822073e-16
3723.233 1.745295e-16
3724.733 1.684676e-16
3726.234 1.820538e-16
3727.735 1.752341e-16
3729.238 1.573047e-16
3730.740 1.536694e-16
3732.245 1.662834e-16
3733.750 1.830590e-16
3735.256 1.813705e-16
3736.763 1.726473e-16
3738.271 1.731177e-16
3739.779 1.580528e-16
3741.283 1.460331e-16
3742.793 1.708716e-16
3744.295 1.687564e-16
3745.808 1.838910e-16
3747.321 1.555496e-16
3748.836 1.711864e-16
3750.351 1.850677e-16
3751.866 1.765086e-16
3753.397 1.625801e-16
3754.915 1.671739e-16
3756.433 1.862322e-16
3757.953 1.775997e-16
3759.473 1.808060e-16
3760.994 1.770860e-16
3762.516 1.576977e-16
3764.039 1.836626e-16
3765.563 1.744120e-16
3767.088 1.858797e-16
3768.613 1.753732e-16
3770.140 1.720231e-16
3771.667 1.937081e-16
3773.195 1.864474e-16
3774.724 1.770853e-16
3776.254 1.776107e-16
3777.785 1.858459e-16
3779.317 1.875187e-16
3780.850 1.749906e-16
3782.383 1.689272e-16
3783.918 1.738551e-16
3785.453 1.886307e-16
3786.988 1.675662e-16
3788.526 1.679148e-16
3790.064 1.817761e-16
3791.603 1.823882e-16
3793.142 1.845111e-16
3794.683 1.815266e-16
3796.224 1.793052e-16
3797.767 1.790539e-16
3799.314 1.826281e-16
3800.854 1.722484e-16
3802.399 1.712837e-16
3803.945 1.658352e-16
3805.491 1.582050e-16
3807.039 1.749552e-16
3808.587 1.614246e-16
3810.136 1.739993e-16
3811.687 1.692653e-16
3813.237 1.616257e-16
3814.790 1.673728e-16
3816.342 1.862493e-16
3817.895 1.740153e-16
3819.452 1.854084e-16
3821.006 1.761020e-16
3822.562 1.759757e-16
3824.119 1.843236e-16
3825.677 1.783817e-16
3827.235 1.850816e-16
3828.795 1.909809e-16
3830.356 1.763318e-16
3831.917 1.701567e-16
3833.479 1.719156e-16
3835.042 1.740175e-16
3836.604 1.677026e-16
3838.171 1.712163e-16
3839.736 1.769563e-16
3841.303 1.818205e-16
3842.871 1.640961e-16
3844.439 1.766318e-16
3846.008 1.825865e-16
3847.578 1.717651e-16
3849.149 1.805550e-16
3850.720 1.747266e-16
3852.293 1.715073e-16
3853.863 1.453183e-16
3855.440 1.797760e-16
3857.015 1.697457e-16
3858.591 1.787047e-16
3860.168 1.753168e-16
3861.746 1.859120e-16
3863.324 1.836930e-16
3864.904 1.768571e-16
3866.483 1.708036e-16
3868.065 1.898472e-16
3869.647 1.777108e-16
3871.229 1.722672e-16
3872.813 1.738220e-16
3874.397 1.828983e-16
3875.983 1.883356e-16
3877.568 1.804953e-16
3879.156 1.739313e-16
3880.743 1.739109e-16
3882.332 1.814407e-16
3883.921 1.737294e-16
3885.512 1.853866e-16
3887.103 1.847932e-16
3888.694 1.817511e-16
3890.288 1.941006e-16
3891.881 1.883769e-16
3893.476 1.893639e-16
3895.071 1.886225e-16
3896.667 1.914551e-16
3898.264 1.866242e-16
3899.862 1.894432e-16
3901.460 1.757170e-16
3903.060 1.824698e-16
3904.661 1.896911e-16
3906.262 1.829762e-16
3907.863 1.919418e-16
3909.466 1.946422e-16
3911.070 1.818545e-16
3912.675 1.854896e-16
3914.280 1.896022e-16
3915.886 1.845946e-16
3917.493 1.788509e-16
3919.101 1.842138e-16
3920.709 1.920761e-16
3922.319 1.888468e-16
3923.929 1.953499e-16
3925.541 1.975503e-16
3927.152 1.852308e-16
3928.768 1.878949e-16
3930.377 1.941671e-16
3931.993 1.854971e-16
3933.608 1.771449e-16
3935.222 1.810244e-16
3936.841 1.677691e-16
3938.455 1.796205e-16
3940.080 1.885330e-16
3941.697 1.901777e-16
3943.317 1.932015e-16
3944.938 1.929162e-16
3946.560 1.993746e-16
3948.182 2.043090e-16
3949.805 1.998076e-16
3951.430 1.996781e-16
3953.055 1.959674e-16
3954.681 1.891717e-16
3956.307 2.000081e-16
3957.935 1.902798e-16
3959.563 2.002216e-16
3961.193 1.960413e-16
3962.823 1.875770e-16
3964.453 1.919568e-16
3966.085 2.000504e-16
3967.717 1.930542e-16
3969.350 1.883933e-16
3970.985 1.840308e-16
3972.619 1.776337e-16
3974.255 2.023516e-16
3975.891 1.956896e-16
3977.529 1.903112e-16
3979.167 1.887892e-16
3980.806 2.015443e-16
3982.445 1.973522e-16
3984.084 2.038153e-16
3985.727 1.889177e-16
3987.369 1.911924e-16
3989.012 1.905181e-16
3990.655 1.956571e-16
3992.300 2.010197e-16
3993.945 2.004724e-16
3995.591 2.012489e-16
3997.238 1.990794e-16
3998.886 1.901011e-16
4000.535 1.835312e-16
4002.185 1.851907e-16
4003.834 1.884190e-16
4005.485 2.018593e-16
4007.136 1.878111e-16
4008.788 1.918482e-16
4010.442 1.909004e-16
4012.096 1.951252e-16
4013.751 2.020995e-16
4015.407 2.006738e-16
4017.063 1.825063e-16
4018.720 1.944262e-16
4020.377 1.866889e-16
4022.037 1.928119e-16
4023.697 1.929974e-16
4025.358 1.898631e-16
4027.019 1.888296e-16
4028.682 1.848930e-16
4030.343 1.873169e-16
4032.007 1.827117e-16
4033.672 1.956400e-16
4035.336 1.802745e-16
4037.003 1.851577e-16
4038.669 1.947702e-16
4040.337 1.893941e-16
4042.009 1.717865e-16
4043.674 1.907191e-16
4045.344 1.949355e-16
4047.014 1.919233e-16
4048.685 1.890441e-16
4050.358 1.888069e-16
4052.031 1.879072e-16
4053.705 1.898246e-16
4055.380 1.871962e-16
4057.055 1.816593e-16
4058.731 1.962631e-16
4060.408 1.913561e-16
4062.086 1.964214e-16
4063.764 1.893528e-16
4065.443 1.978563e-16
4067.128 2.027551e-16
4068.804 1.906811e-16
4070.485 1.929731e-16
4072.168 1.914118e-16
4073.851 2.002027e-16
4075.535 1.947467e-16
4077.220 1.891899e-16
4078.905 1.981024e-16
4080.591 1.939497e-16
4082.278 1.971005e-16
4083.966 1.971580e-16
4085.654 2.021838e-16
4087.344 1.948519e-16
4089.034 1.948635e-16
4090.725 1.978880e-16
4092.416 1.966227e-16
4094.108 1.961655e-16
4095.802 1.927035e-16
4097.496 2.040046e-16
4099.190 1.940050e-16
4100.885 2.037689e-16
4102.582 1.941696e-16
4104.279 1.930629e-16
4105.977 1.886435e-16
4107.675 1.936271e-16
4109.374 2.011331e-16
4111.075 2.079615e-16
4112.775 1.937051e-16
4114.477 1.987434e-16
4116.179 2.100866e-16
4117.882 2.044374e-16
4119.585 1.942639e-16
4121.291 1.970484e-16
4122.996 1.999350e-16
4124.703 2.039390e-16
4126.409 1.961027e-16
4128.116 2.103679e-16
4129.825 1.995419e-16
4131.534 2.058005e-16
4133.244 2.043158e-16
4134.954 2.042536e-16
4136.666 2.058759e-16
4138.378 2.005465e-16
4140.091 2.020247e-16
4141.804 1.975731e-16
4143.519 2.066659e-16
4145.234 2.040219e-16
4146.950 2.010359e-16
4148.666 1.885618e-16
4150.384 2.031599e-16
4152.102 1.979466e-16
4153.821 2.095863e-16
4155.541 1.918886e-16
4157.261 1.981317e-16
4158.982 2.040749e-16
4160.704 1.959872e-16
4162.426 2.015208e-16
4164.150 1.948330e-16
4165.875 1.980455e-16
4167.594 1.940188e-16
4169.324 1.964399e-16
4171.051 2.019852e-16
4172.778 2.085223e-16
4174.506 2.007878e-16
4176.235 2.071540e-16
4177.964 2.085760e-16
4179.694 1.996015e-16
4181.424 2.030784e-16
4183.156 2.030226e-16
4184.888 2.059654e-16
4186.622 2.043351e-16
4188.353 1.917403e-16
4190.090 2.083978e-16
4191.825 2.078994e-16
4193.561 1.989993e-16
4195.298 2.059459e-16
4197.035 2.030110e-16
4198.773 2.005264e-16
4200.512 2.049145e-16
4202.252 2.061412e-16
4203.992 2.098881e-16
4205.733 1.955110e-16
4207.475 1.987606e-16
4209.218 2.036185e-16
4210.961 2.025920e-16
4212.705 1.996748e-16
4214.450 2.011931e-16
4216.195 1.946957e-16
4217.941 1.992092e-16
4219.688 1.959250e-16
4221.436 2.052455e-16
4223.184 1.946879e-16
4224.934 2.018988e-16
4226.683 2.050446e-16
4228.434 2.053179e-16
4230.185 2.079919e-16
4231.937 2.027237e-16
4233.690 2.012493e-16
4235.444 2.042355e-16
4237.198 2.000006e-16
4238.952 2.061903e-16
4240.708 1.968375e-16
4242.465 2.019904e-16
4244.222 2.111968e-16
4245.980 2.103277e-16
4247.738 1.996963e-16
4249.497 1.994529e-16
4251.257 1.980086e-16
4253.018 2.024219e-16
4254.779 2.003332e-16
4256.542 1.961204e-16
4258.304 2.017352e-16
4260.068 2.029757e-16
4261.832 2.020433e-16
4263.597 1.953333e-16
4265.363 2.013474e-16
4267.129 2.065299e-16
4268.896 2.002452e-16
4270.664 2.022789e-16
4272.432 1.941058e-16
4274.202 2.025932e-16
4275.972 1.974573e-16
4277.743 1.952232e-16
4279.514 2.014318e-16
4281.286 1.996150e-16
4283.059 1.972419e-16
4284.832 1.971772e-16
4286.607 2.071555e-16
4288.382 1.985916e-16
4290.157 2.050379e-16
4291.934 2.019786e-16
4293.710 2.028468e-16
4295.488 2.007902e-16
4297.267 2.013327e-16
4299.046 2.041778e-16
4300.826 1.952708e-16
4302.607 2.021058e-16
4304.388 1.962291e-16
4306.169 1.998747e-16
4307.952 2.070693e-16
4309.735 2.069092e-16
4311.520 1.985139e-16
4313.304 1.971320e-16
4315.090 1.935359e-16
4316.876 2.010910e-16
4318.663 1.994255e-16
4320.450 1.909215e-16
4322.239 1.946974e-16
4324.028 1.914203e-16
4325.817 2.004471e-16
4327.608 1.949648e-16
4329.399 1.886921e-16
4331.190 1.948941e-16
4332.983 1.919346e-16
4334.776 1.974977e-16
4336.570 1.950781e-16
4338.365 1.972402e-16
4340.160 1.942979e-16
4341.955 1.917064e-16
4343.752 1.931878e-16
4345.549 1.945205e-16
4347.347 1.920664e-16
4349.146 1.954382e-16
4350.945 1.985930e-16
4352.745 1.862124e-16
4354.546 1.925152e-16
4356.348 1.991588e-16
4358.150 1.936831e-16
4359.949 1.919390e-16
4361.756 1.978619e-16
4363.560 1.861143e-16
4365.365 1.913224e-16
4367.171 1.929201e-16
4368.977 1.892148e-16
4370.784 1.891898e-16
4372.591 1.860734e-16
4374.400 1.871192e-16
4376.208 1.932246e-16
4378.018 1.940493e-16
4379.828 1.911383e-16
4381.639 1.945278e-16
4383.451 1.990341e-16
4385.263 1.886351e-16
4387.076 1.916763e-16
4388.890 1.855722e-16
4390.705 1.918104e-16
4392.520 1.903508e-16
4394.335 1.898780e-16
4396.152 1.924391e-16
4397.969 1.862803e-16
4399.787 1.896544e-16
4401.605 1.884229e-16
4403.424 1.902921e-16
4405.244 1.880687e-16
4407.064 1.824399e-16
4408.886 1.833809e-16
4410.707 1.891496e-16
4412.529 1.922791e-16
4414.353 1.918139e-16
4416.177 1.910334e-16
4418.001 1.891602e-16
4419.826 1.868449e-16
4421.652 1.889085e-16
4423.479 1.877821e-16
4425.306 1.903908e-16
4427.133 1.859904e-16
4428.962 1.897292e-16
4430.792 1.863531e-16
4432.621 1.901385e-16
4434.451 1.880210e-16
4436.283 1.842329e-16
4438.115 1.890701e-16
4439.947 1.862588e-16
4441.780 1.930958e-16
4443.614 1.886630e-16
4445.449 1.868345e-16
4447.284 1.861037e-16
4449.119 1.907201e-16
4450.956 1.910463e-16
4452.793 1.867379e-16
4454.631 1.885001e-16
4456.470 1.966068e-16
4458.308 1.907883e-16
4460.148 1.873176e-16
4461.989 1.843181e-16
4463.830 1.902930e-16
4465.671 1.904330e-16
4467.514 1.885775e-16
4469.357 1.866741e-16
4471.201 1.865564e-16
4473.045 1.789686e-16
4474.890 1.800711e-16
4476.738 1.827216e-16
4478.582 1.810641e-16
4480.429 1.776044e-16
4482.277 1.853245e-16
4484.125 1.836351e-16
4485.974 1.765350e-16
4487.823 1.770060e-16
4489.674 1.759696e-16
4491.524 1.816266e-16
4493.376 1.719129e-16
4495.228 1.779512e-16
4497.079 1.785066e-16
4498.935 1.803855e-16
4500.788 1.774350e-16
4502.644 1.757797e-16
4504.499 1.745558e-16
4506.355 1.742099e-16
4508.212 1.811369e-16
4510.069 1.764106e-16
4511.927 1.756142e-16
4513.786 1.762670e-16
4515.645 1.723409e-16
4517.505 1.808875e-16
4519.366 1.824892e-16
4521.227 1.846724e-16
4523.088 1.749717e-16
4524.951 1.765010e-16
4526.814 1.798429e-16
4528.678 1.792571e-16
4530.542 1.771917e-16
4532.408 1.721275e-16
4534.273 1.775148e-16
4536.139 1.820343e-16
4538.007 1.797010e-16
4539.874 1.823862e-16
4541.742 1.787941e-16
4543.611 1.710050e-16
4545.481 1.805280e-16
4547.351 1.765981e-16
4549.221 1.780203e-16
4551.093 1.807823e-16
4552.965 1.808359e-16
4554.837 1.766613e-16
4556.711 1.761817e-16
4558.585 1.697059e-16
4560.460 1.766038e-16
4562.335 1.786940e-16
4564.211 1.740877e-16
4566.087 1.809040e-16
4567.964 1.778951e-16
4569.842 1.764040e-16
4571.720 1.754017e-16
4573.599 1.764179e-16
4575.479 1.810253e-16
4577.359 1.798819e-16
4579.241 1.769891e-16
4581.122 1.796184e-16
4583.003 1.862743e-16
4584.887 1.796234e-16
4586.770 1.827123e-16
4588.654 1.776590e-16
4590.539 1.791154e-16
4592.424 1.858215e-16
4594.310 1.894854e-16
4596.196 1.805897e-16
4598.083 1.813885e-16
4599.971 1.834029e-16
4601.859 1.920617e-16
4603.748 1.886272e-16
4605.638 1.852967e-16
4607.528 1.829920e-16
4609.420 1.887807e-16
4611.310 1.911183e-16
4613.202 1.888192e-16
4615.095 1.909127e-16
4616.989 1.921197e-16
4618.882 1.868546e-16
4620.777 1.936538e-16
4622.672 1.917108e-16
4624.567 1.974786e-16
4626.464 1.914921e-16
4628.361 1.918669e-16
4630.259 1.962163e-16
4632.157 1.884782e-16
4634.056 1.944938e-16
4635.956 1.968687e-16
4637.856 1.951178e-16
4639.756 1.954822e-16
4641.657 1.962606e-16
4643.559 2.008489e-16
4645.462 1.956649e-16
4647.365 1.951172e-16
4649.269 1.973745e-16
4651.173 2.015387e-16
4653.078 2.010997e-16
4654.984 1.987832e-16
4656.890 1.974849e-16
4658.796 2.050145e-16
4660.704 2.086430e-16
4662.612 2.074705e-16
4664.520 2.077490e-16
4666.430 2.096421e-16
4668.339 2.051593e-16
4670.250 2.083387e-16
4672.161 2.030616e-16
4674.073 2.071589e-16
4675.985 2.004371e-16
4677.897 2.063896e-16
4679.811 2.085884e-16
4681.725 2.052781e-16
4683.640 2.118579e-16
4685.555 2.066194e-16
4687.471 2.030412e-16
4689.387 2.057829e-16
4691.304 2.034572e-16
4693.222 2.055573e-16
4695.140 2.072164e-16
4697.059 2.076964e-16
4698.978 2.082262e-16
4700.898 2.153650e-16
4702.818 2.163874e-16
4704.740 2.147058e-16
4706.662 2.253810e-16
4708.584 2.248208e-16
4710.507 2.220710e-16
4712.431 2.296992e-16
4714.355 2.279211e-16
4716.279 2.335934e-16
4718.205 2.397090e-16
4720.131 2.414846e-16
4722.057 2.401642e-16
4723.985 2.458589e-16
4725.912 2.509589e-16
4727.841 2.545807e-16
4729.769 2.520543e-16
4731.699 2.538410e-16
4733.629 2.590651e-16
4735.560 2.620133e-16
4737.491 2.643487e-16
4739.423 2.680383e-16
4741.355 2.639412e-16
4743.288 2.559711e-16
4745.222 2.571696e-16
4747.156 2.683815e-16
4749.091 2.783053e-16
4751.027 2.748418e-16
4752.962 2.680121e-16
4754.898 2.641805e-16
4756.835 2.645273e-16
4758.773 2.665902e-16
4760.712 2.749330e-16
4762.650 2.655702e-16
4764.590 2.673835e-16
4766.530 2.640062e-16
4768.471 2.634247e-16
4770.412 2.544792e-16
4772.353 2.510605e-16
4774.296 2.517526e-16
4776.238 2.407884e-16
4778.182 2.437848e-16
4780.126 2.402547e-16
4782.071 2.376630e-16
4784.016 2.395088e-16
4785.962 2.360063e-16
4787.908 2.353683e-16
4789.855 2.335319e-16
4791.803 2.301446e-16
4793.750 2.282356e-16
4795.699 2.289826e-16
4797.648 2.274185e-16
4799.598 2.255705e-16
4801.549 2.276084e-16
4803.500 2.280697e-16
4805.451 2.239085e-16
4807.403 2.176374e-16
4809.356 2.217044e-16
4811.309 2.221391e-16
4813.263 2.153104e-16
4815.217 2.104924e-16
4817.172 2.127557e-16
4819.128 2.128545e-16
4821.084 2.064473e-16
4823.040 2.070291e-16
4824.998 2.017885e-16
4826.956 2.029363e-16
4828.914 2.032871e-16
4830.873 2.068105e-16
4832.832 2.006605e-16
4834.792 1.972475e-16
4836.753 1.983650e-16
4838.714 1.984837e-16
4840.676 1.966708e-16
4842.638 1.982289e-16
4844.601 1.939094e-16
4846.564 1.960633e-16
4848.528 1.899978e-16
4850.493 1.915250e-16
4852.458 1.883005e-16
4854.424 1.938441e-16
4856.390 1.890435e-16
4858.356 1.920879e-16
4860.324 1.879011e-16
4862.292 1.885113e-16
4864.260 1.875375e-16
4866.229 1.899398e-16
4868.198 1.889587e-16
4870.169 1.899471e-16
4872.139 1.871462e-16
4874.111 1.839221e-16
4876.082 1.853336e-16
4878.055 1.846164e-16
4880.028 1.849097e-16
4882.001 1.794022e-16
4883.975 1.839385e-16
4885.950 1.761976e-16
4887.925 1.818045e-16
4889.901 1.816281e-16
4891.877 1.763186e-16
4893.854 1.775338e-16
4895.831 1.810267e-16
4897.809 1.800952e-16
4899.787 1.774911e-16
4901.766 1.762239e-16
4903.746 1.749043e-16
4905.726 1.762749e-16
4907.706 1.776258e-16
4909.687 1.761091e-16
4911.669 1.754784e-16
4913.651 1.734374e-16
4915.634 1.718297e-16
4917.618 1.731352e-16
4919.602 1.732376e-16
4921.586 1.713707e-16
4923.571 1.728231e-16
4925.557 1.747225e-16
4927.543 1.699640e-16
4929.529 1.738038e-16
4931.516 1.726197e-16
4933.504 1.735568e-16
4935.493 1.689382e-16
4937.481 1.691351e-16
4939.470 1.719455e-16
4941.460 1.742527e-16
4943.451 1.729000e-16
4945.442 1.747064e-16
4947.433 1.713312e-16
4949.425 1.713151e-16
4951.418 1.723109e-16
4953.411 1.691130e-16
4955.405 1.734971e-16
4957.399 1.733578e-16
4959.393 1.745728e-16
4961.389 1.694438e-16
4963.385 1.691485e-16
4965.381 1.738915e-16
4967.378 1.714549e-16
4969.375 1.746146e-16
4971.373 1.753785e-16
4973.372 1.765002e-16
4975.370 1.767793e-16
4977.370 1.772890e-16
4979.370 1.735486e-16
4981.371 1.708404e-16
4983.372 1.737057e-16
4985.374 1.776058e-16
4987.376 1.773748e-16
4989.378 1.726054e-16
4991.382 1.768318e-16
4993.385 1.696945e-16
4995.390 1.774132e-16
4997.395 1.766441e-16
4999.400 1.776367e-16
5001.406 1.793080e-16
5003.412 1.780352e-16
5005.419 1.740542e-16
5007.427 1.808223e-16
5009.435 1.796480e-16
5011.443 1.808591e-16
5013.452 1.761153e-16
5015.462 1.749326e-16
5017.472 1.765658e-16
5019.484 1.748716e-16
5021.493 1.749031e-16
5023.505 1.773840e-16
5025.518 1.755967e-16
5027.530 1.752149e-16
5029.543 1.770631e-16
5031.557 1.763905e-16
5033.572 1.708273e-16
5035.586 1.776079e-16
5037.602 1.755678e-16
5039.618 1.717885e-16
5041.634 1.750578e-16
5043.651 1.706118e-16
5045.668 1.727590e-16
5047.686 1.717649e-16
5049.704 1.789292e-16
5051.724 1.750975e-16
5053.743 1.724621e-16
5055.763 1.758097e-16
5057.784 1.721219e-16
5059.804 1.717837e-16
5061.826 1.688182e-16
5063.848 1.704682e-16
5065.871 1.691158e-16
5067.894 1.686960e-16
5069.917 1.728121e-16
5071.941 1.713147e-16
5073.966 1.657740e-16
5075.991 1.687670e-16
5078.017 1.657402e-16
5080.043 1.648929e-16
5082.069 1.638475e-16
5084.096 1.691360e-16
5086.124 1.669686e-16
5088.152 1.655080e-16
5090.181 1.631503e-16
5092.209 1.607072e-16
5094.240 1.649441e-16
5096.270 1.666998e-16
5098.301 1.667911e-16
5100.332 1.605194e-16
5102.364 1.620613e-16
5104.396 1.566015e-16
5106.429 1.587037e-16
5108.462 1.606215e-16
5110.496 1.611069e-16
5112.530 1.578282e-16
5114.565 1.554739e-16
5116.600 1.577378e-16
5118.636 1.579060e-16
5120.672 1.540231e-16
5122.709 1.611482e-16
5124.747 1.589851e-16
5126.785 1.556482e-16
5128.823 1.550737e-16
5130.861 1.529665e-16
5132.901 1.548151e-16
5134.940 1.535088e-16
5136.981 1.556032e-16
5139.022 1.557853e-16
5141.063 1.541863e-16
5143.105 1.547979e-16
5145.147 1.533410e-16
5147.190 1.509856e-16
5149.233 1.542852e-16
5151.277 1.522384e-16
5153.321 1.515075e-16
5155.366 1.545858e-16
5157.411 1.531163e-16
5159.457 1.542846e-16
5161.503 1.529864e-16
5163.550 1.478697e-16
5165.597 1.500965e-16
5167.645 1.504992e-16
5169.693 1.546305e-16
5171.742 1.527627e-16
5173.791 1.540806e-16
5175.841 1.535776e-16
5177.891 1.540613e-16
5179.942 1.549853e-16
5181.993 1.539220e-16
5184.045 1.551852e-16
5186.096 1.482526e-16
5188.150 1.546576e-16
5190.202 1.536317e-16
5192.256 1.539355e-16
5194.310 1.523015e-16
5196.365 1.511493e-16
5198.420 1.560827e-16
5200.475 1.549068e-16
5202.532 1.543091e-16
5204.588 1.510812e-16
5206.645 1.505702e-16
5208.703 1.538606e-16
5210.761 1.517076e-16
5212.820 1.505427e-16
5214.878 1.554193e-16
5216.946 1.534109e-16
5219.000 1.596467e-16
5221.060 1.538058e-16
5223.119 1.537106e-16
5225.180 1.575506e-16
5227.242 1.555438e-16
5229.305 1.535127e-16
5231.367 1.540053e-16
5233.431 1.557620e-16
5235.494 1.567705e-16
5237.558 1.531240e-16
5239.624 1.508071e-16
5241.689 1.543959e-16
5243.754 1.563278e-16
5245.822 1.543874e-16
5247.887 1.534260e-16
5249.954 1.525408e-16
5252.022 1.564713e-16
5254.090 1.546794e-16
5256.159 1.530917e-16
5258.228 1.523604e-16
5260.297 1.517016e-16
5262.367 1.534202e-16
5264.438 1.565361e-16
5266.509 1.558891e-16
5268.580 1.547480e-16
5270.652 1.524771e-16
5272.724 1.516759e-16
5274.797 1.571355e-16
5276.870 1.576300e-16
5278.945 1.586217e-16
5281.019 1.630928e-16
5283.093 1.593005e-16
5285.167 1.565524e-16
5287.244 1.549613e-16
5289.320 1.587666e-16
5291.397 1.574291e-16
5293.474 1.575489e-16
5295.552 1.592380e-16
5297.630 1.562104e-16
5299.708 1.641713e-16
5301.787 1.590944e-16
5303.866 1.647415e-16
5305.946 1.626477e-16
5308.027 1.596423e-16
5310.108 1.611419e-16
5312.189 1.660677e-16
5314.271 1.625516e-16
5316.353 1.614222e-16
5318.435 1.646660e-16
5320.519 1.601289e-16
5322.602 1.636021e-16
5324.686 1.608017e-16
5326.771 1.577187e-16
5328.856 1.630468e-16
5330.941 1.624860e-16
5333.027 1.573342e-16
5335.113 1.615507e-16
5337.200 1.618868e-16
5339.288 1.629504e-16
5341.375 1.612978e-16
5343.463 1.592911e-16
5345.552 1.643278e-16
5347.642 1.629102e-16
5349.731 1.650343e-16
5351.821 1.647662e-16
5353.912 1.626040e-16
5356.002 1.621373e-16
5358.094 1.629511e-16
5360.186 1.661049e-16
5362.278 1.608965e-16
5364.371 1.638229e-16
5366.464 1.659833e-16
5368.558 1.627044e-16
5370.652 1.652991e-16
5372.747 1.643135e-16
5374.842 1.634859e-16
5376.937 1.635305e-16
5379.033 1.679198e-16
5381.130 1.660578e-16
5383.227 1.628145e-16
5385.324 1.660227e-16
5387.422 1.683609e-16
5389.520 1.682034e-16
5391.619 1.691208e-16
5393.718 1.677539e-16
5395.817 1.682384e-16
5397.918 1.647740e-16
5400.018 1.673078e-16
5402.119 1.676469e-16
5404.220 1.666571e-16
5406.322 1.679754e-16
5408.425 1.655224e-16
5410.527 1.683432e-16
5412.630 1.683384e-16
5414.731 1.697123e-16
5416.838 1.707784e-16
5418.943 1.663479e-16
5421.050 1.682024e-16
5423.153 1.697108e-16
5425.259 1.687174e-16
5427.366 1.684777e-16
5429.472 1.740480e-16
5431.579 1.671023e-16
5433.687 1.644371e-16
5435.795 1.664104e-16
5437.903 1.688538e-16
5440.012 1.696865e-16
5442.121 1.690641e-16
5444.232 1.674355e-16
5446.342 1.684163e-16
5448.452 1.690696e-16
5450.563 1.676167e-16
5452.675 1.659479e-16
5454.787 1.655781e-16
5456.900 1.666763e-16
5459.013 1.640301e-16
5461.126 1.656475e-16
5463.239 1.660635e-16
5465.354 1.655495e-16
5467.469 1.679956e-16
5469.584 1.648376e-16
5471.699 1.667512e-16
5473.815 1.614544e-16
5475.932 1.630710e-16
5478.049 1.638168e-16
5480.166 1.653862e-16
5482.284 1.661143e-16
5484.402 1.630498e-16
5486.520 1.625351e-16
5488.639 1.619064e-16
5490.759 1.586152e-16
5492.879 1.618131e-16
5494.999 1.632188e-16
5497.120 1.585787e-16
5499.241 1.608662e-16
5501.362 1.620798e-16
5503.484 1.607217e-16
5505.607 1.665305e-16
5507.730 1.610523e-16
5509.853 1.622339e-16
5511.977 1.603487e-16
5514.101 1.610040e-16
5516.226 1.581717e-16
5518.351 1.584016e-16
5520.476 1.633868e-16
5522.602 1.589154e-16
5524.729 1.604027e-16
5526.856 1.609514e-16
5528.983 1.588451e-16
5531.110 1.579262e-16
5533.238 1.630996e-16
5535.367 1.586099e-16
5537.495 1.538946e-16
5539.625 1.559711e-16
5541.755 1.589323e-16
5543.885 1.564235e-16
5546.015 1.584849e-16
5548.148 1.590330e-16
5550.277 1.614095e-16
5552.410 1.569418e-16
5554.541 1.573912e-16
5556.675 1.590908e-16
5558.808 1.566243e-16
5560.941 1.578509e-16
5563.075 1.576651e-16
5565.209 1.566171e-16
5567.344 1.609431e-16
5569.480 1.592490e-16
5571.616 1.578190e-16
5573.751 1.569152e-16
5575.888 1.513551e-16
5578.025 1.544780e-16
5580.162 1.542463e-16
5582.300 1.599200e-16
5584.438 1.572988e-16
5586.576 1.552189e-16
5588.716 1.553522e-16
5590.855 1.543574e-16
5592.995 1.556246e-16
5595.135 1.553897e-16
5597.276 1.564073e-16
5599.417 1.576440e-16
5601.558 1.550175e-16
5603.700 1.570736e-16
5605.843 1.544446e-16
5607.985 1.530477e-16
5610.128 1.538143e-16
5612.275 1.539645e-16
5614.416 1.511621e-16
5616.560 1.554753e-16
5618.705 1.554038e-16
5620.850 1.561255e-16
5622.996 1.509870e-16
5625.142 1.513134e-16
5627.288 1.528708e-16
5629.435 1.515400e-16
5631.582 1.527498e-16
5633.730 1.507843e-16
5635.878 1.494641e-16
5638.026 1.545221e-16
5640.176 1.522953e-16
5642.325 1.505937e-16
5644.474 1.500256e-16
5646.624 1.491969e-16
5648.775 1.505841e-16
5650.926 1.508560e-16
5653.077 1.489978e-16
5655.229 1.486809e-16
5657.381 1.511321e-16
5659.534 1.532331e-16
5661.686 1.525607e-16
5663.840 1.539445e-16
5665.994 1.510140e-16
5668.147 1.548282e-16
5670.302 1.515078e-16
5672.457 1.509969e-16
5674.613 1.518851e-16
5676.768 1.538292e-16
5678.925 1.537025e-16
5681.081 1.525488e-16
5683.238 1.524350e-16
5685.395 1.524420e-16
5687.553 1.492630e-16
5689.711 1.487977e-16
5691.870 1.509400e-16
5694.029 1.508255e-16
5696.188 1.480843e-16
5698.350 1.494651e-16
5700.508 1.490348e-16
5702.669 1.519507e-16
5704.830 1.499735e-16
5706.991 1.483556e-16
5709.153 1.488800e-16
5711.315 1.519830e-16
5713.477 1.465653e-16
5715.641 1.482743e-16
5717.804 1.491193e-16
5719.968 1.464304e-16
5722.131 1.479267e-16
5724.296 1.468562e-16
5726.461 1.478559e-16
5728.626 1.485493e-16
5730.792 1.510291e-16
5732.958 1.478411e-16
5735.124 1.474570e-16
5737.292 1.502556e-16
5739.459 1.467853e-16
5741.626 1.499598e-16
5743.795 1.490497e-16
5745.963 1.514093e-16
5748.132 1.445423e-16
5750.301 1.501507e-16
5752.470 1.478446e-16
5754.641 1.444559e-16
5756.811 1.481998e-16
5758.982 1.477990e-16
5761.153 1.465381e-16
5763.325 1.462536e-16
5765.497 1.468660e-16
5767.669 1.461180e-16
5769.842 1.495325e-16
5772.015 1.453705e-16
5774.188 1.464539e-16
5776.362 1.466106e-16
5778.536 1.454766e-16
5780.711 1.451008e-16
5782.886 1.473899e-16
5785.063 1.446613e-16
5787.237 1.468313e-16
5789.413 1.423402e-16
5791.590 1.481324e-16
5793.767 1.489740e-16
5795.944 1.473582e-16
5798.122 1.483938e-16
5800.300 1.489345e-16
5802.478 1.505443e-16
5804.658 1.513381e-16
5806.837 1.515126e-16
5809.016 1.516712e-16
5811.196 1.522769e-16
5813.377 1.573157e-16
5815.558 1.565477e-16
5817.738 1.554253e-16
5819.920 1.606374e-16
5822.102 1.562571e-16
5824.285 1.519231e-16
5826.467 1.548133e-16
5828.650 1.528714e-16
5830.834 1.472076e-16
5833.017 1.488608e-16
5835.201 1.518264e-16
5837.386 1.487246e-16
5839.571 1.503308e-16
5841.756 1.526169e-16
5843.942 1.489598e-16
5846.128 1.511395e-16
5848.315 1.504367e-16
5850.501 1.475395e-16
5852.689 1.489013e-16
5854.876 1.518594e-16
5857.064 1.490035e-16
5859.252 1.472913e-16
5861.441 1.467581e-16
5863.631 1.509251e-16
5865.820 1.515714e-16
5868.009 1.474788e-16
5870.199 1.502145e-16
5872.390 1.520849e-16
5874.581 1.502531e-16
5876.772 1.507575e-16
5878.964 1.466219e-16
5881.156 1.462789e-16
5883.348 1.459360e-16
5885.541 1.480953e-16
5887.734 1.449986e-16
5889.928 1.317113e-16
5892.121 1.313154e-16
5894.316 1.292067e-16
5896.510 1.306448e-16
5898.705 1.306041e-16
5900.901 1.385158e-16
5903.097 1.466360e-16
5905.292 1.468504e-16
5907.489 1.493212e-16
5909.686 1.446413e-16
5911.883 1.434794e-16
5914.081 1.445856e-16
5916.279 1.492027e-16
5918.477 1.463709e-16
5920.675 1.451592e-16
5922.875 1.463369e-16
5925.074 1.461230e-16
5927.274 1.471777e-16
5929.474 1.454321e-16
5931.674 1.475533e-16
5933.875 1.474371e-16
5936.076 1.449786e-16
5938.278 1.437374e-16
5940.480 1.455786e-16
5942.682 1.441516e-16
5944.885 1.434253e-16
5947.087 1.419538e-16
5949.291 1.420947e-16
5951.494 1.434104e-16
5953.699 1.435486e-16
5955.903 1.450468e-16
5958.108 1.452380e-16
5960.313 1.475495e-16
5962.519 1.428739e-16
5964.724 1.436689e-16
5966.931 1.473618e-16
5969.137 1.430520e-16
5971.344 1.442790e-16
5973.550 1.428699e-16
5975.759 1.427904e-16
5977.967 1.437775e-16
5980.175 1.426902e-16
5982.384 1.438714e-16
5984.593 1.433548e-16
5986.803 1.446445e-16
5989.013 1.416628e-16
5991.222 1.442358e-16
5993.433 1.408342e-16
5995.644 1.395888e-16
5997.855 1.409841e-16
6000.066 1.436892e-16
6002.279 1.443169e-16
6004.491 1.425673e-16
6006.703 1.439191e-16
6008.916 1.409413e-16
6011.130 1.369622e-16
6013.342 1.377840e-16
6015.557 1.402597e-16
6017.772 1.418499e-16
6019.987 1.399856e-16
6022.201 1.416275e-16
6024.417 1.399497e-16
6026.633 1.402415e-16
6028.848 1.379499e-16
6031.065 1.415755e-16
6033.282 1.403244e-16
6035.499 1.400049e-16
6037.717 1.406196e-16
6039.934 1.409455e-16
6042.152 1.382916e-16
6044.371 1.382199e-16
6046.590 1.376931e-16
6048.810 1.388940e-16
6051.029 1.418596e-16
6053.249 1.411591e-16
6055.469 1.368353e-16
6057.690 1.385774e-16
6059.911 1.386070e-16
6062.132 1.368355e-16
6064.354 1.406596e-16
6066.576 1.406512e-16
6068.798 1.383467e-16
6071.021 1.372038e-16
6073.244 1.366567e-16
6075.467 1.373539e-16
6077.691 1.393271e-16
6079.915 1.394830e-16
6082.139 1.394452e-16
6084.364 1.387106e-16
6086.589 1.402218e-16
6088.815 1.409662e-16
6091.040 1.372199e-16
6093.267 1.389135e-16
6095.493 1.391400e-16
6097.720 1.376992e-16
6099.947 1.418133e-16
6102.174 1.394472e-16
6104.402 1.386411e-16
6106.630 1.405742e-16
6108.858 1.351055e-16
6111.088 1.430740e-16
6113.317 1.385610e-16
6115.546 1.363620e-16
6117.776 1.381105e-16
6120.006 1.366715e-16
6122.236 1.385734e-16
6124.468 1.383796e-16
6126.699 1.389237e-16
6128.930 1.387856e-16
6131.162 1.373399e-16
6133.394 1.365461e-16
6135.627 1.352217e-16
6137.859 1.376042e-16
6140.093 1.390191e-16
6142.326 1.375455e-16
6144.560 1.360999e-16
6146.793 1.367340e-16
6149.028 1.388512e-16
6151.263 1.373666e-16
6153.499 1.390567e-16
6155.734 1.376508e-16
6157.970 1.375333e-16
6160.206 1.335564e-16
6162.443 1.375346e-16
6164.680 1.388564e-16
6166.916 1.360406e-16
6169.154 1.370401e-16
6171.392 1.344231e-16
6173.630 1.339751e-16
6175.869 1.349104e-16
6178.107 1.366545e-16
6180.346 1.370151e-16
6182.586 1.382516e-16
6184.826 1.344141e-16
6187.066 1.356111e-16
6189.306 1.359564e-16
6191.547 1.373521e-16
6193.788 1.349067e-16
6196.030 1.349150e-16
6198.271 1.325079e-16
6201.853 1.363164e-16
6204.216 1.360640e-16
6206.578 1.343520e-16
6208.942 1.362787e-16
6211.306 1.387045e-16
6213.671 1.390589e-16
6216.036 1.376507e-16
6218.402 1.353940e-16
6220.769 1.393919e-16
6223.136 1.376648e-16
6225.504 1.343878e-16
6227.872 1.367123e-16
6230.241 1.378030e-16
6232.611 1.367955e-16
6234.981 1.347443e-16
6237.351 1.351626e-16
6239.723 1.342297e-16
6242.095 1.337341e-16
6244.467 1.348532e-16
6246.840 1.371926e-16
6249.214 1.359177e-16
6251.589 1.345164e-16
6253.963 1.335868e-16
6256.339 1.340028e-16
6258.715 1.367220e-16
6261.092 1.329260e-16
6263.469 1.288231e-16
6265.847 1.356086e-16
6268.226 1.317355e-16
6270.605 1.333214e-16
6272.985 1.334633e-16
6275.364 1.322026e-16
6277.746 1.295159e-16
6280.127 1.273492e-16
6282.509 1.227390e-16
6284.892 1.254353e-16
6287.275 1.279369e-16
6289.659 1.286089e-16
6292.043 1.309872e-16
6294.428 1.301039e-16
6296.819 1.307882e-16
6299.200 1.295907e-16
6301.586 1.347245e-16
6303.973 1.301157e-16
6306.362 1.349369e-16
6308.751 1.272564e-16
6311.139 1.299629e-16
6313.529 1.281378e-16
6315.919 1.288363e-16
6318.310 1.295851e-16
6320.701 1.301005e-16
6323.093 1.285448e-16
6325.486 1.356334e-16
6327.879 1.393912e-16
6330.273 1.404898e-16
6332.667 1.428869e-16
6335.057 1.397651e-16
6337.458 1.376039e-16
6339.853 1.344941e-16
6342.250 1.316543e-16
6344.647 1.289852e-16
6347.045 1.288662e-16
6349.443 1.267793e-16
6351.842 1.283612e-16
6354.242 1.284455e-16
6356.642 1.298831e-16
6359.042 1.290283e-16
6361.443 1.334813e-16
6363.845 1.270534e-16
6366.248 1.264459e-16
6368.651 1.291710e-16
6371.054 1.269827e-16
6373.458 1.278541e-16
6375.863 1.282609e-16
6378.268 1.272986e-16
6380.674 1.290001e-16
6383.080 1.258629e-16
6385.487 1.278560e-16
6387.894 1.253455e-16
6390.303 1.237658e-16
6392.712 1.256087e-16
6395.120 1.272519e-16
6397.531 1.258104e-16
6399.941 1.245615e-16
6402.351 1.229992e-16
6404.763 1.238580e-16
6407.176 1.226378e-16
6409.588 1.240025e-16
6412.001 1.227677e-16
6414.415 1.240052e-16
6416.829 1.251921e-16
6419.244 1.249528e-16
6421.659 1.245721e-16
6424.075 1.241737e-16
6426.492 1.234580e-16
6428.902 1.235932e-16
6431.326 1.214411e-16
6433.745 1.223194e-16
6436.163 1.225850e-16
6438.583 1.227661e-16
6441.003 1.214567e-16
6443.424 1.220398e-16
6445.844 1.228368e-16
6448.266 1.209282e-16
6450.688 1.211746e-16
6453.110 1.178590e-16
6455.534 1.185499e-16
6457.958 1.193968e-16
6460.382 1.191661e-16
6462.807 1.183064e-16
6465.232 1.194446e-16
6467.659 1.175449e-16
6470.085 1.181979e-16
6472.512 1.175984e-16
6474.940 1.193955e-16
6477.368 1.150620e-16
6479.797 1.175303e-16
6482.226 1.124455e-16
6484.656 1.148633e-16
6487.086 1.177144e-16
6489.517 1.172707e-16
6491.949 1.134563e-16
6494.381 1.155089e-16
6496.814 1.173289e-16
6499.247 1.177985e-16
6501.680 1.174646e-16
6504.115 1.191223e-16
6506.550 1.174725e-16
6508.985 1.212111e-16
6511.421 1.182628e-16
6513.858 1.174269e-16
6516.294 1.158893e-16
6518.732 1.128897e-16
6521.170 1.156012e-16
6523.609 1.165939e-16
6526.048 1.183883e-16
6528.488 1.151247e-16
6530.928 1.148993e-16
6533.369 1.146151e-16
6535.810 1.139825e-16
6538.252 1.183293e-16
6540.698 1.187106e-16
6543.138 1.180323e-16
6545.581 1.177697e-16
6548.025 1.180549e-16
6550.470 1.176164e-16
6552.915 1.176799e-16
6555.360 1.183640e-16
6557.807 1.227088e-16
6560.254 1.209840e-16
6562.701 1.241176e-16
6565.149 1.273362e-16
6567.597 1.285232e-16
6570.046 1.324379e-16
6572.499 1.310610e-16
6574.945 1.265103e-16
6577.396 1.235739e-16
6579.847 1.192568e-16
6582.299 1.228912e-16
6584.751 1.207753e-16
6587.203 1.188551e-16
6589.657 1.180153e-16
6592.110 1.196591e-16
6594.565 1.187653e-16
6597.020 1.190807e-16
6599.475 1.221632e-16
6601.931 1.209188e-16
6604.387 1.212395e-16
6606.844 1.216321e-16
6609.302 1.201494e-16
6611.759 1.182902e-16
6614.217 1.192010e-16
6616.677 1.148722e-16
6619.140 1.171903e-16
6621.597 1.146612e-16
6624.057 1.156924e-16
6626.518 1.149902e-16
6628.980 1.162041e-16
6631.442 1.134124e-16
6633.905 1.144779e-16
6636.368 1.137270e-16
6638.832 1.131967e-16
6641.296 1.121838e-16
6643.761 1.125242e-16
6646.226 1.132263e-16
6648.692 1.124907e-16
6651.159 1.119407e-16
6653.626 1.122347e-16
6656.093 1.143498e-16
6658.561 1.120157e-16
6661.029 1.112893e-16
6663.499 1.112321e-16
6665.968 1.108425e-16
6668.441 1.104165e-16
6670.908 1.118406e-16
6673.380 1.112222e-16
6675.851 1.112171e-16
6678.324 1.112243e-16
6680.796 1.107018e-16
6683.269 1.102547e-16
6685.743 1.105134e-16
6688.217 1.108181e-16
6690.692 1.099132e-16
6693.167 1.125609e-16
6695.643 1.118533e-16
6698.119 1.083500e-16
6700.599 1.103350e-16
6703.073 1.084925e-16
6705.551 1.092813e-16
6708.032 1.120976e-16
6710.511 1.135205e-16
6712.988 1.102516e-16
6715.468 1.095593e-16
6717.948 1.112522e-16
6720.429 1.140538e-16
6722.910 1.116047e-16
6725.392 1.127552e-16
6727.875 1.125970e-16
6730.358 1.122289e-16
6732.841 1.125506e-16
6735.325 1.126201e-16
6737.812 1.156433e-16
6740.294 1.138527e-16
6742.780 1.148627e-16
6745.266 1.099379e-16
6747.752 1.115130e-16
6750.239 1.065196e-16
6752.734 1.107602e-16
6755.215 1.065310e-16
6757.704 1.058586e-16
6760.195 1.072110e-16
6762.682 1.074174e-16
6765.173 1.058384e-16
6767.665 1.051278e-16
6770.154 1.054565e-16
6772.646 1.042727e-16
6775.138 1.046427e-16
6777.631 1.044224e-16
6780.126 1.052152e-16
6782.617 1.046325e-16
6785.111 1.045494e-16
6787.612 1.073391e-16
6790.101 1.039673e-16
6792.597 1.029077e-16
6795.093 1.041058e-16
6797.590 1.038886e-16
6800.086 1.017977e-16
6802.585 1.046631e-16
6805.082 1.039332e-16
6807.581 1.015344e-16
6810.080 1.021405e-16
6812.580 1.036985e-16
6815.080 1.020333e-16
6817.581 1.020780e-16
6820.082 1.035619e-16
6822.585 1.024829e-16
6825.085 1.022204e-16
6827.588 1.006035e-16
6830.091 1.028516e-16
6832.595 1.038218e-16
6835.100 1.008411e-16
6837.604 1.032676e-16
6840.109 1.019848e-16
6842.616 1.006577e-16
6845.120 1.018310e-16
6847.627 9.998201e-17
6850.134 1.011782e-16
6852.641 1.017235e-16
6855.149 1.015322e-16
6857.665 1.028121e-16
6860.167 1.018260e-16
6862.676 1.026723e-16
6865.187 9.661366e-17
6867.697 9.387401e-17
6870.209 7.962706e-17
6872.720 7.307490e-17
6875.232 7.153546e-17
6877.744 7.663639e-17
6880.258 8.585207e-17
6882.771 9.083444e-17
6885.290 9.309176e-17
6887.799 9.005697e-17
6890.314 9.145787e-17
6892.830 8.831378e-17
6895.346 8.914504e-17
6897.862 8.950307e-17
6900.379 8.977856e-17
6902.896 9.153372e-17
6905.414 9.462776e-17
6907.932 9.383162e-17
6910.451 9.814181e-17
6912.971 9.788818e-17
6915.490 9.782437e-17
6918.012 1.001723e-16
6920.531 1.035986e-16
6923.053 1.008511e-16
6925.575 9.990761e-17
6928.096 1.000974e-16
6930.620 1.008655e-16
6933.143 1.011606e-16
6935.666 1.031857e-16
6938.191 1.036348e-16
6940.715 1.018941e-16
6943.240 1.020184e-16
6945.766 1.034376e-16
6948.296 1.062310e-16
6950.818 1.056854e-16
6953.345 1.053665e-16
6955.873 1.077347e-16
6958.401 1.059561e-16
6960.929 1.062865e-16
6963.459 1.080348e-16
6965.988 1.103156e-16
6968.518 1.095030e-16
6971.049 1.111509e-16
6973.579 1.095156e-16
6976.110 1.088175e-16
6978.642 1.047311e-16
6981.175 1.068538e-16
6983.708 1.069269e-16
6986.245 1.059835e-16
6988.774 1.017378e-16
6991.308 1.006527e-16
6993.847 1.013778e-16
6996.378 1.011813e-16
6998.914 1.019070e-16
7001.450 1.008313e-16
7003.986 1.001009e-16
7006.524 9.798032e-17
7009.061 9.946733e-17
7011.599 9.764936e-17
7014.138 9.915250e-17
7016.677 1.005057e-16
7019.216 9.935783e-17
7021.756 1.001165e-16
7024.296 9.855387e-17
7026.838 9.817346e-17
7029.379 9.780600e-17
7031.923 9.991813e-17
7034.462 9.960611e-17
7037.005 1.019579e-16
7039.549 9.768979e-17
7042.092 9.789595e-17
7044.636 9.800129e-17
7047.181 1.002612e-16
7049.729 1.002282e-16
7052.271 9.907009e-17
7054.817 9.933252e-17
7057.364 9.813977e-17
7059.911 9.720301e-17
7062.458 9.807037e-17
7065.006 9.871617e-17
7067.554 9.731550e-17
7070.106 9.752615e-17
7072.652 9.645307e-17
7075.202 9.755147e-17
7077.752 9.471074e-17
7080.303 9.508646e-17
7082.854 9.518971e-17
7085.406 9.418239e-17
7087.957 9.466124e-17
7090.510 9.395257e-17
7093.063 9.472885e-17
7095.616 9.352891e-17
7098.170 9.378393e-17
7100.727 9.425101e-17
7103.279 9.259169e-17
7105.835 9.455500e-17
7108.390 9.138727e-17
7110.947 9.200639e-17
7113.504 9.537288e-17
7116.060 9.382157e-17
7118.618 9.142639e-17
7121.176 9.178308e-17
7123.735 9.183241e-17
7126.293 9.455742e-17
7128.853 9.564603e-17
7131.413 9.404624e-17
7133.973 9.378403e-17
7136.534 9.275864e-17
7139.095 9.283568e-17
7141.657 9.172573e-17
7144.219 9.263281e-17
7146.782 9.293696e-17
7149.344 9.377599e-17
7151.908 9.120552e-17
7154.472 9.239749e-17
7157.043 9.298504e-17
7159.601 9.169751e-17
7162.167 8.938736e-17
7164.732 8.965736e-17
7167.299 8.966881e-17
7169.867 8.703969e-17
7172.432 8.188529e-17
7175.000 7.975627e-17
7177.568 7.732636e-17
7180.137 8.004556e-17
7182.706 8.072363e-17
7185.275 7.735852e-17
7187.845 7.567934e-17
7190.415 7.495657e-17
7192.986 7.778127e-17
7195.557 7.803890e-17
7198.129 7.891930e-17
7200.701 7.891709e-17
7203.274 7.784888e-17
7205.846 7.951274e-17
7208.420 8.001245e-17
7210.994 8.623751e-17
7213.568 8.944846e-17
7216.143 9.123005e-17
7218.719 9.042112e-17
7221.294 9.132933e-17
7223.871 8.936113e-17
7226.447 9.112849e-17
7229.024 8.857356e-17
7231.602 8.883349e-17
7234.179 8.488048e-17
7236.758 8.141064e-17
7239.337 8.200677e-17
7241.916 8.623911e-17
7244.496 8.380756e-17
7247.076 8.357560e-17
7249.657 8.408555e-17
7252.238 8.749792e-17
7254.819 8.482442e-17
7257.401 8.454974e-17
7259.983 8.774765e-17
7262.567 8.881990e-17
7265.150 8.658423e-17
7267.733 8.614778e-17
7270.318 9.014976e-17
7272.902 9.024708e-17
7275.487 8.800182e-17
7278.073 8.424082e-17
7280.658 8.446074e-17
7283.245 8.917166e-17
7285.832 9.478555e-17
7288.419 9.312166e-17
7291.007 8.798953e-17
7293.595 8.763743e-17
7296.184 9.005730e-17
7298.772 9.429278e-17
7301.362 9.371253e-17
7303.952 9.182219e-17
7306.542 9.108004e-17
7309.133 9.509908e-17
7311.724 9.564231e-17
7314.316 9.519212e-17
7316.908 9.973016e-17
7319.500 1.007821e-16
7322.094 1.013119e-16
7324.687 1.050985e-16
7327.280 1.067763e-16
7329.875 1.079930e-16
7332.470 1.083993e-16
7335.065 1.091262e-16
7337.660 1.115646e-16
7340.256 1.138833e-16
7342.853 1.122062e-16
7345.450 1.133841e-16
7348.047 1.119565e-16
7350.645 1.146135e-16
7353.243 1.145519e-16
7355.842 1.154932e-16
7358.440 1.158539e-16
7361.041 1.162010e-16
7363.640 1.184646e-16
7366.241 1.178811e-16
7368.841 1.199635e-16
7371.442 1.193342e-16
7374.044 1.202378e-16
7376.646 1.197007e-16
7379.249 1.179918e-16
7381.851 1.167458e-16
7384.455 1.142192e-16
7387.059 1.137381e-16
7389.663 1.146448e-16
7392.267 1.157827e-16
7394.873 1.145406e-16
7397.478 1.142080e-16
7400.084 1.140200e-16
7402.690 1.124740e-16
7405.298 1.128129e-16
7407.905 1.134770e-16
7410.512 1.144057e-16
7413.121 1.132266e-16
7415.729 1.117617e-16
7418.338 1.116107e-16
7420.947 1.092180e-16
7423.557 1.085009e-16
7426.167 1.078662e-16
7428.778 1.060089e-16
7431.389 1.071215e-16
7434.000 1.073061e-16
7436.612 1.065645e-16
7439.224 1.058539e-16
7441.837 1.044604e-16
7444.451 1.026035e-16
7447.065 1.032236e-16
7449.678 1.024149e-16
7452.293 1.028818e-16
7454.908 1.013354e-16
7457.523 1.017105e-16
7460.139 1.003120e-16
7462.755 1.015031e-16
7465.371 9.967481e-17
7467.989 9.856910e-17
7470.606 1.000506e-16
7473.223 9.950098e-17
7475.842 9.966524e-17
7478.460 9.749692e-17
7481.080 9.714044e-17
7483.699 9.627279e-17
7486.319 9.665267e-17
7488.940 9.665233e-17
7491.560 9.636403e-17
7494.181 9.729901e-17
7496.803 9.512786e-17
7499.425 9.372830e-17
7502.048 9.492394e-17
7504.671 9.420499e-17
7507.294 9.280720e-17
7509.918 9.361020e-17
7512.542 9.303139e-17
7515.166 9.224367e-17
7517.792 9.191490e-17
7520.416 9.223892e-17
7523.042 9.012533e-17
7525.669 9.060744e-17
7528.295 9.031388e-17
7530.922 8.937875e-17
7533.550 8.876256e-17
7536.179 8.974074e-17
7538.806 8.861990e-17
7541.435 8.890285e-17
7544.064 8.869939e-17
7546.693 9.054350e-17
7549.324 8.850165e-17
7551.954 8.971603e-17
7554.584 8.984015e-17
7557.215 8.718055e-17
7559.848 8.794972e-17
7562.480 8.763814e-17
7565.112 9.032101e-17
7567.744 8.981435e-17
7570.378 8.834673e-17
7573.012 8.585576e-17
7575.646 8.739403e-17
7578.280 8.886082e-17
7580.909 9.168322e-17
7583.549 8.727334e-17
7586.185 8.652222e-17
7588.822 8.851845e-17
7591.459 8.783109e-17
7594.096 7.926984e-17
7596.733 5.973707e-17
7599.371 4.174769e-17
7602.010 2.994426e-17
7604.648 2.394432e-17
7607.287 2.049837e-17
7609.927 2.184389e-17
7612.566 2.848626e-17
7615.206 3.819100e-17
7617.847 5.199811e-17
7620.488 6.554807e-17
7623.134 6.282208e-17
7625.771 5.262258e-17
7628.414 4.494569e-17
7631.056 4.435048e-17
7633.699 4.388974e-17
7636.343 4.598839e-17
7638.987 4.918853e-17
7641.631 5.057312e-17
7644.271 5.670208e-17
7646.921 5.697951e-17
7649.567 6.067687e-17
7652.217 6.333547e-17
7654.859 6.756611e-17
7657.505 6.986032e-17
7660.153 7.281573e-17
7662.800 7.467443e-17
7665.448 7.813915e-17
7668.097 7.826491e-17
7670.745 8.162448e-17
7673.395 8.119635e-17
7676.044 8.385965e-17
7678.691 8.488121e-17
7681.344 8.715345e-17
7684.003 8.485723e-17
7686.646 8.576874e-17
7689.298 8.929030e-17
7691.950 8.757843e-17
7694.602 8.792285e-17
7697.255 8.874323e-17
7699.923 8.489576e-17
7702.562 8.814396e-17
7705.216 9.039521e-17
7707.870 8.995154e-17
7710.524 8.893804e-17
7713.180 8.966876e-17
7715.835 9.034610e-17
7718.491 9.215622e-17
7721.148 8.984752e-17
7723.804 9.189681e-17
7726.462 9.123104e-17
7729.119 9.086579e-17
7731.780 9.143705e-17
7734.436 8.988419e-17
7737.095 8.887060e-17
7739.753 9.063285e-17
7742.413 9.259670e-17
7745.076 9.161914e-17
7747.733 8.964744e-17
7750.394 8.757912e-17
7753.055 8.975800e-17
7755.717 8.924667e-17
7758.379 9.046206e-17
7761.041 9.134210e-17
7763.704 8.781122e-17
7766.366 8.869344e-17
7769.031 8.942381e-17
7771.694 8.986783e-17
7774.358 8.962903e-17
7777.023 8.927945e-17
7779.688 8.965516e-17
7782.354 8.910624e-17
7785.019 9.028331e-17
7787.686 9.095886e-17
7790.344 9.071190e-17
7793.019 8.866096e-17
7795.687 8.707642e-17
7798.354 8.682884e-17
7801.023 8.877542e-17
7803.692 8.660757e-17
7806.368 8.587831e-17
7809.030 8.839770e-17
7811.701 8.564374e-17
7814.370 8.698776e-17
7817.040 8.610545e-17
7819.711 8.725429e-17
7822.382 8.858595e-17
7825.054 8.820402e-17
7827.726 8.784224e-17
7830.401 8.766704e-17
7833.072 9.058544e-17
7835.755 8.718802e-17
7838.419 8.868064e-17
7841.093 8.886017e-17
7843.767 8.723456e-17
7846.442 8.698780e-17
7849.117 8.798743e-17
7851.799 8.618759e-17
7854.469 8.640380e-17
7857.145 8.362699e-17
7859.822 8.669132e-17
7862.499 8.694141e-17
7865.177 8.686075e-17
7867.854 8.664832e-17
7870.533 8.434053e-17
7873.212 8.457351e-17
7875.890 8.346177e-17
7878.570 8.497129e-17
7881.250 8.567865e-17
7883.930 8.694402e-17
7886.611 8.568588e-17
7889.292 8.309621e-17
7891.973 8.350981e-17
7894.655 8.206198e-17
7897.338 8.403314e-17
7900.020 8.256801e-17
7902.702 8.319977e-17
7905.386 8.376350e-17
7908.070 8.635546e-17
7910.753 8.469858e-17
7913.438 8.592222e-17
7916.122 8.389479e-17
7918.808 8.254932e-17
7921.494 8.452114e-17
7924.180 8.453548e-17
7926.867 8.403497e-17
7929.553 8.424624e-17
7932.240 8.481513e-17
7934.927 8.460152e-17
7937.614 8.593562e-17
7940.309 8.389954e-17
7942.992 8.500962e-17
7945.681 8.542069e-17
7948.370 8.641421e-17
7951.060 8.559720e-17
7953.751 8.523251e-17
7956.441 8.754725e-17
7959.126 9.073479e-17
7961.823 8.641072e-17
7964.514 8.319454e-17
7967.207 8.149106e-17
7969.899 8.364778e-17
7972.592 8.505456e-17
7975.285 8.214226e-17
7977.979 8.321744e-17
7980.672 8.412989e-17
7983.367 8.489998e-17
7986.062 8.253269e-17
7988.761 8.161144e-17
7991.452 8.181408e-17
7994.148 8.078644e-17
7996.844 8.175935e-17
7999.541 8.221522e-17
8002.238 8.142371e-17
8004.934 8.051989e-17
8007.625 8.410710e-17
8010.331 8.306741e-17
8013.029 8.176252e-17
8015.728 8.126249e-17
8018.427 8.202185e-17
8021.126 8.349672e-17
8023.827 8.262773e-17
8026.526 8.128406e-17
8029.227 8.182364e-17
8031.928 8.305971e-17
8034.630 8.225327e-17
8037.331 8.377403e-17
8040.033 8.284104e-17
8042.736 8.348976e-17
8045.439 8.266037e-17
8048.140 8.283764e-17
8050.846 8.570773e-17
8053.553 8.433625e-17
8056.254 8.245326e-17
8058.959 8.294406e-17
8061.664 8.479524e-17
8064.369 8.377335e-17
8067.078 8.406586e-17
8069.782 8.551078e-17
8072.488 8.475635e-17
8075.195 8.551571e-17
8077.905 8.608283e-17
8080.610 8.405320e-17
8083.318 8.685111e-17
8086.026 8.673253e-17
8088.735 8.606449e-17
8091.445 8.742825e-17
8094.154 8.511607e-17
8096.864 8.649216e-17
8099.574 8.677096e-17
8102.284 8.780089e-17
8104.996 8.752105e-17
8107.707 8.813410e-17
8110.418 8.766959e-17
8113.131 8.814088e-17
8115.844 8.736509e-17
8118.547 9.162045e-17
8121.269 8.854236e-17
8123.983 8.864854e-17
8126.699 8.709197e-17
8129.411 8.858527e-17
8132.126 8.598217e-17
8134.853 8.138850e-17
8137.557 8.265924e-17
8140.272 8.475372e-17
8142.987 8.558724e-17
8145.704 8.484163e-17
8148.421 8.272016e-17
8151.140 8.081263e-17
8153.856 8.207667e-17
8156.574 8.438316e-17
8159.283 9.069685e-17
8162.010 8.639600e-17
8164.730 8.155019e-17
8167.457 8.151998e-17
8170.176 8.532554e-17
8172.888 9.222418e-17
8175.617 9.274137e-17
8178.329 9.231309e-17
8181.051 8.994121e-17
8183.772 9.718803e-17
8186.494 1.064718e-16
8189.216 1.075155e-16
8191.939 1.071392e-16
8194.662 1.109540e-16
8197.385 1.130169e-16
8200.120 1.102930e-16
8202.824 1.199091e-16
8205.558 1.292723e-16
8208.282 1.331151e-16
8211.007 1.352453e-16
8213.732 1.340799e-16
8216.466 1.377532e-16
8219.185 1.390175e-16
8221.911 1.376970e-16
8224.649 1.316231e-16
8227.365 1.194503e-16
8230.091 1.063721e-16
8232.828 1.076650e-16
8235.549 1.225051e-16
8238.277 1.369721e-16
8241.006 1.451535e-16
8243.736 1.435718e-16
8246.466 1.464991e-16
8249.198 1.538195e-16
8251.918 1.613236e-16
8254.656 1.585349e-16
8257.386 1.529097e-16
8260.119 1.467832e-16
8262.851 1.412733e-16
8265.586 1.424125e-16
8268.316 1.416689e-16
8271.048 1.418963e-16
8273.782 1.334667e-16
8276.521 1.225309e-16
8279.249 1.226657e-16
8281.982 1.238507e-16
8284.718 1.255236e-16
8287.453 1.241515e-16
8290.188 1.246363e-16
8292.924 1.218159e-16
8295.660 1.217513e-16
8298.401 1.225690e-16
8301.133 1.249823e-16
8303.870 1.225593e-16
8306.608 1.189158e-16
8309.346 1.222442e-16
8312.084 1.250205e-16
8314.822 1.237473e-16
8317.561 1.211158e-16
8320.300 1.164265e-16
8323.040 1.154168e-16
8325.780 1.189055e-16
8328.520 1.214062e-16
8331.260 1.199460e-16
8334.002 1.191801e-16
8336.744 1.139210e-16
8339.484 1.165669e-16
8342.226 1.147607e-16
8344.968 1.139741e-16
8347.711 1.142981e-16
8350.454 1.184340e-16
8353.197 1.136616e-16
8355.941 1.121396e-16
8358.685 1.136695e-16
8361.430 1.108766e-16
8364.174 1.104874e-16
8366.919 1.089146e-16
8369.665 1.079634e-16
8372.410 1.072349e-16
8375.157 1.039803e-16
8377.903 1.054642e-16
8380.649 1.055762e-16
8383.396 1.048728e-16
8386.144 1.017911e-16
8388.892 1.009152e-16
8391.641 1.015494e-16
8394.389 1.010526e-16
8397.137 1.007436e-16
8399.886 1.006663e-16
8402.636 1.010517e-16
8405.386 9.858455e-17
8408.137 1.022774e-16
8410.887 1.073503e-16
8413.637 1.135429e-16
8416.388 1.202028e-16
8419.140 1.259956e-16
8421.889 1.297770e-16
8424.644 1.269349e-16
8427.396 1.155663e-16
8430.150 1.024001e-16
8432.903 9.793509e-17
8435.656 9.242248e-17
8438.411 9.022527e-17
8441.165 8.989594e-17
8443.916 8.895373e-17
8446.674 8.895429e-17
8449.429 8.723427e-17
8452.185 8.637321e-17
8454.941 8.716501e-17
8457.697 8.480452e-17
8460.454 8.549597e-17
8463.210 8.488972e-17
8465.968 8.443522e-17
8468.725 8.536169e-17
8471.484 8.797284e-17
8474.242 8.717706e-17
8477.001 8.663189e-17
8479.760 8.897905e-17
8482.519 9.016013e-17
8485.279 9.459631e-17
8488.038 1.007442e-16
8490.799 1.129209e-16
8493.560 1.324559e-16
8496.330 1.551593e-16
8499.081 1.773112e-16
8501.835 1.971862e-16
8504.585 1.945354e-16
8507.367 1.770500e-16
8510.111 1.340617e-16
8512.897 1.148998e-16
8515.655 9.798470e-17
8518.420 8.973603e-17
8521.193 8.919868e-17
8523.948 8.426097e-17
8526.713 8.446737e-17
8529.491 8.466970e-17
8532.242 8.190965e-17
8535.009 8.137132e-17
8537.775 7.931984e-17
8540.540 8.054246e-17
8543.312 7.707900e-17
8546.075 7.831432e-17
8548.842 7.950139e-17
8551.609 7.895364e-17
8554.377 7.782757e-17
8557.145 7.818381e-17
8559.913 7.930398e-17
8562.683 7.834308e-17
8565.452 7.888571e-17
8568.222 7.754998e-17
8571.000 7.986544e-17
8573.761 7.604068e-17
8576.540 7.753313e-17
8579.303 7.788943e-17
8582.074 7.590683e-17
8584.845 7.775070e-17
8587.625 8.015348e-17
8590.389 7.767618e-17
8593.162 7.701404e-17
8595.927 7.425851e-17
8598.708 7.636842e-17
8601.489 7.726370e-17
8604.263 7.658846e-17
8607.029 7.420545e-17
8609.803 7.283172e-17
8612.585 7.611481e-17
8615.360 7.717682e-17
8618.128 7.452388e-17
8620.905 7.571303e-17
8623.680 7.471356e-17
8626.457 7.376813e-17
8629.233 7.504167e-17
8632.010 7.449269e-17
8634.787 7.291565e-17
8637.565 7.585743e-17
8640.349 7.426958e-17
8643.123 7.223806e-17
8645.900 7.195542e-17
8648.679 7.211884e-17
8651.458 7.365302e-17
8654.238 7.308219e-17
8657.018 7.463931e-17
8659.797 7.159464e-17
8662.584 7.553519e-17
8665.359 7.126368e-17
8668.140 7.450288e-17
8670.927 7.242665e-17
8673.703 7.166111e-17
8676.486 7.263966e-17
8679.275 7.492840e-17
8682.045 6.797448e-17
8684.833 7.412075e-17
8687.621 6.886634e-17
8690.400 7.249228e-17
8693.185 7.545034e-17
8695.973 7.218584e-17
8698.749 7.335698e-17
8701.544 7.593613e-17
8704.319 7.104517e-17
8707.117 7.594374e-17
8709.939 7.298212e-17
8712.681 7.570255e-17
8715.473 7.485014e-17
8718.260 7.154272e-17
8721.047 7.121561e-17
8723.834 7.219138e-17
8726.613 6.988821e-17
8729.424 7.902912e-17
8732.213 7.797620e-17
8734.991 7.262518e-17
8737.768 7.253063e-17
8740.597 7.575541e-17
8743.347 7.007966e-17
8746.161 7.961360e-17
8748.935 7.624061e-17
8751.726 7.379325e-17
8754.532 8.034582e-17
8757.306 7.666242e-17
8760.094 7.611539e-17
8762.885 7.185053e-17
8765.678 7.588997e-17
8768.470 7.528499e-17
8771.267 7.635163e-17
8774.056 7.496509e-17
8776.852 7.863068e-17
8779.658 7.885929e-17
8782.447 7.374181e-17
8785.242 7.591684e-17
8788.076 7.064829e-17
8790.842 7.095314e-17
8793.615 7.427028e-17
8796.429 7.611813e-17
8799.206 6.864615e-17
8801.994 6.977457e-17
8804.839 7.399339e-17
8807.603 6.977672e-17
8810.378 6.435437e-17
8813.208 7.640401e-17
8815.980 7.198605e-17
8818.779 6.472806e-17
8821.619 7.652479e-17
8824.388 6.717049e-17
8827.182 7.103209e-17
8829.981 7.487326e-17
8832.781 7.923480e-17
8835.580 7.661396e-17
8838.394 7.959803e-17
8841.180 7.309182e-17
8843.967 6.127373e-17
8846.798 7.992823e-17
8849.603 7.468035e-17
8852.400 8.159116e-17
8855.195 7.987535e-17
8857.976 6.634489e-17
8860.789 7.158995e-17
8863.603 7.889330e-17
8866.410 7.797176e-17
8869.215 8.212882e-17
8872.017 8.032847e-17
8874.822 8.331663e-17
8877.609 6.594744e-17
8880.427 7.870237e-17
8883.230 8.275096e-17
8886.026 7.569481e-17
8888.841 8.346477e-17
8891.639 7.443064e-17
8894.454 7.765346e-17
8897.260 7.978233e-17
8900.064 7.955927e-17
8902.873 8.309975e-17
8905.677 8.002793e-17
8908.484 7.843889e-17
8911.295 7.726876e-17
8914.103 7.866104e-17
8916.907 7.921680e-17
8919.711 7.468417e-17
8922.521 7.280182e-17
8925.321 6.977382e-17
8928.147 7.781842e-17
8930.958 7.396012e-17
8933.769 7.404747e-17
8936.579 7.423496e-17
8939.389 7.564617e-17
8942.193 7.176966e-17
8945.009 7.159656e-17
8947.820 7.267344e-17
8950.630 6.948281e-17
8953.447 7.083750e-17
8956.258 7.305846e-17
8959.071 7.309818e-17
8961.868 6.012912e-17
8964.696 6.543275e-17
8967.502 6.258656e-17
8970.329 6.601953e-17
8973.141 6.640057e-17
8975.942 6.187003e-17
8978.765 6.905784e-17
8981.587 6.910231e-17
8984.402 6.922132e-17
8987.214 6.480090e-17
8990.015 5.444680e-17
8992.846 5.322118e-17
8995.649 5.711752e-17
8998.480 6.945441e-17
9001.296 6.886312e-17
9004.107 6.378695e-17
9006.916 6.327703e-17
9009.742 6.422271e-17
9012.557 6.447974e-17
9015.377 6.172969e-17
9018.194 6.310533e-17
9021.027 6.729463e-17
9023.832 6.551245e-17
9026.652 6.030729e-17
9029.471 6.179155e-17
9032.306 7.168333e-17
9035.112 7.025263e-17
9037.942 7.868621e-17
9040.750 7.194636e-17
9043.585 7.745813e-17
9046.391 6.943626e-17
9049.228 7.324827e-17
9052.039 6.789886e-17
9054.873 7.296021e-17
9057.686 6.774852e-17
9060.510 6.783320e-17
9063.332 6.671509e-17
9066.151 6.197639e-17
9069.052 7.086022e-17
9071.804 6.064423e-17
9074.629 6.019149e-17
9077.455 6.038471e-17
9080.279 6.048506e-17
9083.175 5.897331e-17
9085.930 6.006480e-17
9088.756 6.441400e-17
9091.653 6.302980e-17
9094.402 6.244680e-17
9097.230 5.967282e-17
9100.056 5.704717e-17
9102.917 7.703211e-17
9105.715 6.412272e-17
9108.567 7.033109e-17
9111.363 5.529657e-17
9114.197 6.240231e-17
9117.105 6.991354e-17
9119.903 6.029862e-17
9122.682 5.228986e-17
9125.546 8.053127e-17
9128.326 5.235389e-17
9131.168 5.252051e-17
9134.029 6.238519e-17
9136.881 5.524522e-17
9139.662 4.684516e-17
9142.544 5.959340e-17
9145.354 7.306412e-17
9148.146 5.119071e-17
9151.043 5.846043e-17
9153.846 5.969963e-17
9156.676 5.300605e-17
9159.541 5.203721e-17
9162.349 7.500620e-17
9165.206 6.800249e-17
9168.012 7.252111e-17
9170.873 6.021544e-17
9173.655 4.746075e-17
9176.543 4.920527e-17
9179.348 5.882071e-17
9182.154 4.732326e-17
9184.967 3.907705e-17
9187.854 6.464937e-17
9190.718 5.967302e-17
9193.483 4.357014e-17
9196.390 5.816770e-17
9199.226 5.928154e-17
9202.028 6.575694e-17
9204.885 5.048889e-17
9207.735 6.673824e-17
9210.576 6.443094e-17
9213.378 6.291874e-17
9216.243 6.326789e-17
9219.054 6.076734e-17
9221.892 6.482662e-17
9224.729 6.318959e-17
9227.569 6.036610e-17
9230.400 6.384404e-17
9233.243 6.153582e-17
9236.089 6.211979e-17
9238.929 5.982198e-17
9241.769 5.631711e-17
9244.611 5.743705e-17
9247.450 5.721431e-17
9250.276 5.449087e-17
9253.120 5.332480e-17
9255.961 5.368580e-17
9258.799 5.586972e-17
9261.657 5.499865e-17
9264.486 5.405307e-17
9267.334 5.782684e-17
9270.172 5.332810e-17
9273.006 5.189503e-17
9275.863 5.104942e-17
9278.716 5.097830e-17
9281.538 4.387410e-17
9284.395 4.573136e-17
9287.239 4.420515e-17
9290.071 4.299064e-17
9292.917 4.346882e-17
9295.761 4.129566e-17
9298.620 3.932864e-17
9301.467 3.829960e-17
9304.331 4.651962e-17
9307.146 3.616232e-17
9310.000 3.493967e-17
9312.855 3.649157e-17
9315.694 3.598591e-17
9318.541 3.293706e-17
9321.391 2.826786e-17
9324.229 2.532699e-17
9327.086 2.513956e-17
9329.934 2.764168e-17
9332.766 2.621898e-17
9335.632 2.508623e-17
9338.481 2.147399e-17
9341.331 2.043393e-17
9344.181 1.973111e-17
9347.041 2.029081e-17
9349.880 2.441132e-17
9352.739 3.606056e-17
9355.590 2.860749e-17
9358.441 2.294801e-17
9361.292 2.661051e-17
9364.141 3.183404e-17
9366.985 2.856528e-17
9369.846 2.490986e-17
9372.685 2.308757e-17
9375.537 2.482147e-17
9378.389 2.826140e-17
9381.243 2.331216e-17
9384.104 2.298202e-17
9386.960 2.968500e-17
9389.815 3.423491e-17
9392.668 3.868375e-17
9395.521 4.211684e-17
9398.375 4.152764e-17
9401.229 3.550955e-17
9404.074 3.059785e-17
9406.929 3.140274e-17
9409.795 3.581522e-17
9412.651 3.159947e-17
9415.505 3.165568e-17
9418.357 3.171733e-17
9421.214 3.213402e-17
9424.072 3.058765e-17
9426.918 2.591678e-17
9429.788 2.230425e-17
9432.657 2.082978e-17
9435.499 3.076690e-17
9438.356 3.078280e-17
9441.204 2.084179e-17
9444.067 1.613711e-17
9446.926 1.956178e-17
9449.785 2.668286e-17
9452.647 3.085373e-17
9455.507 2.824706e-17
9458.360 1.999171e-17
9461.219 1.634309e-17
9464.079 2.013297e-17
9466.956 2.327243e-17
9469.801 2.252870e-17
9472.660 2.241883e-17
9475.518 2.387542e-17
9478.373 2.297064e-17
9481.240 2.000039e-17
9484.101 1.794264e-17
9486.973 2.003891e-17
9489.842 2.644067e-17
9492.704 2.766901e-17
9495.550 2.157992e-17
9498.427 1.724327e-17
9501.272 1.659913e-17
9504.135 1.671115e-17
9506.997 2.148576e-17
9509.863 2.634043e-17
9512.742 2.761831e-17
9515.590 2.354152e-17
9518.453 1.990832e-17
9521.320 1.819742e-17
9524.184 1.763762e-17
9527.046 1.759707e-17
9529.911 2.001291e-17
9532.780 2.241641e-17
9535.655 2.343345e-17
9538.498 2.000386e-17
9541.372 2.145805e-17
9544.242 2.124886e-17
9547.104 1.883187e-17
9549.969 2.027693e-17
9552.827 1.924350e-17
9555.701 2.021688e-17
9558.569 1.807707e-17
9561.443 2.052107e-17
9564.307 2.159852e-17
9567.170 1.887086e-17
9570.037 1.805887e-17
9572.906 2.109110e-17
9575.776 2.233076e-17
9578.645 2.256671e-17
9581.518 2.237411e-17
9584.389 2.139344e-17
9587.252 2.127437e-17
9590.133 1.822767e-17
9592.996 1.681038e-17
9595.867 1.884506e-17
9598.763 1.991334e-17
9601.607 2.143182e-17
9604.476 2.333273e-17
9607.340 2.122212e-17
9610.217 2.246083e-17
9613.082 2.084944e-17
9615.959 2.399090e-17
9618.830 2.282738e-17
9621.703 2.014361e-17
9624.574 2.041891e-17
9627.439 1.891562e-17
9630.319 2.119295e-17
9633.191 2.354258e-17
9636.064 2.432686e-17
9638.938 2.120658e-17
9641.836 1.885247e-17
9644.685 2.114241e-17
9647.558 2.035686e-17
9650.436 1.817787e-17
9653.306 2.128338e-17
9656.180 2.316755e-17
9659.053 2.299394e-17
9661.928 2.121588e-17
9664.804 1.996812e-17
9667.678 2.156435e-17
9670.555 1.879073e-17
9673.428 2.281432e-17
9676.304 2.454659e-17
9679.178 2.625537e-17
9682.055 2.316737e-17
9684.930 2.332826e-17
9687.800 2.328552e-17
9690.686 2.565274e-17
9693.563 2.490564e-17
9696.460 2.274475e-17
9699.316 2.346747e-17
9702.193 2.471990e-17
9705.070 2.450520e-17
9707.941 2.300963e-17
9710.829 2.116954e-17
9713.705 2.336238e-17
9716.568 2.823009e-17
9719.462 2.031216e-17
9722.341 2.324789e-17
9725.219 2.365491e-17
9728.099 2.226736e-17
9730.979 2.235811e-17
9733.859 2.263097e-17
9736.739 1.947776e-17
9739.619 1.779922e-17
9742.499 1.925541e-17
9745.370 1.970792e-17
9748.259 1.877700e-17
9751.140 2.363713e-17
9754.041 1.972864e-17
9756.922 1.940652e-17
9759.803 1.942424e-17
9762.667 1.951475e-17
9765.567 1.841059e-17
9768.428 2.292367e-17
9771.312 1.981796e-17
9774.213 2.143691e-17
9777.076 1.830578e-17
9779.975 2.065389e-17
9782.842 1.942228e-17
9785.726 2.347981e-17
9788.605 1.926172e-17
9791.485 1.914805e-17
9794.372 1.832081e-17
9797.255 1.802338e-17
9800.141 1.860084e-17
9803.017 1.978671e-17
9805.907 1.875646e-17
9808.793 1.891096e-17
9811.670 2.124842e-17
9814.562 1.894437e-17
9817.447 1.997395e-17
9820.310 1.901736e-17
9823.219 1.862091e-17
9826.104 1.834134e-17
9828.989 1.845914e-17
9831.867 1.826889e-17
9834.758 2.204694e-17
9837.648 1.986105e-17
9840.551 2.101912e-17
9843.444 2.499429e-17
9846.306 1.888500e-17
9849.194 1.732697e-17
9852.071 2.081614e-17
9854.968 2.328372e-17
9857.872 1.891549e-17
9860.751 2.370156e-17
9863.632 1.994701e-17
9866.516 2.159467e-17
9869.393 2.234058e-17
9872.294 1.860475e-17
9875.174 1.965530e-17
9878.063 2.214717e-17
9880.962 1.936113e-17
9883.851 1.908166e-17
9886.729 1.823407e-17
9889.632 2.361322e-17
9892.519 2.018810e-17
9895.411 2.326972e-17
9898.296 1.991602e-17
9901.188 1.879433e-17
9904.079 1.762337e-17
9906.972 1.906811e-17
9909.858 1.938414e-17
9912.741 1.944223e-17
9915.638 1.741135e-17
9918.522 1.785022e-17
9921.412 2.170514e-17
9924.305 1.988465e-17
9927.207 1.830602e-17
9930.088 2.035010e-17
9932.984 2.007986e-17
9935.875 2.102337e-17
9938.771 1.775452e-17
9941.655 2.082158e-17
9944.550 1.983926e-17
9947.443 1.826108e-17
9950.334 2.150037e-17
9953.234 1.842565e-17
9956.122 1.849434e-17
9959.015 1.896783e-17
9961.914 1.672985e-17
9964.802 1.836720e-17
9967.703 1.762922e-17
9970.589 2.039382e-17
9973.485 2.051012e-17
9976.386 1.812053e-17
9979.276 1.972984e-17
9982.169 2.089441e-17
9985.063 1.951853e-17
9987.957 1.784099e-17
9990.858 1.642844e-17
9993.756 1.850071e-17
9996.628 2.065009e-17
9999.539 1.753181e-17
10002.435 1.815349e-17
10005.335 1.745811e-17
10008.226 1.874079e-17
10011.122 1.819963e-17
10014.018 1.813355e-17
10016.914 1.696121e-17
10019.811 1.911356e-17
10022.709 1.878803e-17
10025.609 1.642215e-17
10028.519 1.609775e-17
10031.399 1.695590e-17
10034.301 1.824996e-17
10037.200 1.646781e-17
10040.097 1.603945e-17
10042.988 1.751963e-17
10045.890 1.975676e-17
10048.805 1.643548e-17
10051.682 1.733796e-17
10054.585 1.687268e-17
10057.500 1.477466e-17
10060.383 1.520842e-17
10063.282 1.592346e-17
10066.176 1.678480e-17
10069.067 1.714235e-17
10071.978 1.797408e-17
10074.890 1.573892e-17
10077.770 1.578753e-17
10080.682 1.514209e-17
10083.572 1.620603e-17
10086.472 1.649180e-17
10089.372 1.575702e-17
10092.272 1.713466e-17
10095.169 1.669952e-17
10098.072 1.619787e-17
10100.964 1.698625e-17
10103.874 1.624140e-17
10106.784 1.405471e-17
10109.673 1.727973e-17
10112.578 1.646000e-17
10115.478 1.569337e-17
10118.395 1.356053e-17
10121.280 1.535845e-17
10124.181 1.460524e-17
10127.082 1.594810e-17
10129.986 1.640441e-17
10132.879 1.663726e-17
10135.799 1.474794e-17
10138.703 1.424471e-17
10141.602 1.526539e-17
10144.506 1.432241e-17
10147.400 1.534424e-17
10150.301 1.535921e-17
10153.208 1.543184e-17
10156.107 1.463161e-17
10159.010 1.598535e-17
10161.913 1.502606e-17
10164.817 1.585974e-17
10167.719 1.526520e-17
10170.622 1.419997e-17
10173.528 1.490075e-17
10176.422 1.641596e-17
10179.344 1.410055e-17
10182.240 1.523215e-17
10185.142 1.503218e-17
10188.039 1.699922e-17
10190.951 1.509251e-17
10193.865 1.325555e-17
10196.760 1.510565e-17
10199.666 1.591244e-17
10202.569 1.549535e-17
10205.474 1.480374e-17
10208.379 1.451918e-17
10211.284 1.424794e-17
10214.181 1.514681e-17
10217.097 1.440220e-17
10220.014 1.453578e-17
10222.906 1.500953e-17
10225.813 1.379325e-17
10228.721 1.395680e-17
10231.624 1.491759e-17
10234.531 1.591014e-17
10237.436 1.501168e-17
10240.344 1.452684e-17
10243.249 1.564653e-17
10246.164 1.463390e-17
10249.062 1.593425e-17
10251.959 1.581406e-17
10254.876 1.445793e-17
10257.771 1.570061e-17
10260.691 1.417070e-17
10263.602 1.462677e-17
10266.498 1.626761e-17
10269.410 1.455413e-17
10272.308 1.523730e-17
10275.226 1.427609e-17
10278.142 1.301540e-17
10281.063 1.300687e-17
10283.949 1.541464e-17
10286.856 1.360134e-17
10289.759 1.393651e-17
10292.672 1.455858e-17
10295.580 2.240259e-19
