MJD mag magerr band
56670.95023446 13.452 0.101 WISE_W2
56670.95023446 14.268 0.056 WISE_W1
56671.0819021 14.524 0.074 WISE_W1
56671.0819021 13.413 0.095 WISE_W2
56671.08202946 14.441 0.069 WISE_W1
56671.08202946 13.525 0.09 WISE_W2
56671.21369709 13.436 0.087 WISE_W2
56671.21369709 14.282 0.055 WISE_W1
56671.27965828 14.465 0.08 WISE_W1
56671.27965828 13.859 0.137 WISE_W2
56671.34549209 13.899 0.252 WISE_W2
56671.34549209 14.32 0.059 WISE_W1
56671.41132596 13.574 0.1 WISE_W2
56671.41132596 14.624 0.078 WISE_W1
56671.41145328 13.555 0.091 WISE_W2
56671.41145328 14.421 0.084 WISE_W1
56671.54312091 14.395 0.06 WISE_W1
56671.54312091 13.433 0.094 WISE_W2
56671.60908206 14.497 0.069 WISE_W1
56671.60908206 13.704 0.157 WISE_W2
56671.67491593 13.657 0.125 WISE_W2
56671.67491593 14.291 0.056 WISE_W1
56671.74074975 13.566 0.117 WISE_W2
56671.74074975 14.427 0.071 WISE_W1
56671.80671093 14.413 0.07 WISE_W1
56671.80671093 13.478 0.125 WISE_W2
56671.93837857 13.58 0.105 WISE_W2
56671.93837857 14.382 0.07 WISE_W1
56671.93850593 14.418 0.063 WISE_W1
56671.93850593 13.554 0.124 WISE_W2
56672.07017356 14.528 0.073 WISE_W1
56672.07017356 13.432 0.09 WISE_W2
56850.45065008 14.448 0.063 WISE_W1
56850.45065008 13.662 0.13 WISE_W2
56850.58218975 14.377 0.072 WISE_W1
56850.58218975 13.644 0.129 WISE_W2
56850.71385686 13.511 0.167 WISE_W2
56850.71385686 14.244 0.06 WISE_W1
56850.77956302 14.59 0.081 WISE_W1
56850.77956302 13.42 0.088 WISE_W2
56850.84539657 13.581 0.117 WISE_W2
56850.84539657 14.344 0.067 WISE_W1
56850.91110282 14.462 0.071 WISE_W1
56850.91110282 13.485 0.105 WISE_W2
56850.91123019 14.294 0.069 WISE_W1
56850.91123019 13.742 0.146 WISE_W2
56850.97693639 13.826 0.128 WISE_W2
56850.97693639 14.383 0.067 WISE_W1
56851.0427699 13.355 0.129 WISE_W2
56851.0427699 14.392 0.068 WISE_W1
56851.10847615 13.31 0.094 WISE_W2
56851.10847615 14.512 0.071 WISE_W1
56851.17430971 13.404 0.107 WISE_W2
56851.17430971 14.252 0.072 WISE_W1
56851.24014322 13.559 0.1 WISE_W2
56851.24014322 14.437 0.067 WISE_W1
56851.30584938 14.41 0.081 WISE_W1
56851.30584938 13.742 0.15 WISE_W2
56851.43751649 13.601 0.113 WISE_W2
56851.43751649 14.415 0.063 WISE_W1
56851.56905677 14.287 0.067 WISE_W1
56851.56905677 13.542 0.138 WISE_W2
56851.70059648 13.596 0.104 WISE_W2
56851.70059648 14.323 0.067 WISE_W1
57034.90986039 13.496 0.089 WISE_W2
57034.90986039 14.337 0.057 WISE_W1
57034.97556692 14.418 0.064 WISE_W1
57034.97556692 13.64 0.101 WISE_W2
57037.40658053 14.282 0.06 WISE_W1
57037.40658053 13.397 0.08 WISE_W2
57037.66940666 13.516 0.096 WISE_W2
57037.66940666 14.07 0.063 WISE_W1
57037.80081971 14.42 0.07 WISE_W1
57037.80081971 13.818 0.174 WISE_W2
57037.93210536 14.3 0.088 WISE_W1
57037.93210536 13.489 0.087 WISE_W2
57037.93223267 13.367 0.09 WISE_W2
57037.93223267 14.299 0.056 WISE_W1
57037.99781189 13.421 0.085 WISE_W2
57037.99781189 14.429 0.061 WISE_W1
57038.06351841 14.364 0.065 WISE_W1
57038.06351841 13.431 0.129 WISE_W2
57038.1292249 13.471 0.091 WISE_W2
57038.1292249 14.241 0.064 WISE_W1
57038.19493142 14.309 0.057 WISE_W1
57038.19493142 13.713 0.119 WISE_W2
57038.2606379 13.297 0.077 WISE_W2
57038.2606379 14.271 0.065 WISE_W1
57038.32634443 14.365 0.059 WISE_W1
57038.32634443 13.293 0.078 WISE_W2
57038.39205096 13.395 0.107 WISE_W2
57038.39205096 14.344 0.097 WISE_W1
57038.52346392 14.393 0.117 WISE_W1
57038.52346392 13.385 0.121 WISE_W2
57038.65487698 13.251 0.079 WISE_W2
57038.65487698 14.323 0.059 WISE_W1
57209.19584168 14.259 0.055 WISE_W1
57209.19584168 13.467 0.093 WISE_W2
57209.3269995 13.303 0.088 WISE_W2
57209.3269995 14.32 0.071 WISE_W1
57209.4582847 13.368 0.114 WISE_W2
57209.4582847 14.315 0.06 WISE_W1
57209.58944306 13.588 0.098 WISE_W2
57209.58944306 14.351 0.081 WISE_W1
57209.65502199 14.464 0.067 WISE_W1
57209.65502199 13.48 0.094 WISE_W2
57209.65514935 14.254 0.057 WISE_W1
57209.65514935 13.403 0.086 WISE_W2
57209.72072824 14.413 0.066 WISE_W1
57209.72072824 13.484 0.098 WISE_W2
57209.78630723 13.627 0.158 WISE_W2
57209.78630723 14.276 0.081 WISE_W1
57209.85188612 14.201 0.055 WISE_W1
57209.85188612 13.535 0.103 WISE_W2
57209.91746506 13.489 0.101 WISE_W2
57209.91746506 14.297 0.11 WISE_W1
57209.98317131 14.437 0.078 WISE_W1
57209.98317131 13.592 0.098 WISE_W2
57210.04875029 14.317 0.063 WISE_W1
57210.04875029 13.389 0.101 WISE_W2
57210.11432913 14.423 0.063 WISE_W1
57210.11432913 13.522 0.098 WISE_W2
57210.17990808 14.343 0.059 WISE_W1
57210.17990808 13.276 0.079 WISE_W2
57210.31119326 14.444 0.065 WISE_W1
57210.31119326 13.434 0.085 WISE_W2
57210.44235109 13.385 0.087 WISE_W2
57210.44235109 14.285 0.057 WISE_W1
57400.00735674 13.595 0.108 WISE_W2
57400.00735674 14.323 0.059 WISE_W1
57400.13851529 13.368 0.085 WISE_W2
57400.13851529 14.206 0.06 WISE_W1
57400.26954653 14.296 0.059 WISE_W1
57400.26954653 13.406 0.088 WISE_W2
57400.3351258 14.289 0.057 WISE_W1
57400.3351258 13.448 0.093 WISE_W2
57400.40070513 14.229 0.058 WISE_W1
57400.40070513 13.953 0.249 WISE_W2
57400.46628501 13.439 0.099 WISE_W2
57400.46628501 14.346 0.059 WISE_W1
57400.59744356 13.445 0.102 WISE_W2
57400.59744356 14.246 0.055 WISE_W1
57400.66289558 13.536 0.122 WISE_W2
57400.66289558 14.45 0.101 WISE_W1
57400.66302289 13.74 0.187 WISE_W2
57400.66302289 14.289 0.06 WISE_W1
57400.72847485 13.164 0.079 WISE_W2
57400.72847485 14.308 0.099 WISE_W1
57400.79405418 14.432 0.064 WISE_W1
57400.79405418 13.481 0.09 WISE_W2
57400.8596335 13.485 0.09 WISE_W2
57400.8596335 14.285 0.058 WISE_W1
57400.99079215 13.423 0.093 WISE_W2
57400.99079215 14.376 0.068 WISE_W1
57401.12182338 14.34 0.069 WISE_W1
57401.12182338 13.547 0.12 WISE_W2
57401.12195075 14.263 0.06 WISE_W1
57401.12195075 13.435 0.088 WISE_W2
57401.51517177 14.246 0.063 WISE_W1
57401.51517177 13.611 0.121 WISE_W2
57401.51529909 13.369 0.088 WISE_W2
57401.51529909 14.281 0.061 WISE_W1
57568.08637622 13.395 0.092 WISE_W2
57568.08637622 14.335 0.063 WISE_W1
57568.21740675 14.257 0.06 WISE_W1
57568.21740675 13.597 0.099 WISE_W2
57568.34843722 14.243 0.068 WISE_W1
57568.34843722 13.399 0.119 WISE_W2
57568.47946785 14.405 0.064 WISE_W1
57568.47946785 13.562 0.1 WISE_W2
57568.54491946 13.65 0.151 WISE_W2
57568.54491946 14.146 0.071 WISE_W1
57568.61049833 14.351 0.063 WISE_W1
57568.61049833 13.532 0.136 WISE_W2
57568.67594999 13.413 0.096 WISE_W2
57568.67594999 14.409 0.083 WISE_W1
57568.74152896 14.309 0.067 WISE_W1
57568.74152896 13.388 0.085 WISE_W2
57568.8069806 14.288 0.061 WISE_W1
57568.8069806 13.385 0.093 WISE_W2
57568.87255953 14.424 0.066 WISE_W1
57568.87255953 13.357 0.094 WISE_W2
57568.93801118 13.453 0.099 WISE_W2
57568.93801118 14.436 0.096 WISE_W1
57569.06904176 14.29 0.058 WISE_W1
57569.06904176 13.296 0.087 WISE_W2
57569.20007229 13.571 0.1 WISE_W2
57569.20007229 14.302 0.067 WISE_W1
57569.33110281 13.493 0.087 WISE_W2
57569.33110281 14.24 0.058 WISE_W1
57764.29730609 14.223 0.055 WISE_W1
57764.29730609 13.372 0.117 WISE_W2
57764.42821008 14.376 0.063 WISE_W1
57764.42821008 13.463 0.1 WISE_W2
57764.49378942 13.462 0.109 WISE_W2
57764.49378942 14.233 0.115 WISE_W1
57764.5592414 14.375 0.068 WISE_W1
57764.5592414 13.291 0.091 WISE_W2
57764.62469338 14.296 0.069 WISE_W1
57764.62469338 13.386 0.083 WISE_W2
57764.69027277 14.255 0.057 WISE_W1
57764.69027277 13.32 0.123 WISE_W2
57764.75572469 13.367 0.097 WISE_W2
57764.75572469 14.243 0.057 WISE_W1
57764.82117671 14.276 0.089 WISE_W1
57764.82117671 13.507 0.143 WISE_W2
57764.88675605 14.204 0.058 WISE_W1
57764.88675605 13.337 0.083 WISE_W2
57764.95220803 14.269 0.058 WISE_W1
57764.95220803 13.523 0.139 WISE_W2
57765.01766005 13.414 0.115 WISE_W2
57765.01766005 14.361 0.074 WISE_W1
57765.14869137 14.075 0.167 WISE_W2
57765.14869137 14.894 0.091 WISE_W1
57765.27972267 13.261 0.1 WISE_W2
57765.27972267 14.38 0.065 WISE_W1
57772.74609693 13.292 0.092 WISE_W2
57772.74609693 14.359 0.082 WISE_W1
57928.44128095 13.635 0.139 WISE_W2
57928.44128095 14.309 0.067 WISE_W1
57928.57231153 13.484 0.11 WISE_W2
57928.57231153 14.266 0.065 WISE_W1
57928.70321484 14.231 0.087 WISE_W1
57928.70321484 13.554 0.112 WISE_W2
57928.83411811 13.374 0.108 WISE_W2
57928.83411811 14.253 0.078 WISE_W1
57928.89956975 14.239 0.078 WISE_W1
57928.89956975 13.541 0.099 WISE_W2
57928.96502142 13.367 0.079 WISE_W2
57928.96502142 14.272 0.056 WISE_W1
57928.96514874 13.328 0.096 WISE_W2
57928.96514874 14.369 0.067 WISE_W1
57929.03060037 13.571 0.105 WISE_W2
57929.03060037 14.265 0.059 WISE_W1
57929.09605201 14.357 0.061 WISE_W1
57929.09605201 13.481 0.095 WISE_W2
57929.16150369 13.57 0.101 WISE_W2
57929.16150369 14.263 0.072 WISE_W1
57929.22695528 14.251 0.057 WISE_W1
57929.22695528 13.358 0.085 WISE_W2
57929.29240686 13.572 0.092 WISE_W2
57929.29240686 14.328 0.06 WISE_W1
57929.42331013 13.32 0.076 WISE_W2
57929.42331013 14.344 0.063 WISE_W1
57929.42343749 13.407 0.092 WISE_W2
57929.42343749 14.271 0.073 WISE_W1
57929.55434072 13.652 0.116 WISE_W2
57929.55434072 14.232 0.056 WISE_W1
57929.6852445 14.224 0.057 WISE_W1
57929.6852445 13.515 0.114 WISE_W2
57936.49399483 13.465 0.101 WISE_W2
57936.49399483 14.409 0.079 WISE_W1
57936.49412219 13.43 0.098 WISE_W2
57936.49412219 14.255 0.07 WISE_W1
57936.55957376 13.413 0.092 WISE_W2
57936.55957376 14.504 0.136 WISE_W1
58131.33556074 14.374 0.062 WISE_W1
58131.33556074 13.778 0.131 WISE_W2
58131.46646428 13.462 0.099 WISE_W2
58131.46646428 14.342 0.066 WISE_W1
58131.59736786 13.141 0.091 WISE_W2
58131.59736786 14.344 0.067 WISE_W1
58131.59749522 14.299 0.064 WISE_W1
58131.59749522 13.515 0.095 WISE_W2
58131.72839881 14.307 0.061 WISE_W1
58131.72839881 13.376 0.096 WISE_W2
58131.7938506 13.485 0.087 WISE_W2
58131.7938506 14.378 0.065 WISE_W1
58131.85930235 13.351 0.089 WISE_W2
58131.85930235 14.244 0.076 WISE_W1
58131.92475419 13.658 0.132 WISE_W2
58131.92475419 14.359 0.065 WISE_W1
58131.99020597 14.277 0.059 WISE_W1
58131.99020597 13.435 0.092 WISE_W2
58132.05565777 13.475 0.097 WISE_W2
58132.05565777 14.371 0.08 WISE_W1
58132.12110961 13.375 0.092 WISE_W2
58132.12110961 14.222 0.069 WISE_W1
58132.18656135 13.733 0.168 WISE_W2
58132.18656135 14.493 0.093 WISE_W1
58132.31746488 14.377 0.067 WISE_W1
58132.31746488 13.514 0.159 WISE_W2
58132.44836847 13.294 0.086 WISE_W2
58132.44836847 14.228 0.056 WISE_W1
58288.84472256 13.37 0.096 WISE_W2
58288.84472256 14.335 0.06 WISE_W1
58288.9754986 14.489 0.088 WISE_W1
58288.9754986 13.349 0.094 WISE_W2
58289.10640191 14.162 0.074 WISE_W1
58289.10640191 13.959 0.162 WISE_W2
58289.23730517 14.386 0.068 WISE_W1
58289.23730517 13.503 0.102 WISE_W2
58289.30275684 13.43 0.09 WISE_W2
58289.30275684 14.314 0.059 WISE_W1
58289.3682085 13.537 0.105 WISE_W2
58289.3682085 14.386 0.063 WISE_W1
58289.43366076 14.183 0.058 WISE_W1
58289.49860302 14.395 0.073 WISE_W1
58289.49860302 13.396 0.088 WISE_W2
58289.56405468 13.414 0.113 WISE_W2
58289.56405468 14.176 0.06 WISE_W1
58289.62988832 13.557 0.104 WISE_W2
58289.62988832 14.356 0.059 WISE_W1
58289.69533993 13.539 0.101 WISE_W2
58289.69533993 14.368 0.064 WISE_W1
58289.8262433 14.388 0.061 WISE_W1
58289.8262433 13.68 0.136 WISE_W2
58289.95714661 13.422 0.092 WISE_W2
58289.95714661 14.36 0.067 WISE_W1
58290.0879226 14.399 0.062 WISE_W1
58290.0879226 13.315 0.095 WISE_W2
58291.85422574 14.337 0.065 WISE_W1
58291.85422574 13.637 0.133 WISE_W2
58291.98512906 14.375 0.078 WISE_W1
58291.98512906 13.434 0.137 WISE_W2
58292.11603294 14.297 0.075 WISE_W1
58292.11603294 13.585 0.11 WISE_W2
58292.24693616 14.316 0.079 WISE_W1
58292.24693616 13.574 0.118 WISE_W2
58292.3122605 14.264 0.061 WISE_W1
58292.3122605 13.322 0.1 WISE_W2
58292.31238781 14.356 0.062 WISE_W1
58292.31238781 13.508 0.121 WISE_W2
58292.37771211 13.442 0.099 WISE_W2
58292.37771211 14.349 0.072 WISE_W1
58292.44316376 14.49 0.092 WISE_W1
58292.44316376 13.485 0.113 WISE_W2
58292.50861543 14.23 0.055 WISE_W1
58292.50861543 13.415 0.134 WISE_W2
58292.57406713 14.252 0.059 WISE_W1
58292.57406713 13.571 0.157 WISE_W2
58292.63951874 13.571 0.104 WISE_W2
58292.63951874 14.472 0.069 WISE_W1
58292.70497039 13.539 0.113 WISE_W2
58292.70497039 14.431 0.071 WISE_W1
58292.8358737 14.47 0.073 WISE_W1
58292.8358737 13.469 0.104 WISE_W2
58292.96664976 14.838 0.098 WISE_W1
58292.96664976 13.751 0.209 WISE_W2
58293.09755302 14.254 0.07 WISE_W1
58293.09755302 13.353 0.091 WISE_W2
58495.44384081 14.367 0.086 WISE_W1
58495.44384081 13.248 0.077 WISE_W2
58495.574617 13.61 0.14 WISE_W2
58495.574617 14.519 0.08 WISE_W1
58495.70552056 13.377 0.092 WISE_W2
58495.70552056 14.559 0.072 WISE_W1
58495.83642412 13.295 0.09 WISE_W2
58495.83642412 14.407 0.072 WISE_W1
58495.90187591 14.422 0.073 WISE_W1
58495.90187591 13.623 0.126 WISE_W2
58495.96720036 14.448 0.073 WISE_W1
58495.96720036 13.525 0.097 WISE_W2
58496.03265216 14.442 0.066 WISE_W1
58496.03265216 13.789 0.152 WISE_W2
58496.09810396 14.478 0.098 WISE_W1
58496.09810396 13.421 0.098 WISE_W2
58496.16355567 14.498 0.073 WISE_W1
58496.16355567 13.327 0.115 WISE_W2
58496.22900742 14.536 0.096 WISE_W1
58496.22900742 13.572 0.098 WISE_W2
58496.29445918 14.489 0.07 WISE_W1
58496.29445918 13.317 0.128 WISE_W2
58496.42523532 13.472 0.097 WISE_W2
58496.42523532 14.31 0.064 WISE_W1
58496.55562953 13.521 0.142 WISE_W2
58496.55562953 14.381 0.08 WISE_W1
58496.6870424 13.513 0.189 WISE_W2
58496.6870424 14.404 0.066 WISE_W1
58522.97320599994 20.061800003051758 0.20613400638103485 ZTF_g
58522.97320599994 20.211239682276194 0.12989752586682732 ZTF_g
58523.018923600204 19.877195181295242 0.09060037556760134 ZTF_g
58523.018923600204 19.774799346923828 0.17592599987983704 ZTF_g
58523.04114580015 20.107200622558594 0.18667100369930267 ZTF_r
58523.04114580015 20.035934598076665 0.09326543667856596 ZTF_r
58526.97035880014 19.98520073182772 0.11052447905989676 ZTF_g
58527.007685199846 19.928889201863697 0.1406005572918874 ZTF_r
58527.007685199846 19.922800064086914 0.2693910002708435 ZTF_r
58538.98091439996 19.63129997253418 0.2901819944381714 ZTF_r
58540.83253470017 19.56279945373535 0.15973199903964996 ZTF_r
58541.91958330013 19.402599334716797 0.1578350067138672 ZTF_g
58541.91958330013 19.417915227820686 0.09828450029224194 ZTF_g
58541.9818171002 19.380438229300452 0.051890416069305216 ZTF_r
58541.9818171002 19.520200729370117 0.184921994805336 ZTF_r
58547.85740739992 19.351600646972656 0.11513900011777878 ZTF_g
58547.85740739992 19.362053978908236 0.050010054509402456 ZTF_g
58547.94252309995 19.389576013103664 0.08273354965602532 ZTF_i
58556.93728009984 19.101299285888672 0.1334960013628006 ZTF_r
58556.93728009984 19.094795021526867 0.05491744749271731 ZTF_r
58556.94211809989 19.1344799028979 0.042779407832967464 ZTF_g
58556.94211809989 19.130699157714844 0.09933999925851822 ZTF_g
58557.024467600044 19.20511201517947 0.11352941001266216 ZTF_i
58558.77644680021 19.20516342038599 0.10271250978479146 ZTF_r
58558.77644680021 18.92889976501465 0.12884800136089325 ZTF_r
58560.7880092999 18.90891467348157 0.09137916016737148 ZTF_g
58560.7880092999 18.90169906616211 0.11242999881505966 ZTF_g
58560.80298609985 19.446640201105602 0.14532763759923417 ZTF_i
58567.87807870004 18.987199783325195 0.12990500032901764 ZTF_r
58567.87807870004 18.94684230497676 0.06514315181498703 ZTF_r
58567.95953699993 19.02199935913086 0.14555099606513977 ZTF_g
58567.95953699993 19.023583581707953 0.08279077952974404 ZTF_g
58572.83824069984 18.809999465942383 0.10603900253772736 ZTF_g
58572.83824069984 18.749306091130485 0.04394188896580788 ZTF_g
58572.86373839993 18.58394075480855 0.05579185809183814 ZTF_r
58572.86373839993 18.703500747680664 0.12145400047302246 ZTF_r
58572.91557870014 18.9112761361678 0.1380491000065776 ZTF_i
58575.85200229986 18.725299835205078 0.1358480006456375 ZTF_g
58575.85200229986 18.659680705537586 0.046637975029316395 ZTF_g
58575.91525459988 18.825000762939453 0.08085399866104126 ZTF_r
58575.91525459988 18.738403732348537 0.02953382129010787 ZTF_r
58580.83005789993 18.656700134277344 0.06834500283002853 ZTF_r
58580.83005789993 18.876592130831988 0.03984494756894998 ZTF_r
58580.89417820005 18.713899612426758 0.08748199790716171 ZTF_r
58580.89417820005 18.680152843153344 0.037215044282638374 ZTF_r
58580.91776619991 18.79289945860913 0.04502483608430799 ZTF_g
58580.91776619991 18.81559944152832 0.10928700119256973 ZTF_g
58581.89436340006 18.834273957861825 0.06933788823412117 ZTF_i
58583.83364580013 18.67300033569336 0.10596500337123871 ZTF_r
58583.83364580013 18.69657879761647 0.04291052905232543 ZTF_r
58583.875 18.725138068779405 0.03417768598569808 ZTF_g
58583.875 18.70330047607422 0.09216199815273285 ZTF_g
58586.80349540012 18.64867796633891 0.0604962512638291 ZTF_i
58586.816388899926 18.69610023498535 0.09258099645376205 ZTF_r
58586.816388899926 18.632258601988333 0.03750980701627864 ZTF_r
58586.899155099876 18.634105483658363 0.02943211607677695 ZTF_g
58586.899155099876 18.655799865722656 0.06989999860525131 ZTF_g
58589.73391199997 18.365299224853516 0.1300559937953949 ZTF_r
58589.73391199997 18.478530071607768 0.10583335878389766 ZTF_r
58591.879120400175 18.544700622558594 0.12222400307655334 ZTF_r
58591.879120400175 18.519206619204255 0.07809157948898302 ZTF_r
58593.80969909998 18.618787167823328 0.05571333901655922 ZTF_r
58593.80969909998 18.519899368286133 0.10398600250482559 ZTF_r
58594.79089119984 18.539374471623116 0.07277212299549336 ZTF_g
58594.79089119984 18.497100830078125 0.11234699934720993 ZTF_g
58594.80128470017 19.008737581792605 0.12348377123179692 ZTF_i
58594.80173610011 18.670742122233193 0.08997741076441026 ZTF_i
58594.856898100115 18.449199676513672 0.1201620027422905 ZTF_r
58594.856898100115 18.399855398183217 0.053745084373353194 ZTF_r
58596.85711809993 18.64434133219514 0.05634501101067042 ZTF_i
58597.797592599876 18.579200744628906 0.092010997235775 ZTF_g
58597.797592599876 18.557025254792567 0.028091594868704918 ZTF_g
58597.85491900006 18.54560089111328 0.09530799835920334 ZTF_r
58597.85491900006 18.47616468797724 0.0340239385125064 ZTF_r
58599.79668979999 18.462385388067588 0.0128830515653943 ZTF_g
58602.79637729982 18.429399490356445 0.10491500049829483 ZTF_r
58602.79637729982 18.400281696849564 0.02748662098091467 ZTF_r
58606.748645800166 18.371200561523438 0.06355100125074387 ZTF_r
58606.748645800166 18.508280599662754 0.026292454567486873 ZTF_r
58606.77461809991 18.452199935913086 0.07560800015926361 ZTF_r
58606.77461809991 18.381692934025267 0.025165520251928794 ZTF_r
58606.881169000175 18.4685001373291 0.06307599693536758 ZTF_g
58606.881169000175 18.426840798246573 0.022454065487832464 ZTF_g
58607.78229170013 18.55049649253099 0.0440727158042098 ZTF_i
58608.7666782001 18.507421011356918 0.024875194999331236 ZTF_r
58608.7666782001 18.440000534057617 0.05473800003528595 ZTF_r
58612.73118059989 18.3426203640337 0.02284156217324565 ZTF_r
58612.73118059989 18.404300689697266 0.06852199882268906 ZTF_r
58612.79328700015 18.359403746086 0.020356029209797444 ZTF_g
58612.79328700015 18.401500701904297 0.0713919997215271 ZTF_g
58612.816747699864 18.423721545696022 0.04113453111827532 ZTF_i
58616.75197920017 18.3172762868549 0.03394583373440986 ZTF_g
58616.75197920017 18.374399185180664 0.06248199939727783 ZTF_g
58616.797627300024 18.29837584907791 0.03165575377294751 ZTF_r
58616.797627300024 18.37969970703125 0.08260100334882736 ZTF_r
58616.83041669987 18.425775498942066 0.05023501713153689 ZTF_i
58617.76821759995 18.41210100543963 0.034115209358499196 ZTF_r
58617.76821759995 18.362300872802734 0.0835919976234436 ZTF_r
58618.7237383998 18.434444665639827 0.03937277642848134 ZTF_r
58618.7237383998 18.355199813842773 0.06584200263023376 ZTF_r
58619.77231479995 18.389739452787076 0.07218953133956624 ZTF_g
58619.77231479995 18.397899627685547 0.11436700075864792 ZTF_g
58619.81972219981 18.2694960996711 0.08400492187462823 ZTF_r
58619.81972219981 18.32029914855957 0.17004799842834473 ZTF_r
58627.92387730023 18.4321020680963 0.05191924996835713 ZTF_i
58628.82894679997 18.319400787353516 0.09133599698543549 ZTF_r
58628.82894679997 18.25020825380675 0.024450256557839896 ZTF_r
58633.756458300166 18.326400756835938 0.07082399725914001 ZTF_g
58633.756458300166 18.267976018491183 0.020497353692042777 ZTF_g
58633.80200230004 18.266599655151367 0.07221999764442444 ZTF_r
58633.80200230004 18.213181777584868 0.023329629610473024 ZTF_r
58634.804571799934 18.239817798248026 0.02099580094843079 ZTF_r
58634.804571799934 18.31599998474121 0.1043969988822937 ZTF_r
58634.80592590012 18.402421853326512 0.022614707692488082 ZTF_r
58634.80637730006 18.327525096882344 0.02119194777366911 ZTF_r
58635.68336809985 18.369285301692265 0.04807890469672655 ZTF_i
58636.71185189998 18.344200134277344 0.09115099906921387 ZTF_r
58636.71185189998 18.292163022954924 0.023047550768494303 ZTF_r
58636.775856500026 18.263680965861035 0.019261452410582153 ZTF_g
58636.775856500026 18.32550048828125 0.07115700095891953 ZTF_g
58638.745810199995 18.42870511840314 0.023012855759064293 ZTF_r
58638.74626159994 18.40076058240342 0.022192951165569116 ZTF_r
58638.74809029978 18.335100173950195 0.0702430009841919 ZTF_r
58638.74809029978 18.26080425199992 0.02143269192760515 ZTF_r
58639.70695600007 18.389102944846663 0.038528852682610575 ZTF_i
58639.77665509982 18.303499221801758 0.06424400210380554 ZTF_r
58639.77665509982 18.242856097487884 0.021605888526513236 ZTF_r
58642.678692100104 18.348499298095703 0.07676800340414047 ZTF_g
58642.678692100104 18.335918327403576 0.02569776406975254 ZTF_g
58642.75540510006 18.27647428735247 0.02162395102896264 ZTF_r
58642.75540510006 18.351200103759766 0.08031400293111801 ZTF_r
58642.79887730023 18.3262996673584 0.08340500295162201 ZTF_g
58642.79887730023 18.282970574143 0.01923406270524449 ZTF_g
58643.7113194 18.389253375849332 0.04569731813905959 ZTF_i
58645.734259299934 18.345199584960938 0.08723500370979309 ZTF_g
58645.734259299934 18.290538566190836 0.03351477516560202 ZTF_g
58645.77806709986 18.269956154327886 0.0379117471241919 ZTF_r
58645.77806709986 18.3356990814209 0.07423300296068192 ZTF_r
58648.7111343001 18.39389991760254 0.1202080026268959 ZTF_r
58648.7111343001 18.365587923432777 0.06361580761466407 ZTF_r
58648.775879600085 18.29613050723991 0.06125317284771946 ZTF_i
58648.82006940013 18.29494453159714 0.051398748410401277 ZTF_g
58648.82006940013 18.33769989013672 0.09289299696683884 ZTF_g
58651.69195599994 18.254499435424805 0.0961339995265007 ZTF_g
58651.69195599994 18.227620498272533 0.052470229522695165 ZTF_g
58651.75315969996 18.315706841581232 0.04847588082217536 ZTF_r
58651.75315969996 18.36520004272461 0.1212719976902008 ZTF_r
58652.733576400205 18.436233323590578 0.059860809371316936 ZTF_i
58654.691041700076 18.308399200439453 0.07231900095939636 ZTF_r
58654.691041700076 18.220675767650576 0.021959988953476346 ZTF_r
58654.74335649982 18.341999053955078 0.08580700308084488 ZTF_g
58654.74335649982 18.289122092240518 0.027423484136728127 ZTF_g
58656.03362984 13.859 0.05 WISE_W1
58656.03362984 13.163 0.091 WISE_W2
58656.16440573 14.044 0.063 WISE_W1
58656.16440573 13.266 0.118 WISE_W2
58656.29530884 13.909 0.061 WISE_W1
58656.29530884 13.081 0.07 WISE_W2
58656.42608464 13.903 0.07 WISE_W1
58656.42608464 13.24 0.084 WISE_W2
58656.49153619 13.167 0.085 WISE_W2
58656.49153619 13.883 0.046 WISE_W1
58656.5569878 13.377 0.107 WISE_W2
58656.5569878 13.938 0.048 WISE_W1
58656.62231199 13.912 0.049 WISE_W1
58656.62231199 13.102 0.071 WISE_W2
58656.68776359 13.957 0.048 WISE_W1
58656.68776359 13.077 0.073 WISE_W2
58656.7532152 13.002 0.082 WISE_W2
58656.7532152 13.857 0.048 WISE_W1
58656.81853948 13.88 0.049 WISE_W1
58656.81853948 13.359 0.081 WISE_W2
58656.88399104 13.929 0.045 WISE_W1
58656.88399104 13.121 0.091 WISE_W2
58656.94944264 13.93 0.048 WISE_W1
58656.94944264 13.13 0.076 WISE_W2
58657.01489425 13.182 0.089 WISE_W2
58657.01489425 13.868 0.046 WISE_W1
58657.14567008 13.161 0.082 WISE_W2
58657.14567008 13.942 0.047 WISE_W1
58657.27644583 13.222 0.072 WISE_W2
58657.27644583 13.802 0.043 WISE_W1
58657.75717590004 18.27848233068962 0.02656335207639549 ZTF_r
58657.75717590004 18.31089973449707 0.09821300208568573 ZTF_r
58659.673125000205 18.406067787201827 0.051236465149805496 ZTF_i
58660.69068290014 18.30940055847168 0.06778699904680252 ZTF_g
58660.69068290014 18.250810672565493 0.02024712987777757 ZTF_g
58660.71611109981 18.309999465942383 0.05688000097870827 ZTF_r
58660.71611109981 18.22359879094627 0.021709131404900116 ZTF_r
58663.676388899796 18.37756393576816 0.05746003734733176 ZTF_i
58663.69476850005 18.327800750732422 0.07448399811983109 ZTF_r
58663.69476850005 18.24648962104169 0.03038221811979897 ZTF_r
58663.71499999985 18.30620002746582 0.06506799906492233 ZTF_g
58663.71499999985 18.24201620133393 0.020823832141066458 ZTF_g
58666.67473379988 18.281700134277344 0.09276500344276428 ZTF_r
58666.67473379988 18.156529447531433 0.024998034794864867 ZTF_r
58666.70651620021 18.227825574254656 0.021126926711078197 ZTF_g
58666.70651620021 18.286800384521484 0.06258100271224976 ZTF_g
58667.6729629999 18.33835451891968 0.046999916461955164 ZTF_i
58669.68748839991 18.23557978368252 0.025389419172133207 ZTF_r
58669.68748839991 18.289499282836914 0.07290399819612503 ZTF_r
58671.672395799775 18.342716733954497 0.04594543912282158 ZTF_i
58672.678888900205 18.241914311722734 0.02714331163256102 ZTF_g
58672.678888900205 18.3080997467041 0.06869500130414963 ZTF_g
58672.696608799975 18.203397474555835 0.02411154635115399 ZTF_r
58672.696608799975 18.299699783325195 0.0703670009970665 ZTF_r
58675.67015049979 18.500579304759054 0.11875838297565142 ZTF_i
58675.67504630005 18.866128145480282 0.07902031768827096 ZTF_i
58675.73638889985 18.18692879675209 0.03296208801515388 ZTF_r
58675.73638889985 18.264699935913086 0.08998899906873703 ZTF_r
58675.8026389 18.273500442504883 0.08033999800682068 ZTF_g
58675.8026389 18.27038460366734 0.0481939783505203 ZTF_g
58678.68178239977 18.74979283196537 0.05994516106516237 ZTF_i
58678.696307899896 18.303600311279297 0.07667999714612961 ZTF_r
58678.696307899896 18.188308137870976 0.030846982956050012 ZTF_r
58678.757407399826 18.24811062643252 0.04121093139844778 ZTF_g
58678.757407399826 18.31909942626953 0.0915440022945404 ZTF_g
58681.67031250009 18.26301543772317 0.047112212521780314 ZTF_g
58681.67031250009 18.307199478149414 0.09480100125074387 ZTF_g
58681.74156250013 18.18314348174828 0.04165494284237045 ZTF_r
58681.74156250013 18.235000610351562 0.07986100018024445 ZTF_r
58684.68457179982 18.196537653271626 0.022184600261072898 ZTF_r
58684.68457179982 18.292499542236328 0.09549900144338608 ZTF_r
58684.72653939994 18.294200897216797 0.08816000074148178 ZTF_g
58684.72653939994 18.280639770587555 0.03221529862589741 ZTF_g
58689.67678239988 18.26099967956543 0.08435700088739395 ZTF_r
58689.67678239988 18.175724419509113 0.023625106876066778 ZTF_r
58692.67820600001 18.353900909423828 0.11661099642515182 ZTF_r
58692.67820600001 18.23695027386806 0.055035817803231774 ZTF_r
58692.69590280019 18.234922313226775 0.02186027710530417 ZTF_g
58692.69590280019 18.298599243164062 0.07886599749326706 ZTF_g
58698.67937499983 18.232037676474157 0.03431116472355363 ZTF_r
58698.67937499983 18.358600616455078 0.07319600135087967 ZTF_r
58704.65434029978 18.274231046652364 0.027049373816214445 ZTF_g
58705.661064799875 18.244006543882822 0.035512318938200914 ZTF_r
58705.661064799875 18.338300704956055 0.08633799850940704 ZTF_r
58708.65778939985 18.31879997253418 0.08306299895048141 ZTF_g
58708.65778939985 18.22560758427296 0.03962846120703648 ZTF_g
58712.739722200204 18.23310089111328 0.11450699716806412 ZTF_r
58712.739722200204 18.16068147049367 0.0563971725376384 ZTF_r
58715.65646990016 18.23143309900967 0.023099842819709407 ZTF_g
58715.65646990016 18.323299407958984 0.0635330006480217 ZTF_g
58718.645694400184 18.209231797820284 0.03854739844242 ZTF_r
58718.645694400184 18.300899505615234 0.07910799980163574 ZTF_r
58718.65822920017 18.34017091572251 0.027690791887335534 ZTF_g
58718.65822920017 18.381999969482422 0.0758180022239685 ZTF_g
58723.640474500135 18.342100143432617 0.10467399656772614 ZTF_r
58723.640474500135 18.303026069835262 0.04606924192212659 ZTF_r
58723.6553588002 18.319299697875977 0.07708700001239777 ZTF_g
58723.6553588002 18.286184834403585 0.031641808460603306 ZTF_g
58726.63991900021 18.27855963860375 0.04182163626717801 ZTF_r
58726.63991900021 18.338899612426758 0.10468900203704834 ZTF_r
58726.66152779991 18.37150001525879 0.08806099742650986 ZTF_g
58726.66152779991 18.34226522890346 0.03356162319473145 ZTF_g
58728.63340280019 18.225409045807886 0.043211832355742615 ZTF_g
58729.65912039997 18.298888650758308 0.11208683933276796 ZTF_g
58734.65140049998 18.370029982901844 0.051224638697444015 ZTF_g
58734.65140049998 18.38610076904297 0.08596500009298325 ZTF_g
58746.6176967998 18.29379650764946 0.06306847061569479 ZTF_r
58746.62201389996 18.319616044109218 0.04664137938382358 ZTF_r
58746.62634260021 18.345513302892176 0.047877325045409355 ZTF_r
58746.630659699906 18.266236936537876 0.04191233629253217 ZTF_r
58748.61605319986 18.361943025115387 0.06162311188430122 ZTF_r
58748.62112270016 18.355114896281677 0.052795220987274315 ZTF_r
58748.63071760023 18.464773360493673 0.06174609358922565 ZTF_r
58750.61225689994 18.416712074217607 0.1171525885340399 ZTF_r
58750.6171875 18.410364580674713 0.0849433139399286 ZTF_r
58750.62210649997 18.358485280319066 0.06881011893592445 ZTF_r
58750.62701389985 18.48196450320429 0.08369025504276811 ZTF_r
58754.61576389987 18.43564763299511 0.0572749335660921 ZTF_r
58754.62059029983 18.318709927861057 0.0486432636155436 ZTF_r
58754.625405100174 18.39629673942919 0.055874796095520506 ZTF_r
58758.60243060021 18.121991466883927 0.09130355774099089 ZTF_r
58758.60729169985 18.379824044851546 0.08328333001035075 ZTF_r
58758.612152799964 18.33237863963918 0.05437176686082285 ZTF_r
58758.6169906999 18.294436237461667 0.05803816690197918 ZTF_r
58760.60057870019 18.23500320998003 0.10661340053007722 ZTF_r
58760.60541669978 18.26298213313361 0.08462362383203702 ZTF_r
58760.61025460018 18.34757837430146 0.06836201248849018 ZTF_r
58760.61509260023 18.32163008528032 0.06964454048791954 ZTF_r
58762.59861110011 18.477943498323604 0.12520201367283298 ZTF_r
58762.60358799994 18.343871158489463 0.07858391873299835 ZTF_r
58762.60856480012 18.36962476114476 0.07186512620747566 ZTF_r
58762.61353009986 18.265504529599276 0.06055268219521629 ZTF_r
58831.07037039986 18.548999786376953 0.13144700229167938 ZTF_g
58831.07037039986 18.526617120049988 0.07156436241633927 ZTF_g
58835.9899420999 18.463899612426758 0.1600479930639267 ZTF_r
58835.9899420999 18.58087031677085 0.08282274769253856 ZTF_r
58836.05153940013 18.5344280039182 0.04905025461399279 ZTF_g
58836.05153940013 18.5 0.10872799903154373 ZTF_g
58839.05152780004 18.477699279785156 0.33101099729537964 ZTF_r
58851.01740740007 18.60260009765625 0.1298370063304901 ZTF_r
58851.01740740007 18.67452207311006 0.0469713380302399 ZTF_r
58851.05927080009 18.688016650856632 0.031953218373379534 ZTF_g
58851.05927080009 18.64349937438965 0.10236100107431412 ZTF_g
58854.03874999983 18.60919952392578 0.0882909968495369 ZTF_g
58854.03874999983 18.59858653832982 0.027415271001276963 ZTF_g
58856.92004630016 19.74190028343319 0.11781174197893447 ZTF_g
58857.02644680021 20.77905197425849 0.09864456531790822 ZTF_r
58857.04679400008 18.616100311279297 0.0767119973897934 ZTF_g
58857.04679400008 18.602923330425497 0.027814678669085987 ZTF_g
58857.07628470007 18.57617554914175 0.041152646962866565 ZTF_r
58857.07628470007 18.62030029296875 0.08382000029087067 ZTF_r
58859.6855769 12.681 0.064 WISE_W2
58859.6855769 13.553 0.05 WISE_W1
58859.81635307 13.42 0.04 WISE_W1
58859.81635307 12.784 0.076 WISE_W2
58859.94712924 12.751 0.059 WISE_W2
58859.94712924 13.506 0.037 WISE_W1
58859.99789350014 18.603700637817383 0.14433600008487701 ZTF_r
58859.99789350014 18.508049351429424 0.05394112608549027 ZTF_r
58860.07803277 13.435 0.037 WISE_W1
58860.07803277 12.739 0.057 WISE_W2
58860.1433572 12.799 0.078 WISE_W2
58860.1433572 13.405 0.035 WISE_W1
58860.20880889 12.746 0.068 WISE_W2
58860.20880889 13.426 0.038 WISE_W1
58860.27426059 13.448 0.036 WISE_W1
58860.27426059 12.745 0.058 WISE_W2
58860.33958497 13.462 0.041 WISE_W1
58860.33958497 12.806 0.058 WISE_W2
58860.40503671 12.829 0.069 WISE_W2
58860.40503671 13.542 0.041 WISE_W1
58860.47048846 12.722 0.073 WISE_W2
58860.47048846 13.435 0.042 WISE_W1
58860.66671633 13.431 0.037 WISE_W1
58860.66671633 12.702 0.063 WISE_W2
58860.7974925 12.597 0.059 WISE_W2
58860.7974925 13.482 0.043 WISE_W1
58863.93866899982 18.700000762939453 0.13551099598407745 ZTF_g
58863.93866899982 18.716799025640217 0.07084983278468353 ZTF_g
58865.63824808 13.471 0.038 WISE_W1
58865.63824808 12.715 0.066 WISE_W2
58872.94616900012 18.70789909362793 0.10282599925994873 ZTF_g
58872.94616900012 18.662520466798327 0.0337252651398035 ZTF_g
58873.06053239992 18.567769377563337 0.043167534210226226 ZTF_r
58873.06053239992 18.667999267578125 0.12737099826335907 ZTF_r
58875.99729169998 18.638399124145508 0.09238500148057938 ZTF_g
58875.99729169998 18.65293221568419 0.028366031986607792 ZTF_g
58876.026203699876 18.609699249267578 0.08832599967718124 ZTF_r
58876.026203699876 18.59019655961008 0.031111438037782914 ZTF_r
58879.0254861 18.74819796532527 0.03354620852766807 ZTF_g
58879.0254861 18.725500106811523 0.096220001578331 ZTF_g
58879.06094910018 18.739105209332557 0.04578984456488355 ZTF_r
58879.06094910018 18.684200286865234 0.10087600350379944 ZTF_r
58882.005960599985 18.706399894419164 0.028605005491355213 ZTF_g
58882.005960599985 18.750699996948242 0.06759099662303925 ZTF_g
58882.02737270016 18.519741557057273 0.029230644932553892 ZTF_r
58882.02737270016 18.588300704956055 0.10922200232744217 ZTF_r
58884.96449070005 18.710899353027344 0.11494500190019608 ZTF_g
58884.96449070005 18.742537585932354 0.0441195713039979 ZTF_g
58885.0406944002 18.695199966430664 0.11007100343704224 ZTF_r
58885.0406944002 18.704650098811683 0.04881798232819428 ZTF_r
58887.97743060021 18.695490713173754 0.06373025581308234 ZTF_g
58887.97743060021 18.73419952392578 0.1154949963092804 ZTF_g
58888.03609950002 18.478809598977584 0.04119064818864337 ZTF_r
58888.03609950002 18.6210994720459 0.11447100341320038 ZTF_r
58890.99929400021 18.778481517075296 0.11905628419904352 ZTF_r
58890.99929400021 18.633699417114258 0.19397200644016266 ZTF_r
58894.02252310002 18.58740329116255 0.041129918515728406 ZTF_r
58894.02252310002 18.693300247192383 0.11777099967002869 ZTF_r
58895.02109949989 18.867496660243738 0.03774446606920416 ZTF_r
58898.957638899796 18.82229995727539 0.0888729989528656 ZTF_g
58898.957638899796 18.76682106255974 0.02626468041350251 ZTF_g
58898.99893519981 18.68797638373791 0.029430964854476962 ZTF_r
58898.99893519981 18.764400482177734 0.08601900190114975 ZTF_r
58903.99828700023 18.647401519341212 0.030963414091969805 ZTF_r
58903.99828700023 18.725900650024414 0.09059000015258789 ZTF_r
58907.00495370012 18.708431722707868 0.05612447197607841 ZTF_r
58907.00495370012 18.69700050354004 0.1473200023174286 ZTF_r
58907.04135419987 18.819000110815644 0.053490589136701794 ZTF_g
58907.04135419987 18.7903995513916 0.11193499714136124 ZTF_g
58911.92984949984 18.813400268554688 0.08953099697828293 ZTF_g
58911.92984949984 18.798135815636932 0.03455385992196291 ZTF_g
58911.97775459988 18.798744410534873 0.05115002998844944 ZTF_r
58911.97775459988 18.78059959411621 0.11606299877166748 ZTF_r
58914.979606499895 18.852500915527344 0.09941200166940689 ZTF_g
58914.979606499895 18.790190647558976 0.04609329966215767 ZTF_g
58915.00809030002 18.82360076904297 0.08586300164461136 ZTF_r
58915.00809030002 18.706889643808907 0.03151345997848353 ZTF_r
58936.936550899874 18.759327045567378 0.03210312962592271 ZTF_r
58936.936550899874 18.872499465942383 0.09856899827718735 ZTF_r
58936.96606480004 19.0408992767334 0.11146999895572662 ZTF_g
58936.96606480004 18.98376955455227 0.035939432695009675 ZTF_g
58939.955023100134 18.9237003326416 0.33130699396133423 ZTF_g
58939.955023100134 18.853515082663545 0.15278944384924714 ZTF_g
58941.902407399844 18.919599533081055 0.10509900003671646 ZTF_r
58941.902407399844 18.88306148574952 0.04556523327655522 ZTF_r
58941.97806710005 19.064369484942304 0.04183223618967036 ZTF_g
58941.97806710005 19.04960060119629 0.12285599857568741 ZTF_g
58943.922673599795 19.03040765882846 0.0626523852322218 ZTF_g
58943.922673599795 19.02090072631836 0.10720899701118469 ZTF_g
58943.96530089993 18.845999394019 0.05405146522241895 ZTF_r
58943.96530089993 18.918100357055664 0.14297500252723694 ZTF_r
58954.84643519996 19.17339148278598 0.08240171817790781 ZTF_i
58954.95648150006 19.131481670599065 0.07186380074896324 ZTF_r
58954.95648150006 19.107900619506836 0.1517760008573532 ZTF_r
58955.9001042 19.089799880981445 0.09953399747610092 ZTF_g
58955.9001042 19.070192365714135 0.0432842272728053 ZTF_g
58955.92240739986 18.96787878899228 0.04883886658149798 ZTF_r
58955.92240739986 18.981000900268555 0.1263040006160736 ZTF_r
58956.80940969987 18.980668175090162 0.05065390420083335 ZTF_r
58956.80940969987 19.047100067138672 0.1522970050573349 ZTF_r
58956.86020829994 18.934375023038736 0.06692934712626808 ZTF_g
58956.86020829994 18.994699478149414 0.13903699815273285 ZTF_g
58961.90686339978 19.059999465942383 0.15514600276947021 ZTF_r
58961.90686339978 19.08319454592337 0.061509046247344296 ZTF_r
58962.80723380018 19.015499114990234 0.11322099715471268 ZTF_r
58962.80723380018 18.937821276385936 0.041585550991009315 ZTF_r
58962.836736099795 19.141700744628906 0.10101400315761566 ZTF_g
58962.836736099795 19.1101360076608 0.04128536818972282 ZTF_g
58962.89070599992 19.152567235150734 0.10349882484179804 ZTF_i
58963.794409700204 19.174100875854492 0.09233900159597397 ZTF_g
58963.794409700204 19.08408293126279 0.03619521818333932 ZTF_g
58963.831817099825 19.063428512106313 0.037628056444903794 ZTF_g
58963.831817099825 19.1289005279541 0.10661599785089493 ZTF_g
58963.849351900164 19.646681872880798 0.052243182633684625 ZTF_g
58963.84980319999 19.700541879331958 0.06522338377991772 ZTF_g
58964.78526620008 19.001823310823376 0.03930606810292711 ZTF_r
58964.78526620008 19.074499130249023 0.10883700102567673 ZTF_r
58965.75802080007 19.129100799560547 0.10905099660158157 ZTF_g
58965.75802080007 19.066908059582797 0.036686302283224934 ZTF_g
58965.82376160007 19.041400909423828 0.0991320013999939 ZTF_r
58965.82376160007 18.967890317466825 0.03540020181237304 ZTF_r
58965.82898150012 19.300708742610833 0.04306152140405464 ZTF_r
58965.829432900064 19.316075200230514 0.041992306999278924 ZTF_r
58966.840462999884 18.8719888200152 0.06464215778334031 ZTF_r
58966.840462999884 18.960500717163086 0.13022400438785553 ZTF_r
58966.91550929984 19.09760093688965 0.12358400225639343 ZTF_g
58966.91550929984 19.06461108408198 0.03523436766024234 ZTF_g
58967.775381899904 19.13360023498535 0.11281699687242508 ZTF_g
58967.775381899904 19.1002836840995 0.03987114610120174 ZTF_g
58967.83828700008 18.97028554506423 0.039137916523597875 ZTF_r
58967.83828700008 19.056100845336914 0.13804499804973602 ZTF_r
58968.880601900164 19.101499557495117 0.10497800260782242 ZTF_r
58968.880601900164 18.984810356986074 0.033417311017216296 ZTF_r
58969.839236100204 19.148799896240234 0.232791006565094 ZTF_r
58969.839236100204 19.062846910447817 0.11760567124539424 ZTF_r
58969.84184029978 19.07298220994868 0.10721680431915837 ZTF_r
58969.88324069977 19.139317034393002 0.09317904002609355 ZTF_g
58969.884178199805 19.022199630737305 0.26652398705482483 ZTF_g
58969.884178199805 18.956079704034877 0.13426419560967345 ZTF_g
58970.775381899904 19.162700653076172 0.11932999640703201 ZTF_g
58970.775381899904 19.100843318137883 0.04460213545633958 ZTF_g
58970.7763772998 19.131485183281807 0.04864836280518984 ZTF_g
58970.828240700066 19.22263139604872 0.09395997344277895 ZTF_i
58970.892199099995 19.067464058013158 0.04495125535256633 ZTF_r
58970.892199099995 19.12350082397461 0.12027200311422348 ZTF_r
58970.89410880022 18.987350543394353 0.04298673229263108 ZTF_r
58971.86224539997 18.998719736112598 0.050091564518790696 ZTF_r
58971.86224539997 19.098800659179688 0.10833200067281723 ZTF_r
58971.86318290001 19.062616923851206 0.05200544326024985 ZTF_r
58972.7740162001 19.163458484753328 0.06461996142644771 ZTF_g
58972.7740162001 19.22800064086914 0.13302400708198547 ZTF_g
58972.788379599806 19.11797189402689 0.06475291907861641 ZTF_g
58972.88002309995 19.118799209594727 0.11210700124502182 ZTF_r
58972.88002309995 18.98937759965087 0.062171841929340714 ZTF_r
58973.75331019983 19.137712478449792 0.08515617227234687 ZTF_g
58973.769317099825 19.118000030517578 0.1607300043106079 ZTF_g
58973.769317099825 19.062804723450828 0.07402882691015751 ZTF_g
58973.81478009978 19.162799835205078 0.18130600452423096 ZTF_r
58973.81478009978 19.096957519689436 0.07614119465414432 ZTF_r
58973.81575229997 19.00178832273533 0.0694604744037871 ZTF_r
58974.81452549994 19.034042968555813 0.08476772368977133 ZTF_r
58974.81452549994 19.133899688720703 0.1692650020122528 ZTF_r
58974.815543999895 18.833605255951728 0.07221754473058711 ZTF_r
58974.88906250009 19.125441297447043 0.13901529687378203 ZTF_i
58974.951307899784 19.21310043334961 0.17478999495506287 ZTF_g
58974.951307899784 19.174150169041503 0.12098183787679652 ZTF_g
58974.958437500056 19.22585161355484 0.13111356173220834 ZTF_g
58975.88255790016 19.019800186157227 0.1741980016231537 ZTF_r
58975.88255790016 18.983926291931937 0.09249788344920667 ZTF_r
58976.703530100174 19.054173873475893 0.11912678092234903 ZTF_g
58976.703530100174 19.067100524902344 0.1654209941625595 ZTF_g
58976.79464119999 18.93791300393576 0.1022555604377585 ZTF_r
58976.79464119999 18.978900909423828 0.2052370011806488 ZTF_r
58977.76751160016 19.043055566150812 0.13107496988780135 ZTF_r
58977.76751160016 19.16710090637207 0.22174599766731262 ZTF_r
58977.76843750011 19.17606950286649 0.12566522137078026 ZTF_r
58977.847661999986 19.178199768066406 0.32490700483322144 ZTF_g
58978.69495370006 19.145700454711914 0.10978800058364868 ZTF_g
58978.69495370006 19.060351710136043 0.05241526239419929 ZTF_g
58978.69587960001 19.15358024071648 0.05765419335611742 ZTF_g
58978.75615740009 19.20199966430664 0.1836179941892624 ZTF_r
58978.75615740009 19.03710632208611 0.06702251797915829 ZTF_r
58978.831145800184 19.238774507992296 0.13233245843593677 ZTF_i
58979.74542819988 19.282377318247303 0.06496837129493094 ZTF_g
58979.74636569992 19.135045270851208 0.05582643729555409 ZTF_g
58979.74636569992 19.190099716186523 0.11091099679470062 ZTF_g
58979.79104170017 19.779355699158362 0.11205137390215632 ZTF_g
58979.791516200174 19.775575629175165 0.11163896071175604 ZTF_g
58979.79197920021 19.059600830078125 0.1324779987335205 ZTF_g
58979.79197920021 19.04919467298476 0.06229271973786246 ZTF_g
58980.72364579979 19.192934459054882 0.03408861795581331 ZTF_g
58980.72364579979 19.26849937438965 0.09410899877548218 ZTF_g
58980.72508100001 19.230722541088046 0.03406564613821633 ZTF_g
58980.77004629979 19.085232774677582 0.038892243865730224 ZTF_r
58980.774536999874 19.10110092163086 0.09331200271844864 ZTF_r
58980.774536999874 19.009312644535356 0.038029392358247746 ZTF_r
58981.751296299975 19.06247787190638 0.04386528999578219 ZTF_r
58981.77048610011 19.195499420166016 0.1285640001296997 ZTF_r
58981.77048610011 19.161171948829658 0.05363239189486825 ZTF_r
58981.79396989988 19.23876230167335 0.04894242003075547 ZTF_g
58985.78996529989 19.07013513919353 0.03854978573296998 ZTF_r
58985.79090279993 19.11194345966847 0.04000029150547025 ZTF_r
58985.79090279993 19.199899673461914 0.15039800107479095 ZTF_r
58985.7954051001 19.29640007019043 0.13118800520896912 ZTF_g
58985.7954051001 19.267197211812558 0.0424380854366413 ZTF_g
58985.79634260014 19.172980684817247 0.03478257610175287 ZTF_g
58985.81711809989 19.290302175248875 0.08200245387320478 ZTF_i
58986.775358799845 19.073326178029998 0.040930972573253246 ZTF_r
58987.7459028 19.216374897696916 0.03343725186937403 ZTF_g
58987.798738399986 19.095372553478704 0.03905738856483481 ZTF_r
58991.73067130009 19.173500061035156 0.1008789986371994 ZTF_r
58991.73067130009 19.076852654714394 0.03898508964119034 ZTF_r
58991.731608800124 19.12546611845464 0.041571083897265736 ZTF_r
58991.79975689994 19.219534598617365 0.04164587628350614 ZTF_g
58991.80069439998 19.35770034790039 0.11640500277280807 ZTF_g
58991.80069439998 19.335889265743354 0.0452705352361257 ZTF_g
58992.75600690022 19.115097513616785 0.04081608055503406 ZTF_r
58992.81883100001 19.3766430102968 0.04985544762206578 ZTF_g
58992.86709489999 19.346464962889222 0.11314662048300927 ZTF_i
58993.75195599999 19.190434696178436 0.04182910358276559 ZTF_g
58993.77718750015 19.146426338296358 0.04608766024779522 ZTF_r
58994.75196760008 19.194536759722844 0.03937501522437357 ZTF_g
58994.75196760008 19.278200149536133 0.09819699823856354 ZTF_g
58994.75290510012 19.21848236292098 0.039212830450893535 ZTF_g
58994.78575230017 19.127093437904215 0.042272808681392854 ZTF_r
58994.78668980021 19.1272912767525 0.04063250302261487 ZTF_r
58994.78668980021 19.212400436401367 0.10406000167131424 ZTF_r
58995.755046300124 19.047525041142197 0.040566274119318346 ZTF_r
58995.80280089984 19.308190125402987 0.045653966348733914 ZTF_g
58996.6924883998 19.23610830811585 0.03932889398732271 ZTF_g
58996.79201389989 19.146167895761597 0.04054481801034191 ZTF_r
58997.728715300094 19.25865557810442 0.043794906351900684 ZTF_g
58997.728715300094 19.342199325561523 0.10639899969100952 ZTF_g
58997.791006899904 19.08192646221194 0.039776521702620866 ZTF_r
58997.79194439994 19.101103883130822 0.04380998069550788 ZTF_r
58997.79194439994 19.198999404907227 0.12664000689983368 ZTF_r
58997.830324099865 19.488445832143587 0.10790536578538974 ZTF_i
58998.76775459992 19.255599975585938 0.1245800033211708 ZTF_r
58998.76775459992 19.15410411414677 0.04403403885138392 ZTF_r
58998.8000810002 19.048243068030143 0.04215043678867372 ZTF_r
58998.83918979997 19.170794730832753 0.03693144023549695 ZTF_g
58999.75236110017 19.346379063352806 0.09834104705233492 ZTF_g
58999.79856480006 19.138618237832393 0.06751957435408583 ZTF_r
59000.75760419993 19.20228584619028 0.06414791200267307 ZTF_g
59000.75857640011 19.247705568635887 0.06717340437714148 ZTF_g
59000.75857640011 19.285900115966797 0.1296759992837906 ZTF_g
59000.82244209992 19.103993299138647 0.14017304041434162 ZTF_r
59000.82244209992 19.183500289916992 0.21905800700187683 ZTF_r
59001.86895829998 19.282028820356402 0.0807662965068279 ZTF_g
59009.71291670017 19.32939910888672 0.16997499763965607 ZTF_r
59009.71291670017 19.387965682666284 0.0750460008618765 ZTF_r
59009.7576156999 19.47937484174066 0.0799289410077446 ZTF_g
59009.7576156999 19.45009994506836 0.1539359986782074 ZTF_g
59012.6941550998 19.21270090379729 0.03840976573863833 ZTF_g
59012.6941550998 19.30389976501465 0.09982699900865555 ZTF_g
59012.75540510006 19.208511990430537 0.041015347163119026 ZTF_r
59012.75540510006 19.294300079345703 0.11791399866342545 ZTF_r
59013.756018499844 19.49251460106408 0.09515747996849136 ZTF_i
59015.714513900224 19.172588794716088 0.04650384943318528 ZTF_r
59015.714513900224 19.247400283813477 0.11880200356245041 ZTF_r
59018.70037040021 19.478200912475586 0.10680600255727768 ZTF_g
59018.70037040021 19.39711687751577 0.04082866380046433 ZTF_g
59018.73746530013 19.15420983050207 0.041133699337208514 ZTF_r
59018.73746530013 19.27090072631836 0.14350299537181854 ZTF_r
59018.79706020001 19.52874023422254 0.10845093528830271 ZTF_i
59020.22333411 13.383 0.039 WISE_W1
59020.22333411 12.527 0.059 WISE_W2
59020.35461929 13.351 0.037 WISE_W1
59020.35461929 12.554 0.07 WISE_W2
59020.48488634 12.715 0.067 WISE_W2
59020.48488634 13.309 0.036 WISE_W1
59020.61617153 12.608 0.048 WISE_W2
59020.61617153 13.267 0.032 WISE_W1
59020.6816231 13.292 0.042 WISE_W1
59020.6816231 12.538 0.08 WISE_W2
59020.74694736 13.301 0.033 WISE_W1
59020.74694736 12.579 0.055 WISE_W2
59020.81239904 12.521 0.072 WISE_W2
59020.81239904 13.288 0.034 WISE_W1
59020.87772324 13.356 0.036 WISE_W1
59020.87772324 12.486 0.057 WISE_W2
59020.94317487 12.618 0.066 WISE_W2
59020.94317487 13.247 0.036 WISE_W1
59021.00849918 13.335 0.034 WISE_W1
59021.00849918 12.699 0.07 WISE_W2
59021.07395075 13.36 0.042 WISE_W1
59021.07395075 12.604 0.07 WISE_W2
59021.13876569 12.553 0.046 WISE_W2
59021.13876569 13.263 0.039 WISE_W1
59021.13889301 13.466 0.06 WISE_W1
59021.13889301 12.68 0.05 WISE_W2
59021.20421731 13.327 0.037 WISE_W1
59021.20421731 12.479 0.052 WISE_W2
59021.33550247 12.529 0.05 WISE_W2
59021.33550247 13.396 0.035 WISE_W1
59021.46627834 12.693 0.067 WISE_W2
59021.46627834 13.251 0.033 WISE_W1
59021.729004600085 19.411699295043945 0.1032550036907196 ZTF_g
59021.729004600085 19.344433688604756 0.03733416213444972 ZTF_g
59021.74008100014 19.249385729907296 0.045367480627400154 ZTF_r
59021.74008100014 19.339500427246094 0.12290599942207336 ZTF_r
59022.77493060008 19.494609194943305 0.09803691063300489 ZTF_i
59024.73253470007 19.127381636975763 0.08546678385288523 ZTF_r
59024.77444439987 19.394235616886412 0.06153277813746202 ZTF_g
59024.77444439987 19.472700119018555 0.13155299425125122 ZTF_g
59026.7962962999 19.683326894101555 0.15874459065859353 ZTF_i
59027.71417819988 19.451900482177734 0.14861400425434113 ZTF_g
59027.71417819988 19.41460431788114 0.09042558271915656 ZTF_g
59027.75825229986 19.18933392843677 0.07257760644729778 ZTF_r
59027.75825229986 19.26460075378418 0.15703000128269196 ZTF_r
59029.83606318 13.334 0.051 WISE_W1
59029.83606318 12.486 0.058 WISE_W2
59030.82322920021 19.340900421142578 0.2687470018863678 ZTF_g
59031.7551851999 19.372746265344876 0.14965413552282075 ZTF_i
59033.67376160016 19.25815228294912 0.0998482224011639 ZTF_r
59033.67376160016 19.29439926147461 0.15873999893665314 ZTF_r
59033.693715299945 19.510000228881836 0.23409099876880646 ZTF_g
59033.693715299945 19.567392842476142 0.15469883102895454 ZTF_g
59035.72630790016 19.3799991607666 0.20911599695682526 ZTF_g
59035.72630790016 19.370052645240822 0.1432626281446458 ZTF_g
59036.69379629986 19.577699661254883 0.17742399871349335 ZTF_g
59036.69379629986 19.538852923239364 0.10221320309980486 ZTF_g
59039.69832180021 19.41469955444336 0.13405199348926544 ZTF_g
59039.69832180021 19.33133044184284 0.050352120883580716 ZTF_g
59039.73621529993 19.189132078591374 0.052024863346868136 ZTF_r
59039.73621529993 19.312700271606445 0.14438700675964355 ZTF_r
59039.77406249987 19.61672030258577 0.15108932050470392 ZTF_i
59042.69758100016 19.399368244790388 0.0450729720302543 ZTF_g
59042.69758100016 19.4778995513916 0.14530399441719055 ZTF_g
59042.713506899774 19.369855725954945 0.053075364366142616 ZTF_r
59042.713506899774 19.467599868774414 0.13061000406742096 ZTF_r
59043.68694439996 19.372565531240543 0.09433645548754636 ZTF_i
59043.69327550009 19.460523726833173 0.04870409648873461 ZTF_g
59043.69327550009 19.547300338745117 0.12544000148773193 ZTF_g
59043.73530089995 19.24020377080945 0.052866535078655776 ZTF_r
59043.73530089995 19.34630012512207 0.12374900281429291 ZTF_r
59044.69701390015 19.394778202368727 0.04622048300493359 ZTF_g
59044.69701390015 19.472000122070312 0.11345899850130081 ZTF_g
59044.71604169998 19.293288580681363 0.053959468138317174 ZTF_r
59044.71604169998 19.375099182128906 0.14622299373149872 ZTF_r
59045.69391199993 19.27029975072224 0.04612578695683553 ZTF_r
59045.69391199993 19.367399215698242 0.16442100703716278 ZTF_r
59045.7352661998 19.455628898436863 0.05527093808001675 ZTF_g
59045.7352661998 19.516199111938477 0.12428600341081619 ZTF_g
59046.692824100144 19.340533910713603 0.05687994433504418 ZTF_r
59046.692824100144 19.380599975585938 0.14155399799346924 ZTF_r
59046.71180560021 19.40730094909668 0.1163100004196167 ZTF_g
59046.71180560021 19.359969736255348 0.044564444091373154 ZTF_g
59047.71719910018 19.337026946780014 0.04896891242281004 ZTF_r
59047.71719910018 19.422100067138672 0.13842399418354034 ZTF_r
59048.68707180023 19.36661395412103 0.051110569305935376 ZTF_r
59048.76011569984 19.40284399476525 0.05905261390527719 ZTF_g
59048.76872690022 19.557435816331726 0.0659706994400635 ZTF_g
59048.76872690022 19.603700637817383 0.1572750061750412 ZTF_g
59048.807754599955 19.601851190396747 0.1281909167534352 ZTF_i
59049.672106499784 19.25383618498804 0.05758369741315582 ZTF_r
59049.672106499784 19.322900772094727 0.1343419998884201 ZTF_r
59049.68299769983 19.279209046299144 0.04876984605968617 ZTF_r
59049.69123840006 19.381767735357233 0.045021695470995826 ZTF_g
59049.70452550007 19.40950666756563 0.0478992447237648 ZTF_g
59049.70452550007 19.485000610351562 0.1124039962887764 ZTF_g
59050.68715280015 19.4507999420166 0.1423490047454834 ZTF_g
59050.68715280015 19.43021711730129 0.05504119337964103 ZTF_g
59050.76064810017 19.349700927734375 0.14939099550247192 ZTF_r
59050.76064810017 19.349700927734375 0.14939099550247192 ZTF_r
59050.76064810017 19.30275559083256 0.07376839587309827 ZTF_r
59050.76158560021 19.482353115978647 0.0920102802572484 ZTF_r
59051.6755903 19.567098869961765 0.07072403793712094 ZTF_g
59051.67652780004 19.45840072631836 0.12051399797201157 ZTF_g
59051.67652780004 19.43501263489039 0.0642559336050213 ZTF_g
59051.70714120008 19.231013953310345 0.05461323829150228 ZTF_r
59051.70807870012 19.472900390625 0.15813399851322174 ZTF_r
59051.70807870012 19.405731313142383 0.06317663412046909 ZTF_r
59052.693715299945 19.632232318832006 0.1073842753017928 ZTF_i
59052.74650460016 19.267908405558014 0.056320029174013395 ZTF_r
59052.747430600226 19.410900115966797 0.16366299986839294 ZTF_r
59052.747430600226 19.30797536512406 0.05313985681289895 ZTF_r
59052.78991900012 19.541799545288086 0.13462099432945251 ZTF_g
59052.78991900012 19.500392612622154 0.06885065154900377 ZTF_g
59052.790856500156 19.530145562490077 0.07277026375326195 ZTF_g
59053.70776619995 19.422973587900756 0.04568922113722185 ZTF_g
59053.70776619995 19.49920082092285 0.11351499706506729 ZTF_g
59053.7086920999 19.472737397142264 0.047227922576549106 ZTF_g
59054.768368099816 19.53233097962463 0.07943504116267817 ZTF_g
59056.745185200125 19.4573259230948 0.08021549248120892 ZTF_g
59059.676921300124 19.213000535454206 0.06277761057526517 ZTF_r
59059.77870369982 19.497932316505473 0.14949920379450973 ZTF_g
59060.6942592999 19.14105627126817 0.07046170725865246 ZTF_r
59060.72734950017 19.515933343702194 0.11889481759928931 ZTF_g
59060.73430560017 19.53566553704308 0.15160506288079156 ZTF_i
59062.70613430021 19.37314956802467 0.11387291813138928 ZTF_g
59062.711689800024 19.190100211112238 0.08167731885154379 ZTF_r
59063.67178239999 19.185441659961526 0.07041320130076184 ZTF_r
59065.67006940022 19.450698742478025 0.11082082369707624 ZTF_r
59065.69276619982 19.4623918421344 0.14775863963388292 ZTF_g
59066.70802079979 19.313973990089053 0.11013737938440948 ZTF_g
59066.744907400105 19.321175318563753 0.13668581207304326 ZTF_r
59067.67987270001 19.30188363704975 0.06208410304969375 ZTF_r
59067.701898099855 19.518014586739334 0.09816840558451746 ZTF_g
59068.685358799994 19.493170745306795 0.06408819834682539 ZTF_g
59069.69302080013 19.358712469735288 0.05875242297893492 ZTF_r
59070.686504600104 19.376178349318916 0.0595810775152203 ZTF_r
59070.72357639996 19.541451210701172 0.07299033652068575 ZTF_g
59072.68729169993 19.2492035915335 0.0599373668533083 ZTF_r
59072.72274310002 19.328352178419017 0.07416800943824639 ZTF_g
59073.67223379994 19.35678104805673 0.07119226705206036 ZTF_r
59073.7176967999 19.530665176005233 0.07890209231701463 ZTF_g
59074.678368099965 19.29379102259915 0.08309832362818591 ZTF_r
59074.70653939992 19.32351893281229 0.07042954850263833 ZTF_g
59075.674340299796 19.396890755087327 0.09554228561397464 ZTF_g
59075.72487269994 19.293010940949088 0.09649875282908874 ZTF_r
59076.67791670002 19.417306269696308 0.0655441996558866 ZTF_g
59076.696608799975 19.231813980021293 0.06713123837882815 ZTF_r
59077.66233799979 19.26762559655299 0.11487172992374295 ZTF_r
59077.72270830022 19.651071243706085 0.1103895016081578 ZTF_g
59078.67195599992 19.40425613176072 0.07088301755771946 ZTF_r
59078.6981366002 19.489852706319994 0.07868437505411312 ZTF_g
59079.70263889991 19.46547554282555 0.11563030604299598 ZTF_r
59080.67399309995 19.355548428361693 0.09491121816760914 ZTF_r
59080.69504630007 19.543057602323252 0.1228306340831472 ZTF_g
59081.6843634001 19.413612019466186 0.1171284670342458 ZTF_r
59082.68784719985 19.08196757294821 0.10879574414723449 ZTF_r
59110.61822920013 19.352515449333723 0.12937721652304748 ZTF_r
59110.622928199824 19.352598219947367 0.11652161153420218 ZTF_r
59110.6276273001 19.50979770528248 0.1413143114684831 ZTF_r
59110.632337999996 19.411071239052575 0.14253437529858776 ZTF_r
59112.61460650014 19.201450979605262 0.11961304024574128 ZTF_r
59112.619340300094 19.364212268804167 0.10324379215826662 ZTF_r
59112.62406249996 19.42483899662622 0.09574386441984246 ZTF_r
59112.62879629992 19.430824254717272 0.0960247606523127 ZTF_r
59112.633530099876 19.439302880346077 0.09216001697017433 ZTF_r
59114.62067130022 19.23267735183528 0.12183268932880742 ZTF_r
59118.62271990022 19.294460093823318 0.12925384295970294 ZTF_r
59126.61431710003 19.27365726245899 0.11488893462251672 ZTF_r
59193.01496529998 19.483600616455078 0.23218299448490143 ZTF_r
59195.01141199982 19.677600860595703 0.18950100243091583 ZTF_r
59195.01141199982 19.714986219107004 0.09868186237230973 ZTF_r
59195.044444399886 20.065799713134766 0.239546000957489 ZTF_g
59198.99652779987 19.81100082397461 0.22577199339866638 ZTF_r
59199.039583299775 20.08009910583496 0.20277400314807892 ZTF_g
59199.039583299775 20.115326661938113 0.11991214044578671 ZTF_g
59201.04887730023 19.628486040185933 0.12715519191642577 ZTF_r
59201.04887730023 19.738300323486328 0.24319800734519958 ZTF_r
59204.01506939996 19.69099998474121 0.28794699907302856 ZTF_r
59204.01506939996 19.789771141894313 0.1353915089495054 ZTF_r
59204.04968750011 20.1294002532959 0.22074000537395477 ZTF_g
59204.04968750011 20.112199700213424 0.13970017483574568 ZTF_g
59216.035138899926 19.85569953918457 0.30356699228286743 ZTF_r
59217.98768519983 19.631999969482422 0.16121000051498413 ZTF_r
59217.98768519983 19.55248531168835 0.12492976232961978 ZTF_r
59219.94768519979 19.803600311279297 0.2797499895095825 ZTF_g
59219.98666669987 19.69070053100586 0.2725839912891388 ZTF_r
59219.98666669987 19.705293260089483 0.1400826107229953 ZTF_r
59221.998136600014 20.136499404907227 0.2559170126914978 ZTF_g
59221.998136600014 20.188498420721995 0.15171368811218724 ZTF_g
59223.996979199816 19.753988371681594 0.13078015608968854 ZTF_r
59223.99791669985 19.8218994140625 0.2817290127277374 ZTF_r
59224.04651620006 20.174982725496434 0.12285522643005077 ZTF_g
59225.0055670999 19.912812758176525 0.12314237208595788 ZTF_r
59225.03337959992 20.135522469720442 0.0966757896622955 ZTF_g
59225.969780100044 20.04210090637207 0.3789770007133484 ZTF_g
59226.68190508 12.614 0.051 WISE_W2
59226.68190508 13.19 0.039 WISE_W1
59226.81255396 12.531 0.047 WISE_W2
59226.81255396 13.326 0.036 WISE_W1
59226.81268127 12.53 0.053 WISE_W2
59226.81268127 13.308 0.039 WISE_W1
59226.94333066 12.501 0.045 WISE_W2
59226.94333066 13.342 0.036 WISE_W1
59227.00553240022 19.714428503294034 0.08913199450912851 ZTF_r
59227.00878241 12.511 0.045 WISE_W2
59227.00878241 13.393 0.039 WISE_W1
59227.05638890015 20.125945998012945 0.08825404654506007 ZTF_g
59227.07410685 12.394 0.054 WISE_W2
59227.07410685 13.291 0.036 WISE_W1
59227.13904928 12.484 0.052 WISE_W2
59227.13904928 13.278 0.034 WISE_W1
59227.20437362 13.268 0.051 WISE_W1
59227.20437362 12.493 0.046 WISE_W2
59227.20450098 13.347 0.038 WISE_W1
59227.20450098 12.533 0.049 WISE_W2
59227.27033473 13.297 0.04 WISE_W1
59227.27033473 12.585 0.05 WISE_W2
59227.33565912 13.35 0.034 WISE_W1
59227.33565912 12.514 0.049 WISE_W2
59227.40111087 12.437 0.043 WISE_W2
59227.40111087 13.34 0.035 WISE_W1
59227.46643525 12.394 0.059 WISE_W2
59227.46643525 13.257 0.033 WISE_W1
59227.66253588 13.221 0.041 WISE_W1
59227.66253588 12.532 0.05 WISE_W2
59227.66266319 13.408 0.04 WISE_W1
59227.66266319 12.509 0.053 WISE_W2
59227.79331197 13.358 0.039 WISE_W1
59227.79331197 12.559 0.059 WISE_W2
59227.99865739979 20.06279945373535 0.1816989928483963 ZTF_g
59227.99865739979 20.053195945715117 0.09878764523023484 ZTF_g
59228.04679400008 19.789771230148524 0.09781952912593044 ZTF_r
59228.04679400008 19.82029914855957 0.2097409963607788 ZTF_r
59230.02803240018 19.858600616455078 0.32180100679397583 ZTF_r
59232.02778939996 20.06677003634523 0.1284869995788161 ZTF_r
59232.02778939996 20.047800064086914 0.198513001203537 ZTF_r
59232.04995370004 20.02739906311035 0.14197899401187897 ZTF_g
59232.04995370004 19.981341309726247 0.07122648375149207 ZTF_g
59233.9933449002 19.798900604248047 0.15908999741077423 ZTF_r
59233.9933449002 19.765913217345272 0.08397496802214176 ZTF_r
59249.98501159996 19.84079933166504 0.20119599997997284 ZTF_r
59249.98501159996 19.8251899741525 0.11956089528343085 ZTF_r
59251.926967599895 20.267499923706055 0.22375500202178955 ZTF_g
59251.926967599895 20.254795508451515 0.1159880202556374 ZTF_g
59251.97391200019 20.13050079345703 0.25558000802993774 ZTF_r
59251.97391200019 20.083096965836955 0.12476536664299433 ZTF_r
59253.99760420015 19.937700271606445 0.1720069944858551 ZTF_r
59253.99760420015 19.874332285939044 0.07985936752970128 ZTF_r
59254.025925899856 20.16469955444336 0.20293700695037842 ZTF_g
59254.025925899856 20.12812449270001 0.0713093899804656 ZTF_g
59255.92788190022 19.82689969475151 0.06866156706621986 ZTF_r
59255.92788190022 19.909099578857422 0.18357500433921814 ZTF_r
59262.99873840017 19.94230079650879 0.22526900470256805 ZTF_r
59262.99873840017 19.894199610471368 0.09938385526801191 ZTF_r
59263.026493099984 20.35140037536621 0.2297379970550537 ZTF_g
59263.026493099984 20.328769210748593 0.11911253705174533 ZTF_g
59265.860729199834 19.902799606323242 0.281825989484787 ZTF_r
59265.860729199834 19.984527565852243 0.1511449709280955 ZTF_r
59265.92400459992 20.375606567191696 0.1498996269025697 ZTF_g
59265.92400459992 20.332300186157227 0.22505000233650208 ZTF_g
59267.88336810004 20.106300354003906 0.22579100728034973 ZTF_g
59267.924918999895 19.948498892960984 0.10873572875152569 ZTF_r
59267.924918999895 19.999900817871094 0.22684699296951294 ZTF_r
59269.892824099865 19.886618313724426 0.14599519961631696 ZTF_r
59269.892824099865 19.98270034790039 0.19405700266361237 ZTF_r
59269.956249999814 20.47369956970215 0.27026399970054626 ZTF_g
59271.95576390019 20.08769989013672 0.30383700132369995 ZTF_r
59278.841608799994 20.385000228881836 0.276762992143631 ZTF_g
59278.95596060017 19.90169906616211 0.24195300042629242 ZTF_r
59278.95596060017 19.84481265757661 0.11893152672320127 ZTF_r
59278.95689810021 20.075621693830268 0.1390935118772905 ZTF_r
59290.89204860013 20.223468825847185 0.10125414360498634 ZTF_r
59290.89298610017 20.05620002746582 0.19978299736976624 ZTF_r
59290.89298610017 19.931645322396776 0.07748110684438594 ZTF_r
59290.902083300054 20.86440086364746 0.310373991727829 ZTF_g
59290.902083300054 20.78330987420473 0.14183649152496225 ZTF_g
59290.90302080009 20.65652209543287 0.12673522155002032 ZTF_g
59292.890231499914 20.30668067932129 0.20878300070762634 ZTF_r
59292.890231499914 20.274356554599006 0.11314814847218085 ZTF_r
59292.89116899995 20.251821942634326 0.11998421044464327 ZTF_r
59292.93255789997 20.521494195697443 0.12528140274600427 ZTF_g
59292.93255789997 20.587350845336914 0.20554600656032562 ZTF_g
59308.94356480008 20.3722131539246 0.1500987223794348 ZTF_r
59310.901006899774 20.64817345098933 0.15841238047513873 ZTF_r
59311.81939810002 20.50373829344523 0.13954347750370444 ZTF_r
59384.39874166 13.442 0.042 WISE_W1
59384.39874166 12.52 0.056 WISE_W2
59384.39886897 13.363 0.037 WISE_W1
59384.39886897 12.588 0.062 WISE_W2
59387.40480478 12.564 0.067 WISE_W2
59387.40480478 13.391 0.042 WISE_W1
59387.66622919 13.456 0.037 WISE_W1
59387.66622919 12.653 0.093 WISE_W2
59387.73155341 13.514 0.037 WISE_W1
59387.73155341 12.672 0.072 WISE_W2
59387.79687774 13.461 0.037 WISE_W1
59387.79687774 12.625 0.056 WISE_W2
59387.86220201 12.69 0.072 WISE_W2
59387.86220201 13.543 0.045 WISE_W1
59387.92765365 13.513 0.037 WISE_W1
59387.92765365 12.649 0.065 WISE_W2
59387.99297793 12.623 0.089 WISE_W2
59387.99297793 13.369 0.038 WISE_W1
59388.05830225 13.535 0.04 WISE_W1
59388.05830225 12.613 0.053 WISE_W2
59388.12362647 13.42 0.04 WISE_W1
59388.12362647 12.579 0.061 WISE_W2
59388.12375383 12.551 0.048 WISE_W2
59388.12375383 13.436 0.038 WISE_W1
59388.1890781 12.568 0.062 WISE_W2
59388.1890781 13.467 0.037 WISE_W1
59388.25440233 12.447 0.053 WISE_W2
59388.25440233 13.49 0.041 WISE_W1
59388.38505088 13.433 0.04 WISE_W1
59388.38505088 12.429 0.062 WISE_W2
59388.38517819 12.651 0.06 WISE_W2
59388.38517819 13.391 0.048 WISE_W1
59388.64647529 13.485 0.04 WISE_W1
59388.64647529 12.682 0.059 WISE_W2
59388.64660265 12.555 0.049 WISE_W2
59388.64660265 13.485 0.054 WISE_W1
59590.85258861 13.679 0.041 WISE_W1
59590.85258861 12.832 0.068 WISE_W2
59590.9832375 13.609 0.039 WISE_W1
59590.9832375 12.687 0.054 WISE_W2
59591.11388635 13.613 0.04 WISE_W1
59591.11388635 12.667 0.057 WISE_W2
59591.24453515 13.692 0.049 WISE_W1
59591.24453515 12.63 0.067 WISE_W2
59591.24466252 12.673 0.057 WISE_W2
59591.24466252 13.642 0.041 WISE_W1
59591.30985956 13.605 0.042 WISE_W1
59591.30985956 12.817 0.075 WISE_W2
59591.30998687 13.657 0.055 WISE_W1
59591.30998687 12.753 0.06 WISE_W2
59591.37531132 12.699 0.056 WISE_W2
59591.37531132 13.646 0.041 WISE_W1
59591.44063578 13.641 0.041 WISE_W1
59591.44063578 12.7 0.057 WISE_W2
59591.50596074 13.637 0.045 WISE_W1
59591.50596074 12.698 0.063 WISE_W2
59591.57128514 13.635 0.044 WISE_W1
59591.57128514 12.68 0.062 WISE_W2
59591.63660959 13.584 0.041 WISE_W1
59591.63660959 12.628 0.069 WISE_W2
59591.70193404 13.622 0.041 WISE_W1
59591.70193404 12.725 0.058 WISE_W2
59591.83258289 12.75 0.064 WISE_W2
59591.83258289 13.736 0.07 WISE_W1
59591.96323179 13.704 0.043 WISE_W1
59591.96323179 12.594 0.067 WISE_W2
59592.09388073 13.67 0.041 WISE_W1
59592.09388073 12.819 0.062 WISE_W2
59751.37997948 12.757 0.063 WISE_W2
59751.37997948 13.882 0.048 WISE_W1
59751.50999138 13.804 0.046 WISE_W1
59751.50999138 12.835 0.059 WISE_W2
59751.64089455 12.875 0.061 WISE_W2
59751.64089455 13.808 0.048 WISE_W1
59751.77141572 13.751 0.043 WISE_W1
59751.77141572 12.8 0.075 WISE_W2
59751.83661272 12.902 0.081 WISE_W2
59751.83661272 13.768 0.043 WISE_W1
59751.90180966 12.784 0.057 WISE_W2
59751.90180966 13.839 0.057 WISE_W1
59751.96713394 12.859 0.076 WISE_W2
59751.96713394 13.864 0.047 WISE_W1
59752.03233089 13.888 0.048 WISE_W1
59752.03233089 12.974 0.101 WISE_W2
59752.09752784 12.873 0.061 WISE_W2
59752.09752784 13.957 0.051 WISE_W1
59752.16234274 13.81 0.043 WISE_W1
59752.16234274 12.799 0.057 WISE_W2
59752.22804906 12.789 0.065 WISE_W2
59752.22804906 13.869 0.049 WISE_W1
59752.29324601 13.886 0.058 WISE_W1
59752.29324601 12.875 0.071 WISE_W2
59752.35857028 13.823 0.076 WISE_W1
59752.35857028 12.84 0.063 WISE_W2
59752.48858219 13.795 0.045 WISE_W1
59752.48858219 12.829 0.068 WISE_W2
59752.61948535 12.913 0.059 WISE_W2
59752.61948535 13.874 0.044 WISE_W1
59752.75000662 12.872 0.058 WISE_W2
59752.75000662 13.815 0.046 WISE_W1
59955.25025167 14.11 0.055 WISE_W1
59955.25025167 13.012 0.095 WISE_W2
59955.38051858 14.116 0.055 WISE_W1
59955.38051858 13.063 0.077 WISE_W2
59955.51065809 13.105 0.083 WISE_W2
59955.51065809 14.011 0.051 WISE_W1
59955.51078545 14.036 0.051 WISE_W1
59955.51078545 13.007 0.075 WISE_W2
59955.57585519 14.109 0.058 WISE_W1
59955.57585519 13.089 0.087 WISE_W2
59955.64092491 13.967 0.061 WISE_W1
59955.64092491 13.066 0.085 WISE_W2
59955.70612205 13.083 0.076 WISE_W2
59955.70612205 14.021 0.051 WISE_W1
59955.77119183 12.936 0.07 WISE_W2
59955.77119183 14.461 0.112 WISE_W1
59955.83626166 14.043 0.053 WISE_W1
59955.83626166 13.014 0.064 WISE_W2
59955.83638897 13.994 0.05 WISE_W1
59955.83638897 12.727 0.074 WISE_W2
59955.90145869 14.021 0.05 WISE_W1
59955.90145869 13.114 0.135 WISE_W2
59955.96652852 13.088 0.077 WISE_W2
59955.96652852 14.108 0.058 WISE_W1
59956.09679544 14.114 0.057 WISE_W1
59956.09679544 13.041 0.087 WISE_W2
59956.22706226 12.866 0.074 WISE_W2
59956.22706226 14.226 0.068 WISE_W1
59956.35732913 14.188 0.06 WISE_W1
59956.35732913 13.05 0.092 WISE_W2
59959.35308609 14.11 0.067 WISE_W1
59959.35308609 13.01 0.079 WISE_W2
60115.71228262 13.309 0.107 WISE_W2
60115.71228262 14.273 0.067 WISE_W1
60115.84203992 13.102 0.074 WISE_W2
60115.84203992 14.357 0.076 WISE_W1
60115.97179718 14.251 0.09 WISE_W1
60115.97179718 13.132 0.071 WISE_W2
60116.03673953 13.22 0.08 WISE_W2
60116.03673953 14.196 0.064 WISE_W1
60116.10155453 14.46 0.089 WISE_W1
60116.10155453 13.148 0.082 WISE_W2
60116.10168189 14.223 0.057 WISE_W1
60116.10168189 13.129 0.105 WISE_W2
60116.16598748 14.261 0.059 WISE_W1
60116.16598748 13.151 0.077 WISE_W2
60116.23131177 14.283 0.063 WISE_W1
60116.23131177 13.246 0.072 WISE_W2
60116.23143909 14.251 0.074 WISE_W1
60116.23143909 13.236 0.085 WISE_W2
60116.29625409 14.52 0.094 WISE_W1
60116.29625409 13.315 0.092 WISE_W2
60116.36106903 13.107 0.079 WISE_W2
60116.36106903 14.29 0.067 WISE_W1
60116.36119639 14.448 0.072 WISE_W1
60116.36119639 12.929 0.086 WISE_W2
60116.42601139 14.371 0.068 WISE_W1
60116.42601139 13.159 0.1 WISE_W2
60116.49044429 13.351 0.101 WISE_W2
60116.49044429 14.247 0.071 WISE_W1
60116.55525928 14.237 0.065 WISE_W1
60116.55525928 13.177 0.086 WISE_W2
60116.68552584 13.353 0.115 WISE_W2
60116.68552584 14.33 0.06 WISE_W1
60116.8152831 13.13 0.078 WISE_W2
60116.8152831 14.314 0.061 WISE_W1
60116.94504102 14.252 0.058 WISE_W1
60116.94504102 13.195 0.084 WISE_W2
60123.1725006 14.447 0.107 WISE_W1
60123.1725006 13.187 0.09 WISE_W2
60123.23744287 13.24 0.083 WISE_W2
60123.23744287 14.487 0.103 WISE_W1
60322.24267392 14.263 0.073 WISE_W1
60322.24267392 13.437 0.135 WISE_W2
60322.37166741 13.549 0.105 WISE_W2
60322.37166741 14.567 0.08 WISE_W1
60322.50015153 14.374 0.095 WISE_W1
60322.50015153 13.318 0.083 WISE_W2
60322.50027884 14.713 0.128 WISE_W1
60322.50027884 13.301 0.126 WISE_W2
60322.56471196 13.338 0.086 WISE_W2
60322.56471196 14.476 0.066 WISE_W1
60322.62965433 14.358 0.079 WISE_W1
60322.62965433 13.405 0.108 WISE_W2
60322.62978164 13.433 0.097 WISE_W2
60322.62978164 14.521 0.068 WISE_W1
60322.69421476 13.385 0.087 WISE_W2
60322.69421476 14.536 0.071 WISE_W1
60322.75877517 13.293 0.09 WISE_W2
60322.75877517 14.486 0.092 WISE_W1
60322.82320819 14.472 0.07 WISE_W1
60322.82320819 13.326 0.083 WISE_W2
60322.82333556 13.395 0.099 WISE_W2
60322.82333556 14.391 0.063 WISE_W1
60322.88776862 13.497 0.131 WISE_W2
60322.88776862 14.227 0.064 WISE_W1
60322.95232904 13.197 0.107 WISE_W2
60322.95232904 14.555 0.085 WISE_W1
60323.08132257 13.23 0.119 WISE_W2
60323.08132257 14.37 0.076 WISE_W1
60323.21031606 14.412 0.067 WISE_W1
60323.21031606 13.21 0.109 WISE_W2
60323.33930955 14.64 0.081 WISE_W1
60323.33930955 13.493 0.1 WISE_W2
60323.33943686 13.409 0.092 WISE_W2
60323.33943686 14.371 0.067 WISE_W1
60482.79961869 14.696 0.079 WISE_W1
60482.79961869 13.248 0.163 WISE_W2
60482.92746587 14.569 0.079 WISE_W1
60482.92746587 13.671 0.157 WISE_W2
60483.05530683 13.426 0.158 WISE_W2
60483.05530683 14.611 0.08 WISE_W1
60483.18264461 15.04 0.22 WISE_W1
60483.18264461 13.668 0.161 WISE_W2
60483.18264461 14.592 0.076 WISE_W1
60483.24707751 14.767 0.082 WISE_W1
60483.24707751 13.826 0.22 WISE_W2
60483.3110011 14.878 0.105 WISE_W1
60483.3110011 13.46 0.174 WISE_W2
60483.37492464 13.516 0.138 WISE_W2
60483.37492464 14.655 0.09 WISE_W1
60483.43884824 14.42 0.067 WISE_W1
60483.43884824 13.686 0.208 WISE_W2
60483.50226242 14.663 0.083 WISE_W1
60483.56618597 14.687 0.077 WISE_W1
60483.56618597 13.65 0.147 WISE_W2
60483.6304915 14.991 0.157 WISE_W1
60483.6304915 13.796 0.163 WISE_W2
60483.63061887 13.553 0.2 WISE_W2
60483.63061887 14.55 0.081 WISE_W1
60483.69441505 13.602 0.133 WISE_W2
60483.69441505 14.833 0.084 WISE_W1
60483.75833917 14.373 0.106 WISE_W1
60483.75833917 13.864 0.172 WISE_W2
60483.88618635 14.697 0.076 WISE_W1
60483.88618635 14.022 0.228 WISE_W2
60484.01403348 14.611 0.078 WISE_W1
60484.01403348 13.744 0.133 WISE_W2
