MJD mag magerr band
58575.638 19.788675505056496 0.10522262685029915 ATLAS_c
58605.638 19.770849904024328 0.2208956152622168 ATLAS_c
58615.638 19.743105420796063 0.04723570111175057 ATLAS_c
58635.638 19.655048094893942 0.1043784381958428 ATLAS_c
58665.638 19.391496317368222 0.15485485420943235 ATLAS_c
58695.638 19.200460033092106 0.09927857907558746 ATLAS_c
58705.638 19.161505099883286 0.27887134345257003 ATLAS_c
58725.638 19.108420485777504 0.06192289860691247 ATLAS_c
58755.638 18.975543663951512 0.08419163925331041 ATLAS_c
58775.638 18.84085230922315 0.0951749911398565 ATLAS_c
58805.638 18.359486103874524 0.10259837112425707 ATLAS_c
58875.638 18.573773566179398 0.008039734074753113 ATLAS_c
58915.638 18.912727920340124 0.0785883384344146 ATLAS_c
58955.638 18.924708084830236 0.16533367959338996 ATLAS_c
58965.638 18.655643921733002 0.07888093282889841 ATLAS_c
58975.638 18.854632764617428 0.08440588784417713 ATLAS_c
58985.638 18.724675724882367 0.06552684193190039 ATLAS_c
58995.638 18.723995922781985 0.29171712170343334 ATLAS_c
59015.638 18.673338935356135 0.010792444580006944 ATLAS_c
59025.638 18.699953978451536 0.10860769334892062 ATLAS_c
59045.638 18.586396860729934 0.04963453390971395 ATLAS_c
59055.638 18.6127286962977 0.129233917117487 ATLAS_c
59075.638 18.530322632835716 0.10531055567079939 ATLAS_c
59085.638 18.675237221401503 0.10533117245324419 ATLAS_c
59105.638 18.57055061420901 0.06881279448995059 ATLAS_c
59115.638 18.612853250685053 0.11403232896590687 ATLAS_c
59135.638 18.449007707794912 0.12063199064025731 ATLAS_c
59255.638 18.584446236712168 0.22673097444503298 ATLAS_c
59265.638 18.46246849753409 0.09106094072314797 ATLAS_c
59315.638 18.458726070097736 0.05440041183675781 ATLAS_c
59325.638 18.489540874650007 0.08068256636881799 ATLAS_c
59345.638 18.601179740148112 0.04461732435609811 ATLAS_c
59355.638 18.50587577542184 0.020249481618266785 ATLAS_c
59375.638 18.529607418052393 0.058462108223363174 ATLAS_c
59385.638 18.563036731449465 0.09357586115705807 ATLAS_c
59405.638 18.611487688791954 0.19865989358803482 ATLAS_c
59425.638 18.77824253038863 0.06296983278433288 ATLAS_c
59435.638 18.61370986710629 0.08531169523796756 ATLAS_c
59455.638 18.65198915071265 0.04755106183004543 ATLAS_c
59465.638 18.673949467514866 0.11589945444331562 ATLAS_c
59515.638 18.840330682013345 0.09748391124300326 ATLAS_c
59525.638 18.70473423896231 0.15807749347010613 ATLAS_c
59615.638 19.01204673767058 0.1637365715865542 ATLAS_c
59635.638 18.990737411651654 0.04896885840364362 ATLAS_c
59645.638 19.106649231782992 0.21950337171035272 ATLAS_c
59665.638 19.157650695616905 0.12262487853579529 ATLAS_c
59675.638 19.09793356973031 0.14498531645044999 ATLAS_c
59685.638 19.14361077540515 0.06803094120273556 ATLAS_c
59695.638 19.12947607268602 0.17268278344272758 ATLAS_c
59725.638 19.19505307331311 0.2560150827567096 ATLAS_c
59735.638 19.104092859764442 0.19228524026327598 ATLAS_c
59745.638 19.21037284417102 0.20850443519578832 ATLAS_c
59755.638 19.14346554878852 0.17078503330648687 ATLAS_c
59785.638 19.19518908422985 0.1893406235494446 ATLAS_c
59795.638 19.113391048597467 0.15539580761392813 ATLAS_c
59805.638 19.314199110396125 0.18545479561326594 ATLAS_c
59815.638 19.46947273893285 0.17037573620285684 ATLAS_c
59825.638 19.373674157611426 0.190350823251622 ATLAS_c
59835.638 19.29425780816558 0.15573043717001944 ATLAS_c
59845.638 19.430261461906035 0.1507377300724677 ATLAS_c
59855.638 19.28358778631821 0.18856570039627663 ATLAS_c
59865.638 19.4695364345638 0.15719104586421118 ATLAS_c
59895.638 19.70258319420701 0.2322056661899392 ATLAS_c
59905.638 19.529880249384064 0.16375303098291205 ATLAS_c
60035.638 19.67778392733628 0.231946058900947 ATLAS_c
60055.638 19.76115469632643 0.15624635576556223 ATLAS_c
60065.638 19.579115544946927 0.09153989191802836 ATLAS_c
60075.638 19.74225701574815 0.19362856138879891 ATLAS_c
60105.638 19.41774242119711 0.25851331455613114 ATLAS_c
60115.638 19.865891071657646 0.27445621497803074 ATLAS_c
60135.638 19.900291228660535 0.20279030306307888 ATLAS_c
60145.638 19.79066069596382 0.1255452341825407 ATLAS_c
60175.638 20.027257445926683 0.15820058632175105 ATLAS_c
60195.638 20.08386390193058 0.1551322165616167 ATLAS_c
60205.638 19.814575169784916 0.15831789854490452 ATLAS_c
58581.419 19.952885505600367 0.17325845261022188 ATLAS_o
58601.419 19.687320657777953 0.10761776242283716 ATLAS_o
58611.419 19.537211104829982 0.024357032303431225 ATLAS_o
58621.419 19.634071387014377 0.09631691248547014 ATLAS_o
58631.419 19.71221541290724 0.30643465189819175 ATLAS_o
58641.419 19.76042791418955 0.10318323067815172 ATLAS_o
58651.419 19.468501011258518 0.3831040166329096 ATLAS_o
58661.419 19.548157547881893 0.17890137708698362 ATLAS_o
58671.419 19.485792107871635 0.19584829808263393 ATLAS_o
58681.419 19.271431285344462 0.3085401501361691 ATLAS_o
58691.419 19.586403632315985 0.1154157681606307 ATLAS_o
58701.419 19.369520943556363 0.06267274274851253 ATLAS_o
58711.419 19.067627842940055 0.1806037860701153 ATLAS_o
58721.419 19.118076914716916 0.12269535740773385 ATLAS_o
58741.419 19.102693212984963 0.2596492970298723 ATLAS_o
58761.419 18.889013322915986 0.1650971908436052 ATLAS_o
58771.419 19.02156036366668 0.20683843593483253 ATLAS_o
58781.419 18.806010479448375 0.11024323026915717 ATLAS_o
58791.419 18.815514083256936 0.047967428817576874 ATLAS_o
58801.419 18.744222149362056 0.04706033745895333 ATLAS_o
58881.419 18.462721651743003 0.10403772736995265 ATLAS_o
58911.419 18.684536759855895 0.1014922023353595 ATLAS_o
58921.419 18.579845817894952 0.1555123412826518 ATLAS_o
58931.419 18.63623845276686 0.09828472951460476 ATLAS_o
58961.419 18.5042207401518 0.12314902604532207 ATLAS_o
58971.419 18.581701157276903 0.10714750373942827 ATLAS_o
58981.419 18.48645626547824 0.1560004911293369 ATLAS_o
58991.419 18.49857568293248 0.14295156040595458 ATLAS_o
59001.419 18.490811112523254 0.08767861734253479 ATLAS_o
59011.419 18.364389695091234 0.17218611914424642 ATLAS_o
59021.419 18.402994359060074 0.08678021843309836 ATLAS_o
59031.419 18.361232768645742 0.16688618384410958 ATLAS_o
59041.419 18.337592615198947 0.09787003062319855 ATLAS_o
59051.419 18.258432257821877 0.033320713625805354 ATLAS_o
59061.419 18.213294407712425 0.11408126428019472 ATLAS_o
59071.419 18.3100130261625 0.06503173341938329 ATLAS_o
59081.419 18.257508957488255 0.06527263285293117 ATLAS_o
59091.419 18.36071751611617 0.1452894274920311 ATLAS_o
59101.419 18.27327056934913 0.11278126267328759 ATLAS_o
59111.419 18.26634345555384 0.07905204156603318 ATLAS_o
59121.419 18.28403619280606 0.08577201839636395 ATLAS_o
59131.419 18.25748869380529 0.09952374753786053 ATLAS_o
59141.419 18.26722326215119 0.09070531388729464 ATLAS_o
59151.419 18.226164577660164 0.1130722033409608 ATLAS_o
59161.419 18.153129995335078 0.07498275533441578 ATLAS_o
59171.419 18.160142757033093 0.06395167170712135 ATLAS_o
59241.419 18.289999065486466 0.02953396426416255 ATLAS_o
59271.419 18.231725087850492 0.06762127062504675 ATLAS_o
59291.419 18.215583986914083 0.05776806407398816 ATLAS_o
59301.419 18.22637627023656 0.12209624169967626 ATLAS_o
59311.419 18.231748487953258 0.04137685369242661 ATLAS_o
59321.419 18.23415714055192 0.10716202653724594 ATLAS_o
59331.419 18.253311191874722 0.15902005591050994 ATLAS_o
59341.419 18.276905562462417 0.10273142510905764 ATLAS_o
59351.419 18.267930930094145 0.08519957457154348 ATLAS_o
59361.419 18.218714331220085 0.10852481814769988 ATLAS_o
59371.419 18.25358226300034 0.07486543639832455 ATLAS_o
59381.419 18.24668160009776 0.17723571403454486 ATLAS_o
59391.419 18.28605667521333 0.09199091116378888 ATLAS_o
59401.419 18.264254998445843 0.09177242282719966 ATLAS_o
59411.419 18.299052891896956 0.14548462952092045 ATLAS_o
59421.419 18.409458013776074 0.1172292325110309 ATLAS_o
59431.419 18.354754534733985 0.04734945397338919 ATLAS_o
59441.419 18.376552388072533 0.09431918694385821 ATLAS_o
59451.419 18.35613829601995 0.14635584762751108 ATLAS_o
59461.419 18.398186650527496 0.09390073465650595 ATLAS_o
59471.419 18.43705091545479 0.14825787212886965 ATLAS_o
59481.419 18.42953761256744 0.08525516376289133 ATLAS_o
59491.419 18.40257965826259 0.1577730836108131 ATLAS_o
59501.419 18.347328828392257 0.12422043876740752 ATLAS_o
59511.419 18.41745076549545 0.08514595579342021 ATLAS_o
59521.419 18.420928970373442 0.12642021527175729 ATLAS_o
59531.419 18.603985711804093 0.12708004405777373 ATLAS_o
59541.419 18.41536282161447 0.11260458915086424 ATLAS_o
59611.419 18.488202419788482 0.17783385510644578 ATLAS_o
59621.419 18.580115392175145 0.1505117730412202 ATLAS_o
59631.419 18.713438838260213 0.24722824024686751 ATLAS_o
59651.419 18.64052838518565 0.2597547985468456 ATLAS_o
59661.419 18.629675240729984 0.1899277271418196 ATLAS_o
59671.419 18.68786290392791 0.18837731787447787 ATLAS_o
59681.419 18.669019903457915 0.22612153926870882 ATLAS_o
59691.419 18.698745389594873 0.3071044811251671 ATLAS_o
59701.419 18.76982430582936 0.06835895328833175 ATLAS_o
59711.419 18.668313557709208 0.17329831358397385 ATLAS_o
59721.419 18.67934653418328 0.16383241679408656 ATLAS_o
59731.419 18.785192520257446 0.13893057560702893 ATLAS_o
59741.419 18.695925329889576 0.13940497552241027 ATLAS_o
59751.419 18.67820653554145 0.2518267528225504 ATLAS_o
59761.419 18.698185689672524 0.15635210093944352 ATLAS_o
59771.419 18.77287901500019 0.20549950697258268 ATLAS_o
59781.419 18.78641201988685 0.134928407115682 ATLAS_o
59791.419 18.693837006477708 0.1791503917237378 ATLAS_o
59801.419 18.77955222170094 0.1748263123626863 ATLAS_o
59811.419 18.90581390211264 0.17556677066566984 ATLAS_o
59821.419 18.852299353853674 0.10519145731059965 ATLAS_o
59831.419 18.854378679406814 0.25586033035515854 ATLAS_o
59841.419 18.8781845306125 0.181752455495106 ATLAS_o
59851.419 18.902229879035374 0.20797601522865072 ATLAS_o
59861.419 18.816237767956984 0.2017653257795704 ATLAS_o
59871.419 18.965230629051316 0.11825571001907775 ATLAS_o
59881.419 19.027080469650503 0.28098260522128093 ATLAS_o
59891.419 18.874358255018663 0.21844726690826377 ATLAS_o
59901.419 18.90555796885761 0.22328588907889468 ATLAS_o
60021.419 19.109596658377853 0.2721395395640709 ATLAS_o
60041.419 18.89221669900151 0.3322163380612668 ATLAS_o
60051.419 19.223492276382665 0.16634754114397232 ATLAS_o
60071.419 18.893331149627095 0.1898845906522162 ATLAS_o
60081.419 19.205849091779378 0.33111783881363444 ATLAS_o
60091.419 19.172503586586423 0.1517248711418393 ATLAS_o
60101.419 19.22411120158492 0.18038710076042364 ATLAS_o
60121.419 19.158231484841338 0.13500781510168736 ATLAS_o
60131.419 19.15235954039423 0.23212118334945586 ATLAS_o
60141.419 19.245812630335056 0.16497431656033612 ATLAS_o
60151.419 19.272783480340397 0.19448694020206503 ATLAS_o
60161.419 19.288233973089064 0.1526473860873967 ATLAS_o
60171.419 19.46664059734612 0.14872199649049378 ATLAS_o
60181.419 19.28116596839007 0.24857179399408658 ATLAS_o
60191.419 18.667074246475487 0.23429531912123736 ATLAS_o
60211.419 19.21290518591806 0.315699135053924 ATLAS_o
59421.465068387 18.3934 0.0793688 PS_i
59421.4529451107 18.3934 0.0629437 PS_i
59421.44089917 18.4395 0.0811879 PS_i
59421.4287939891 18.4574 0.0826501 PS_i
59115.2998452498 18.3622 0.0470932 PS_i
59115.2882876 18.3288 0.043993 PS_i
59115.2767921818 18.3078 0.0458869 PS_i
59115.265319698 18.3206 0.0471509 PS_i
59069.4296759676 18.4939 0.0932276 PS_i
59069.4290391196 18.3773 0.0968546 PS_i
59069.416821186 18.4633 0.0652243 PS_i
59069.4161845209 18.3738 0.11983 PS_i
59069.4039983099 18.4266 0.0949546 PS_i
59069.4033617961 18.4455 0.109486 PS_i
59069.3911447818 18.3963 0.118965 PS_i
59039.5146139189 18.392 0.067341 PS_i
59039.5033552511 18.3623 0.0664575 PS_i
59039.4920846011 18.3619 0.0627807 PS_i
59039.4808670989 18.459 0.074325 PS_i
59003.592371271 18.5414 0.0574032 PS_i
59003.5812412309 18.5397 0.0576483 PS_i
59003.5701490608 18.5748 0.0514254 PS_i
59003.5590543879 18.4961 0.0667486 PS_i
58743.3234477569 19.8876 0.173721 PS_i
58743.3117651724 19.7905 0.195437 PS_i
58743.3002039026 19.8369 0.205382 PS_i
58743.2886726833 19.6942 0.136587 PS_i
60196.2785962905 18.8668 0.0173363 PS_w
60196.2686399791 18.9219 0.01966 PS_w
60196.2586291485 18.9796 0.0270139 PS_w
60196.2485664311 18.9614 0.0293619 PS_w
60192.2947261962 19.1537 0.0560668 PS_w
60192.2893532912 19.0346 0.0281439 PS_w
60192.2818003227 18.9821 0.0247739 PS_w
60148.2951593342 19.0351 0.0404359 PS_w
60148.2808908271 19.0138 0.0399949 PS_w
60148.2661979818 19.0351 0.04522 PS_w
60134.3824086999 18.8758 0.0352517 PS_w
60134.3694228347 19.0373 0.123997 PS_w
60134.3565027766 18.9931 0.0379483 PS_w
60134.3437405721 18.9292 0.0390865 PS_w
60113.4171314891 19.0152 0.048115 PS_w
60113.4043658748 18.9713 0.0450733 PS_w
60113.3916183714 18.9665 0.0485996 PS_w
60113.3788616439 19.0203 0.0534182 PS_w
60107.5588090713 19.2103 0.0517996 PS_w
60090.4625953525 18.9549 0.0323502 PS_w
60090.450464097 18.9659 0.0326866 PS_w
60090.4382809418 18.8967 0.0266975 PS_w
60090.4261693422 18.9211 0.0267868 PS_w
60030.6236234703 18.9045 0.0420976 PS_w
60030.6115825758 18.9042 0.0344003 PS_w
60030.5995034127 18.8994 0.0375483 PS_w
60030.587414832 18.9475 0.0426733 PS_w
59825.3388511291 18.7011 0.0398081 PS_w
59825.3382211003 18.732 0.0374916 PS_w
59825.3253295654 18.7133 0.0347921 PS_w
59825.3130187122 18.6746 0.0461187 PS_w
59825.312382055 18.7238 0.0420514 PS_w
59825.3000964503 18.6956 0.0346102 PS_w
59825.2994651678 18.6678 0.0408529 PS_w
59054.3260331974 18.209 0.0159835 PS_w
59054.3122547795 18.1996 0.0213826 PS_w
59054.2985871243 18.2107 0.028325 PS_w
59054.2849072898 18.2226 0.0251229 PS_w
59042.3465343447 18.2265 0.0177257 PS_w
59042.3330528992 18.2072 0.0171841 PS_w
59042.3196365276 18.198 0.0130515 PS_w
59042.3062264622 18.2248 0.0143583 PS_w
58660.3598593837 19.7827 0.229068 PS_w
58660.332550356 19.865 0.0672297 PS_w
58637.4249421345 19.9466 0.0576005 PS_w
58637.4112800178 20.054 0.0887712 PS_w
58631.4853184554 19.9286 0.0531075 PS_w
58631.4741822922 19.9831 0.0596747 PS_w
58631.4630807303 20.0503 0.0681552 PS_w
58631.4520534635 20.1142 0.0644439 PS_w
59778.335579302 18.5831 0.0822379 PS_w
59778.3240784057 18.6161 0.0870152 PS_w
59778.3125163461 18.5789 0.0692814 PS_w
59778.3009502627 18.5866 0.0523073 PS_w
59766.3721862895 18.4546 0.0203951 PS_w
59766.3599919197 18.4752 0.0189851 PS_w
59766.3477798359 18.4767 0.0223802 PS_w
59766.3356120242 18.4779 0.0235798 PS_w
59665.5816313103 18.4801 0.0195989 PS_w
59665.5808280786 18.6267 0.0246775 PS_w
59529.246492843 18.3592 0.0375714 PS_w
59529.2349879179 18.316 0.0386125 PS_w
59529.2234712946 18.3558 0.0424554 PS_w
59529.2119631964 18.3371 0.0334674 PS_w
59051.4925769679 18.1537 0.0192345 PS_w
59051.4815342957 18.1495 0.0193039 PS_w
59051.470450736 18.1409 0.0200003 PS_w
59051.4594126557 18.1582 0.0256014 PS_w
58719.3987736016 19.3007 0.0453669 PS_w
58719.3872306108 19.2369 0.0417885 PS_w
58719.3756951379 19.1745 0.0372021 PS_w
58719.3641361687 19.2346 0.0443687 PS_w
60241.01938801508 18.4537 0.256494 UVOT_B
60241.01938801508 18.8517 0.18705 UVOT_U
60241.01938801508 19.5891 0.0877832 UVOT_UVM2
60241.01938801508 19.7187 0.184842 UVOT_UVM1
60241.01938801508 19.7513 0.106756 UVOT_UVW2
60241.01938801508 17.979 0.299727 UVOT_V
58004.64886135235 14.756471011553188 0.11188188903225403 WISE_W1
58201.1320194875 14.773055217497472 0.2055829455475334 WISE_W1
58365.164345316465 14.71743101318176 0.11843760858792982 WISE_W1
58565.93379330333 14.734837451416029 0.42574742895746154 WISE_W1
58729.54961385589 14.547520250269926 0.10146643533701187 WISE_W1
58932.44760704562 14.412083523176626 0.10500042782650931 WISE_W1
59096.396707428336 14.289976136553548 0.06520293581968663 WISE_W1
59296.75998489499 14.17305435834883 0.0993990119681623 WISE_W1
59460.63194828294 14.154266007001011 0.06957751894016152 WISE_W1
59662.166819419 14.129045757470823 0.1031945519664462 WISE_W1
59825.885339290384 14.133922433365393 0.14143717634367226 WISE_W1
60027.85482953736 14.183356365335406 0.08375921828789613 WISE_W1
60191.83278633685 14.193511884584252 0.5842387665056888 WISE_W1
58004.64886135235 13.79939413676131 0.13414708139339743 WISE_W2
58201.1320194875 13.7823722486701 0.21244586731070117 WISE_W2
58365.164345316465 13.80268792563024 0.16451934815381147 WISE_W2
58565.93379330333 13.716024727650241 0.18062604659207643 WISE_W2
58729.54961385589 13.680322907727845 0.14995873130214837 WISE_W2
58932.44760704562 13.548627426095498 0.13091706284419147 WISE_W2
59096.396707428336 13.403449587731329 0.07565410239951659 WISE_W2
59296.75998489499 13.385310308327512 0.11479279508082878 WISE_W2
59460.63194828294 13.313627333986714 0.1092503869962184 WISE_W2
59662.166819419 13.229452294140817 0.11833007037754842 WISE_W2
59825.885339290384 13.264373435503938 0.09524845275110398 WISE_W2
60027.85482953736 13.241217149336268 0.08985312731082096 WISE_W2
60191.83278633685 13.272380984621003 0.2979760257325364 WISE_W2
58559.00033560023 20.3875679900627 0.14635298204657055 ZTF_g
58573.966851899866 20.123651633934386 0.1232774102513634 ZTF_g
58573.96776620019 20.22936685358151 0.12945908857535926 ZTF_g
58581.96908560023 19.907330654604205 0.09672565133225497 ZTF_g
58582.99829859985 19.952378549882923 0.076964953752519 ZTF_g
58584.97642360022 20.042733896626093 0.09441111753337061 ZTF_g
58584.97734950017 20.002414826263706 0.1018969996638397 ZTF_g
58586.971597199794 19.96965623991979 0.09861974044033239 ZTF_g
58587.95719909994 19.946392683515672 0.10676447731278671 ZTF_g
58587.9581133998 19.858029306405772 0.08472833861222462 ZTF_g
58588.97619209997 20.001984021278123 0.085415676941059 ZTF_g
58596.98030090006 19.82728606652514 0.13202110327635452 ZTF_g
58599.79940970009 19.98985087847143 0.11439277484350541 ZTF_g
58600.98162040021 19.83058046720715 0.07397874498062862 ZTF_g
58605.98196760006 19.986283720072496 0.07989747470161213 ZTF_g
58605.98287039995 19.785477063585727 0.07393307661875248 ZTF_g
58607.914745400194 19.94631236407536 0.06852970420802329 ZTF_g
58608.905023099855 19.841396770021575 0.07068718284374143 ZTF_g
58608.90593749983 19.809716301609 0.06901159036261895 ZTF_g
58616.96077550016 19.68707731057668 0.050786163468075074 ZTF_g
58616.962164400145 19.656097130351235 0.050568679826795915 ZTF_g
58617.94148149993 19.69032874202363 0.05324868627838697 ZTF_g
58627.961168999784 19.713711599046842 0.1038617281751506 ZTF_g
58632.92332179984 19.665629525433367 0.05921009394313792 ZTF_g
58632.92422450008 19.59619163715123 0.057802390510531154 ZTF_g
58633.95473380014 19.713940543120565 0.05769882760776568 ZTF_g
58634.9586920999 19.67056768643549 0.053754451778184276 ZTF_g
58635.94189810008 19.726785045478135 0.06634530504260283 ZTF_g
58635.95868059993 19.583643210544295 0.05384490285069532 ZTF_g
58636.95269680023 19.73158501448223 0.05475456844372495 ZTF_g
58637.94041670021 19.49670870819058 0.061009643773683564 ZTF_g
58638.87518520001 19.590780456540028 0.046931284618501934 ZTF_g
58639.93226849986 19.58489993596045 0.045409787146798664 ZTF_g
58640.85334490007 19.508342409536027 0.04598438334664756 ZTF_g
58641.93322920008 19.551803741742763 0.043911958622761205 ZTF_g
58641.93414349994 19.55517114497023 0.04715710350134472 ZTF_g
58643.83625000017 19.56504644619882 0.052077525366639676 ZTF_g
58645.907048599795 19.536970463391906 0.05130325370400435 ZTF_g
58647.89372690022 19.566333002962622 0.09003800577151466 ZTF_g
58650.94292820012 19.438722784343046 0.13676550542541577 ZTF_g
58653.841273100115 19.640713589091554 0.13354285842226687 ZTF_g
58657.73645830015 19.53004324724385 0.05528253878808975 ZTF_g
58660.83932870021 19.421816320645398 0.04231555742819815 ZTF_g
58666.73736110004 19.34631577695046 0.04301228681480396 ZTF_g
58669.781990699936 19.490424863546885 0.048268108681538635 ZTF_g
58672.83192129992 19.30429427783665 0.0379494995984917 ZTF_g
58675.84087960003 19.480350649150903 0.06912437186400666 ZTF_g
58677.818449100014 19.216040926824903 0.07225608049115984 ZTF_g
58678.79303239984 19.11133064504004 0.07910632672848195 ZTF_g
58678.798240699805 19.204787966085494 0.07887824723554537 ZTF_g
58679.79340279987 19.453173320311116 0.11546940373729697 ZTF_g
58680.70751160011 19.277843651114846 0.1246107553252287 ZTF_g
58681.72824069997 19.379294544504802 0.13067454886205176 ZTF_g
58682.72746529989 19.33710351690336 0.0889898445350159 ZTF_g
58683.70531249978 19.284523281447523 0.05820879082319941 ZTF_g
58684.71579860011 19.14731505933414 0.04248076473304074 ZTF_g
58684.71678239992 19.302253535105166 0.05126411353416138 ZTF_g
58686.70579859987 19.524332991327327 0.0954337307858033 ZTF_g
58690.77541670017 19.12350172143442 0.035068739286693074 ZTF_g
58693.7546759001 19.22335007929315 0.03871906261373148 ZTF_g
58693.811134300195 19.841277667786777 0.06690944070611593 ZTF_g
58694.804560199846 19.227209455957386 0.04019799546875902 ZTF_g
58696.75946759991 19.18263469500186 0.03825790601413992 ZTF_g
58699.6900231 19.25964583687875 0.045588130598298804 ZTF_g
58700.75607640017 19.19297658243552 0.0384204464629736 ZTF_g
58703.70410879981 19.67009475576616 0.09754176453832741 ZTF_g
58703.70456020022 19.723070003133458 0.08518324219873286 ZTF_g
58705.75315969996 19.054710779103225 0.06945537132923896 ZTF_g
58707.756585599855 19.11012249917237 0.08878270187299186 ZTF_g
58707.76916670008 19.05333993182207 0.08859018614554692 ZTF_g
58709.65177079989 19.079012743462265 0.07550059008240417 ZTF_g
58710.65142360004 19.0455223376039 0.08651197178609671 ZTF_g
58710.652338000014 19.100615117348784 0.09114039085116765 ZTF_g
58711.7392477002 19.448733398104785 0.10087693536535802 ZTF_g
58715.74500000011 19.161262566415807 0.05522545473410112 ZTF_g
58716.686423600186 19.115898454135834 0.03807807217195425 ZTF_g
58716.687326400075 19.064647869944984 0.033195594790655036 ZTF_g
58725.67141199997 19.1356768150563 0.040728323555857315 ZTF_g
58728.643101899885 19.03345098190815 0.03794873232577878 ZTF_g
58729.64957180014 18.854925655113508 0.08191336997716903 ZTF_g
58734.72762730019 19.100948382332742 0.07747190108797852 ZTF_g
58743.64578700019 18.96039464930204 0.03851663679498074 ZTF_g
58747.64465280017 18.94903634063686 0.03720029327900676 ZTF_g
58750.63504630001 19.07632063646971 0.04985666433651126 ZTF_g
58760.63100690022 18.91814037921443 0.04105653797227404 ZTF_g
58764.69496530015 18.85443785254366 0.07077774404016779 ZTF_g
58773.61260419991 19.02788006747203 0.08353869117375723 ZTF_g
58776.61225689994 18.899401012362823 0.03976548388178003 ZTF_g
58779.612094900105 18.955639219107074 0.043326491055074356 ZTF_g
58785.61275460012 18.859848269621978 0.04244036238524096 ZTF_g
58793.64387729997 19.059265291080727 0.128363554866338 ZTF_g
58803.58979169978 18.841776494630693 0.09772295159727129 ZTF_g
58880.00782410009 18.80397232719736 0.10551114493999059 ZTF_g
58886.98428239999 18.556467691603785 0.10406322586305272 ZTF_g
58893.05033560004 18.420407846626937 0.04463708887873885 ZTF_g
58896.04378469987 18.53599949500859 0.037022135730527594 ZTF_g
58901.05250000022 18.41933248063607 0.11956551076131028 ZTF_g
58905.053460599855 18.66808762669751 0.0467662599959624 ZTF_g
58909.04663190013 18.502134330174385 0.02743421715143235 ZTF_g
58912.04349539988 18.587683041008425 0.045386535475545386 ZTF_g
58914.99124999996 18.35214317841227 0.10607527001014105 ZTF_g
58936.99571759999 18.459323737322883 0.025265814255865493 ZTF_g
58939.96923610009 18.388406314056414 0.1285906170876494 ZTF_g
58943.94603009987 18.50233870694544 0.044744289442567364 ZTF_g
58956.9638772998 18.33582137346371 0.04228980520934478 ZTF_g
58964.96249999991 18.366749574756962 0.020985949394537684 ZTF_g
58967.95629630005 18.3993729069035 0.021881963043995256 ZTF_g
58970.96165509987 18.396348904357758 0.019354160693875855 ZTF_g
58973.9604282002 18.388492661811355 0.02791508798700626 ZTF_g
58976.99519680021 18.229005920082066 0.07730432948063104 ZTF_g
58978.91124999989 18.397967883057618 0.059984735140186984 ZTF_g
58978.91172449989 18.615513571468924 0.07397460381415932 ZTF_g
58978.912187499925 18.668879383297327 0.08426338629707608 ZTF_g
58986.89540510019 18.39659926974704 0.020031437059078172 ZTF_g
58991.90155090019 18.40163597754979 0.021548738492386477 ZTF_g
58995.82107640011 18.297979142051634 0.020638888562652724 ZTF_g
58998.93768520001 18.399786262040383 0.02008237838223792 ZTF_g
59004.98023150023 18.209439164888064 0.04124546759874015 ZTF_g
59008.80848379992 18.30865549851112 0.043299394094528765 ZTF_g
59009.7743981001 18.33665780447362 0.042370399689421134 ZTF_g
59011.80435189977 18.30968099272446 0.024424810357615456 ZTF_g
59012.83162039984 18.317623891318874 0.019516083506395887 ZTF_g
59014.85391200008 18.3006841237848 0.01960468358311296 ZTF_g
59015.81159720011 18.25320072087221 0.02114162427102606 ZTF_g
59017.83045140002 18.37399875737141 0.020896009026941442 ZTF_g
59018.85368059995 18.30974921294589 0.01855879479277789 ZTF_g
59019.77673610021 18.299542641571787 0.020612245281094843 ZTF_g
59020.88944440009 18.311282424846016 0.01850975945803235 ZTF_g
59023.81793980021 18.345591892344412 0.020190598349707045 ZTF_g
59024.873634300195 18.305865611286713 0.026042731921396722 ZTF_g
59025.75018520001 18.28080793904688 0.01939078670305605 ZTF_g
59026.87481479999 18.29747261127735 0.01842313370119264 ZTF_g
59027.73780089989 18.285427861835753 0.02616870518104264 ZTF_g
59028.85289350012 18.398008215097747 0.023872936239367704 ZTF_g
59029.75501159998 18.25358315126526 0.033146882984814496 ZTF_g
59030.87378469994 18.24444639083518 0.023412048692412313 ZTF_g
59031.818935200106 18.16268224434417 0.02800397482417516 ZTF_g
59032.873645800166 18.21481339010117 0.03495836694454724 ZTF_g
59033.73371529998 18.13795845977028 0.037511225547230964 ZTF_g
59034.71461809985 18.18338710003099 0.0489057879036352 ZTF_g
59035.71420140006 18.16073586270702 0.05245899012716926 ZTF_g
59041.72665510001 18.201767808119648 0.019280808551119577 ZTF_g
59044.81626159977 18.28710823322191 0.02289398008997523 ZTF_g
59045.81222219998 18.27426787881658 0.01948488557957262 ZTF_g
59047.75292820018 18.237697128948646 0.017610499793370593 ZTF_g
59050.86083329981 18.275291247153387 0.020752108914621203 ZTF_g
59053.83776619984 18.209824310659368 0.017968858644747954 ZTF_g
59056.77219909988 18.237287929288808 0.01986852374722048 ZTF_g
59061.68745370023 18.315820772245836 0.031026802648600693 ZTF_g
59061.6879166998 18.154791652836515 0.03101535599875227 ZTF_g
59062.83665509987 18.193970908390128 0.04897834837286297 ZTF_g
59065.770092600025 18.362808458034003 0.06072810565732567 ZTF_g
59065.77103010006 18.245014532902267 0.05928917490462915 ZTF_g
59074.717152799945 18.191994120234334 0.020093550833433227 ZTF_g
59077.74732640013 18.212830577299194 0.019361105190716543 ZTF_g
59081.73371529998 18.248766788345677 0.023048133970908324 ZTF_g
59085.77107639983 18.21635968016317 0.01937569592711874 ZTF_g
59091.72212960012 18.184238599794504 0.03537948597079321 ZTF_g
59098.70134259993 18.213547137851034 0.026336641542153316 ZTF_g
59108.755312500056 18.258463933333765 0.049758345762173306 ZTF_g
59111.633830999956 18.19598853653418 0.021545493138050986 ZTF_g
59114.69564810023 18.19541488654625 0.02289084724819901 ZTF_g
59115.70109950006 18.198331941789426 0.02570842131322948 ZTF_g
59116.72320599994 18.14786441811019 0.029078750001872322 ZTF_g
59117.71217590012 18.147014467475557 0.03251452644618702 ZTF_g
59118.70355319977 18.126498012630858 0.02868790225548956 ZTF_g
59119.69648149982 18.114551528339007 0.03364695854667943 ZTF_g
59123.610682900064 18.17887055719767 0.04936340993223176 ZTF_g
59125.67376160016 18.203623220036214 0.03991042877240858 ZTF_g
59129.68538190005 18.10895019184504 0.024276507105962963 ZTF_g
59131.65673610009 18.205570359737656 0.02386924717200145 ZTF_g
59135.6104282001 18.12557681704599 0.02015622105794712 ZTF_g
59137.63429399999 18.148780311292967 0.019848076785052626 ZTF_g
59139.62171299989 18.1497122791085 0.021105601841565402 ZTF_g
59143.663090299815 18.114414031692615 0.022433243647490997 ZTF_g
59145.63087960007 18.05913197291647 0.022040126985629627 ZTF_g
59150.65513890004 18.2090119827684 0.05085173846005375 ZTF_g
59152.62140050018 18.04763546563298 0.041471403745212854 ZTF_g
59156.60386569984 18.08892478230547 0.023329533539588 ZTF_g
59158.66644679988 18.17980963351205 0.06152351648344023 ZTF_g
59167.642152800225 18.23053962449092 0.056690563402003846 ZTF_g
59169.59508100012 18.163247085202244 0.03141001600964266 ZTF_g
59249.01307869982 18.1239430110229 0.03829155246006799 ZTF_g
59250.99773149984 18.123464282777118 0.03797906518664007 ZTF_g
59253.03356479993 18.143177897134905 0.018946179323902967 ZTF_g
59259.03350690007 18.219293660000208 0.028786582315751374 ZTF_g
59266.01594909979 18.240802974792675 0.025854519515474905 ZTF_g
59269.02990739979 18.173400950028686 0.020250726446226608 ZTF_g
59270.949236100074 18.226221588470416 0.08155148455552563 ZTF_g
59273.02922450006 18.182414950320627 0.05412954313241691 ZTF_g
59280.905856499914 18.203341129628196 0.10874002368921687 ZTF_g
59292.01555560017 18.199383166090136 0.019621813314904202 ZTF_g
59298.936527799815 18.127358188382033 0.04328875053123049 ZTF_g
59301.98471060023 18.17341354408826 0.05036611825112658 ZTF_g
59302.99284720002 18.113941737873215 0.0367818162639999 ZTF_g
59303.00091439998 18.0584993622663 0.03513875302072833 ZTF_g
59303.87978010019 18.13886566647169 0.06328845126834537 ZTF_g
59305.99586809985 18.16458986056486 0.03517825054817081 ZTF_g
59305.99680559989 18.15944128552016 0.03553537252068395 ZTF_g
59308.966261600144 18.073388903924428 0.020608384090085252 ZTF_g
59308.96719910018 18.15001868182516 0.020597071936069966 ZTF_g
59313.99487269996 18.192806827332888 0.018579921138188737 ZTF_g
59316.88427079981 18.242769205878588 0.01933346630108801 ZTF_g
59319.94347220007 18.28363905322477 0.024766227036373323 ZTF_g
59322.92584489984 18.319232601451844 0.025923692534147946 ZTF_g
59324.90729170013 18.21629046215359 0.019794306693405872 ZTF_g
59328.86373839993 18.208559270138224 0.05218554454208402 ZTF_g
59334.96238429984 18.163151537315862 0.03400206785745219 ZTF_g
59336.93414349994 18.14735979907109 0.025389580257144218 ZTF_g
59339.88442130014 18.241296510376124 0.019318203559482328 ZTF_g
59341.87013889989 18.31432577342755 0.022397317063209243 ZTF_g
59345.9031134001 18.208645509225242 0.0184570997412834 ZTF_g
59353.88162040012 18.31544245895809 0.02123263906788786 ZTF_g
59359.82988430001 18.12669484348339 0.04419769215018832 ZTF_g
59362.89442129992 18.17469203000801 0.038364364712215604 ZTF_g
59366.80949069979 18.244886885135703 0.021027061478037012 ZTF_g
59368.86184029979 18.256480153703315 0.019986757891333085 ZTF_g
59370.914756900165 18.25328607776503 0.018933348463885835 ZTF_g
59373.93383099977 18.269735570833824 0.020676516819401414 ZTF_g
59375.92192129977 18.23030497971099 0.022155019813515864 ZTF_g
59377.85983800003 18.192759446533305 0.017335479767304207 ZTF_g
59381.83357639983 18.259228572835163 0.03228971990896845 ZTF_g
59385.81627310021 18.20028523790264 0.03013518012712879 ZTF_g
59391.736250000075 18.217883173859185 0.04460407658591237 ZTF_g
59395.79012730019 18.257966030449623 0.04784245854469482 ZTF_g
59400.79449070012 18.292325141619635 0.02161902618102829 ZTF_g
59402.82724539982 18.283173187086415 0.01999963193168597 ZTF_g
59404.8411921002 18.326737231776278 0.02357522343330487 ZTF_g
59406.72435190016 18.288158595028737 0.021892591087313562 ZTF_g
59408.843877300154 18.244526775685436 0.025199747690544783 ZTF_g
59410.84523149999 18.208272339568122 0.022656792536752235 ZTF_g
59412.8217823999 18.270466671329697 0.021836589544767193 ZTF_g
59415.783425900154 18.207511464680316 0.03370335800142321 ZTF_g
59418.81792820012 18.277794072016356 0.083259529309883 ZTF_g
59423.84457179997 18.251160971437006 0.040440645066855296 ZTF_g
59425.76378470007 18.269854566900552 0.020348997387598544 ZTF_g
59427.78737269994 18.31753893011804 0.02304743491975536 ZTF_g
59429.78940969985 18.29062152395135 0.023214070024778266 ZTF_g
59434.74778940016 18.31888147000487 0.02028881675167682 ZTF_g
59436.75519679999 18.325413623017177 0.023020111434458812 ZTF_g
59439.75652780011 18.260092311596836 0.026648801572655145 ZTF_g
59441.75521990005 18.345203474294607 0.03025908499430585 ZTF_g
59443.70362270018 18.214342348777144 0.04689760883585947 ZTF_g
59446.77726850007 18.28453715912991 0.05703416661206262 ZTF_g
59448.67251159996 18.185654948015127 0.038634161883152274 ZTF_g
59450.691064800136 18.251558669326542 0.042624263656747985 ZTF_g
59452.78900460014 18.222632064210607 0.030810148165128837 ZTF_g
59454.72475690022 18.32665310252048 0.02182306348086449 ZTF_g
59458.67475689994 18.29645385422352 0.01903643231586649 ZTF_g
59460.767777800094 18.323945536606118 0.02350695344864384 ZTF_g
59462.75805559987 18.372851072711192 0.02643171159982849 ZTF_g
59464.67812500009 18.345943441131084 0.02200287286579794 ZTF_g
59466.82528939983 18.365376151527272 0.043955179523569754 ZTF_g
59468.675451400224 18.304362370898858 0.02064268424475202 ZTF_g
59470.716180600226 18.230644942150256 0.024107184394319248 ZTF_g
59473.69506940013 18.182014993520916 0.02877536530105651 ZTF_g
59475.74541669991 18.26572135602504 0.06672427604826758 ZTF_g
59477.65349540021 18.27164168784933 0.041402969321188365 ZTF_g
59479.662476900034 18.20428614880182 0.039265017586460615 ZTF_g
59484.67474539997 18.35569053627069 0.020557125988377223 ZTF_g
59487.67773150001 18.344214177659683 0.02945860276420298 ZTF_g
59488.720601900015 18.34788226217203 0.03391819683913333 ZTF_g
59489.694791700225 18.32560434735381 0.030307029871565305 ZTF_g
59504.682685200125 18.304831989808367 0.058931847271502136 ZTF_g
59510.69818289997 18.326553322429945 0.07503582206262749 ZTF_g
59512.70373839978 18.37089850193157 0.06149784440096617 ZTF_g
59521.61752310023 18.31309293248525 0.02723320861826828 ZTF_g
59523.66077549989 18.322603260735388 0.0336442738370728 ZTF_g
59525.6140509001 18.39329734742543 0.02618859747361313 ZTF_g
59527.63979170006 18.361046284656467 0.04097622191997452 ZTF_g
59622.00887730019 18.6555520106586 0.05522338450031583 ZTF_g
59623.99500000011 18.54916772740684 0.07252352286436015 ZTF_g
59626.04025459988 18.63824226085568 0.08502472784175907 ZTF_g
59637.007071800064 18.651281377513182 0.049981841967763785 ZTF_g
59640.05836809985 18.652678756630408 0.10734649107362237 ZTF_g
59673.93418980017 18.701993730352036 0.0402448407137026 ZTF_g
59675.978460600134 18.63162429254574 0.027196814458831042 ZTF_g
59677.97318289988 18.670943892508046 0.03356898005449871 ZTF_g
59679.8256019 18.501315704394088 0.058565931374714 ZTF_g
59683.966273100115 18.431093571739 0.03703704789541007 ZTF_g
59685.906099500135 18.771190868663822 0.09984061462366256 ZTF_g
59693.963425899856 18.549557067071163 0.03137873720858941 ZTF_g
59697.96180560021 18.72808569574135 0.02480931316567947 ZTF_g
59700.95151619986 18.64734220227291 0.02823030711330432 ZTF_g
59702.961678199936 18.673052982684332 0.0269868894654266 ZTF_g
59710.94146989984 18.672541714641063 0.03305957421960848 ZTF_g
59712.9676620001 18.50656827306431 0.026770129420384592 ZTF_g
59717.84956019977 18.51944623729475 0.05620190401939951 ZTF_g
59723.898958299775 18.592793159687925 0.0274099371416483 ZTF_g
59725.852812500205 18.690240216827497 0.03139095528950264 ZTF_g
59727.9376968001 18.645217123956286 0.028680865541181433 ZTF_g
59731.85063660005 18.58902377107218 0.0300630799572712 ZTF_g
59735.932164399885 18.616272149773113 0.026420094133104755 ZTF_g
59737.83151620021 18.600051974754223 0.023260499460871387 ZTF_g
59741.913090299815 18.555935733320943 0.033710045272401956 ZTF_g
59743.88228010014 18.628605801318525 0.07200543265242665 ZTF_g
59747.82968749991 18.542661918052342 0.0417853418478078 ZTF_g
59749.80940969987 18.541524687138264 0.030121493527834886 ZTF_g
59751.84751159977 18.562882283091284 0.024776364012144114 ZTF_g
59753.79821760021 18.61904357082558 0.02300826307991244 ZTF_g
59756.81024309993 18.673881029965557 0.026994724701568273 ZTF_g
59762.83936339989 18.640633254012485 0.023884673317660088 ZTF_g
59764.841053199954 18.62704553229927 0.023898121099438896 ZTF_g
59766.82925930014 18.636764771831125 0.02117961935107182 ZTF_g
59769.79958330002 18.519704899256602 0.030601234901434182 ZTF_g
59769.87534719985 18.607083641978413 0.026073684607117897 ZTF_g
59771.77509259991 18.527189903216716 0.043320643316183904 ZTF_g
59771.872511600144 18.5121584274648 0.03929011419365125 ZTF_g
59782.80902779987 18.593587373025052 0.026925282404883788 ZTF_g
59784.839849499986 18.682527514837503 0.025481217049083682 ZTF_g
59786.81003470021 18.653579027561367 0.026023377773086054 ZTF_g
59788.81137729995 18.393050329582024 0.05453470859347931 ZTF_g
59790.80704860017 18.645483260371613 0.027346646950716647 ZTF_g
59793.75710650021 18.563870784873213 0.024860123698926984 ZTF_g
59797.797025499865 18.60432353242681 0.026512345197625464 ZTF_g
59802.79921300011 18.453087307906273 0.052721696262272744 ZTF_g
59805.71423610021 18.74700285860829 0.059339100879661544 ZTF_g
59807.74761570012 18.516471141830408 0.029569378393393464 ZTF_g
59809.74950229982 18.598203867490298 0.027196867049752882 ZTF_g
59812.74696760019 18.67724080881705 0.025146170928529443 ZTF_g
59814.78096059989 18.66196131152644 0.029529322511610445 ZTF_g
59816.71560190013 18.71813653147495 0.026765556579206873 ZTF_g
59818.6973611 18.75611125914582 0.028809525035292438 ZTF_g
59820.676562500186 18.880170288644063 0.046467168691977534 ZTF_g
59825.74506939994 18.649883398125912 0.03533768835410811 ZTF_g
59840.666539399885 18.781328195852527 0.02556768275611354 ZTF_g
59840.69495370006 18.77897558335058 0.027084030270211557 ZTF_g
59842.65538189979 18.673268715293823 0.030037203078489227 ZTF_g
59844.671875 18.71836542512521 0.028708993159902718 ZTF_g
59846.67571760016 18.713296396588667 0.032094122904119615 ZTF_g
59848.64177080011 18.700330217866494 0.029807874304076165 ZTF_g
59850.65903940005 18.704956270523645 0.02973444182015328 ZTF_g
59853.63409719989 18.62457361275994 0.02784487383881995 ZTF_g
59855.72418980021 18.795880212599883 0.062373843061923395 ZTF_g
59859.66320599988 18.624735608975616 0.05302449546460153 ZTF_g
59862.661585600115 18.651776133893215 0.0772787259314267 ZTF_g
59866.64234950021 18.766002038800433 0.03615291972972301 ZTF_g
59871.62478009984 18.786654678297168 0.037714882568677055 ZTF_g
59873.62502310006 18.733059327834685 0.04175470797729375 ZTF_g
59877.70307870023 18.96081923453847 0.09919032897924218 ZTF_g
59879.65591439977 18.815549631556806 0.05898523877022299 ZTF_g
59881.61728010001 18.766315419384114 0.04163171838237467 ZTF_g
59887.656944400165 18.762722421231604 0.09582795102206987 ZTF_g
59899.63502309984 18.970452074244854 0.11155410512230013 ZTF_g
59973.03215279989 18.86400603735413 0.061199080614048995 ZTF_g
59986.0103703998 18.844662633715753 0.08672307938478596 ZTF_g
59995.02807869995 18.932217203264415 0.057058269663267325 ZTF_g
60016.99068289995 18.898909389033083 0.06474379791488438 ZTF_g
60022.01252309978 18.84717830598614 0.04386954194113102 ZTF_g
60042.90081019979 18.67294111627377 0.10346761859818088 ZTF_g
60044.97972219996 18.696281281209032 0.04289093246616815 ZTF_g
60046.970567100216 18.712771397492595 0.10398757040790585 ZTF_g
60051.967650500126 19.029355590695822 0.03039142915645421 ZTF_g
60054.92038189992 18.884282164945546 0.03614752784359432 ZTF_g
60056.920925899874 18.8691396775814 0.031477381551361816 ZTF_g
60058.96634260006 19.015416755330477 0.04073908880636701 ZTF_g
60060.9066319 19.08721992181026 0.042227077863188356 ZTF_g
60064.96478010016 18.99603854838778 0.03021490981436159 ZTF_g
60075.96269680001 18.80460032396486 0.04002973336807436 ZTF_g
60078.859143500216 19.00471295249038 0.03252030334461331 ZTF_g
60081.84346059989 18.99396365162457 0.03642741210435929 ZTF_g
60083.85032409988 18.992526197619213 0.03398708087921776 ZTF_g
60085.86969910003 19.0307528714964 0.03623345431068792 ZTF_g
60087.94532410009 19.04144515211484 0.0299503217032715 ZTF_g
60089.9138656999 19.049284385287326 0.03183472908885143 ZTF_g
60091.90196759999 19.049690320492605 0.03223720965054966 ZTF_g
60093.93722219998 18.99383846404225 0.03112041676261157 ZTF_g
60094.907847200055 19.03937011926243 0.03213098185691976 ZTF_g
60099.92601849977 18.79783723792935 0.09038046546241851 ZTF_g
60101.92575229984 18.87556975873402 0.08165383880078636 ZTF_g
60108.88971060002 19.091013958531494 0.0403826863764305 ZTF_g
60110.79060189985 18.98547216318788 0.03978905049239856 ZTF_g
60112.913888900075 18.977637907349333 0.03154135588937912 ZTF_g
60115.901493099984 18.9705628875445 0.037179867845075876 ZTF_g
60118.893078700174 19.018210220215437 0.042067566151819946 ZTF_g
60120.843067099806 18.983735232393276 0.034546428594111944 ZTF_g
60122.90476850001 18.995303370474645 0.03348715991874229 ZTF_g
60124.88166669989 18.879162876772874 0.036571276672232145 ZTF_g
60128.928946800064 18.788901103391996 0.11646158732722434 ZTF_g
60134.87274309993 18.943554776129883 0.04359378086484256 ZTF_g
60136.85390050011 18.976128790573256 0.03954049599271414 ZTF_g
60138.89557870012 18.96116753070666 0.050722715184855716 ZTF_g
60140.825682899915 18.92101754108179 0.03233096397690716 ZTF_g
60143.905497699976 18.941284918491412 0.035604489759011315 ZTF_g
60145.83234950015 18.953281405708445 0.032707693213184896 ZTF_g
60147.8193518999 19.00420232661207 0.03661178697673151 ZTF_g
60149.830613399856 19.045642596822777 0.03470539278556117 ZTF_g
60151.837800899986 19.00381755325965 0.03528227830155117 ZTF_g
58559.00445599994 19.941703457031107 0.11231397077681038 ZTF_r
58574.00555559993 19.837169965165728 0.10608384225598932 ZTF_r
58580.98519679997 19.872509661411044 0.09610341229192088 ZTF_r
58580.98611109983 19.7822192314846 0.08920468043797314 ZTF_r
58582.94637730019 19.95943155014384 0.08620836477730975 ZTF_r
58584.913333300035 19.78967989653458 0.08666959584781964 ZTF_r
58585.00655090017 19.866033935243852 0.08458559882501682 ZTF_r
58586.98221059982 19.799286961587413 0.0896670947383118 ZTF_r
58588.9445369998 19.670872157555678 0.06953319136372649 ZTF_r
58596.93531250022 19.781514242794344 0.12684755248884727 ZTF_r
58596.9362269002 19.673091802089388 0.1147432609437562 ZTF_r
58597.91858799989 19.77886899167048 0.09438150419982172 ZTF_r
58605.924305600114 19.68685514027679 0.06118157596384499 ZTF_r
58605.925219899975 19.733262717546182 0.059101012901514594 ZTF_r
58606.82973380014 19.732446518562153 0.0742170508595077 ZTF_r
58607.880659699906 19.635131775861346 0.05256672415531405 ZTF_r
58608.88140049996 19.68888281317512 0.13142335909231306 ZTF_r
58608.88231479982 19.730753403100685 0.12507996275457245 ZTF_r
58612.93915509991 19.731964670120757 0.05758036650023968 ZTF_r
58612.94096060004 19.718187963101133 0.052346006575053394 ZTF_r
58616.89605320012 19.61404879831736 0.055655387414180524 ZTF_r
58617.860046300106 19.35719611522217 0.055852183356888574 ZTF_r
58618.858078700025 19.540853107062667 0.07420152961283222 ZTF_r
58627.876018499956 19.5887110716514 0.06652879768646791 ZTF_r
58627.88020829996 19.41212447342603 0.05695959497453629 ZTF_r
58628.897685199976 19.541568941129263 0.06178032669761713 ZTF_r
58632.81709490018 19.66235464133577 0.07021194033048417 ZTF_r
58632.8295948999 19.59588065680667 0.05776446247535105 ZTF_r
58633.83938660007 19.53334124397383 0.04884194108737461 ZTF_r
58634.846747700125 19.550003650991993 0.04971807112093174 ZTF_r
58635.86229170021 19.498456943420475 0.042888567391463184 ZTF_r
58635.86318290001 19.51818672126812 0.04434551140696996 ZTF_r
58636.81995370006 19.60357955879742 0.04880321884212613 ZTF_r
58637.816620400175 19.509238204569307 0.04729283145777785 ZTF_r
58638.80879630009 19.48635731417648 0.05224199739220303 ZTF_r
58638.80971059995 19.5419688358892 0.05861045464796888 ZTF_r
58639.83297450002 19.404489628098045 0.04620552635794617 ZTF_r
58640.77896990022 19.501446382051245 0.05332449421142371 ZTF_r
58641.90256940015 19.445461529748883 0.04051448650985634 ZTF_r
58641.903483800124 19.47253700082355 0.043030370584876465 ZTF_r
58642.77739580022 19.44470645640287 0.048075310718441955 ZTF_r
58643.80084489984 19.691716102111087 0.07430997338778234 ZTF_r
58644.797893499956 19.536653297351297 0.059924647926356656 ZTF_r
58644.79880789993 19.439694460096167 0.05439980492214325 ZTF_r
58645.832013899926 19.4921211825909 0.05600789971453324 ZTF_r
58647.81089119986 19.473915710348003 0.0674814618116848 ZTF_r
58650.81740739988 19.47240276420784 0.09657975405557728 ZTF_r
58653.91376159992 19.29391240484702 0.08435566543399453 ZTF_r
58657.85675929999 19.359618816876655 0.06351978731346186 ZTF_r
58663.81531250011 19.369206792827345 0.04507552174971785 ZTF_r
58669.8303704001 19.313608557716996 0.04028503427590202 ZTF_r
58675.79144679988 19.147620353698585 0.046039702211389866 ZTF_r
58677.75464119995 19.2126561919617 0.06236562123807765 ZTF_r
58678.74885419989 19.216825396477056 0.062409993618459225 ZTF_r
58678.74975690013 19.034201131586002 0.05262457123114572 ZTF_r
58679.74660879979 19.119287023841988 0.0672147578429989 ZTF_r
58680.77348379977 19.03693147773286 0.07169233636191663 ZTF_r
58681.77673610021 19.136918519544945 0.08664842283481988 ZTF_r
58681.777638900094 19.137028842887602 0.07769217931996941 ZTF_r
58682.76917820005 19.08373329348776 0.05308264547309527 ZTF_r
58684.67428239994 19.14273657387414 0.04259959029838001 ZTF_r
58684.67520829989 19.13329210649961 0.0407140696325996 ZTF_r
58685.8210880002 19.13764271737919 0.05106521114240614 ZTF_r
58686.80679399986 19.114112984720116 0.04519632721091682 ZTF_r
58688.86206019996 19.097846541605897 0.041960305167673795 ZTF_r
58691.69526620023 19.180084521940955 0.039454967633448135 ZTF_r
58691.69616900012 19.119963426104313 0.035987905488173766 ZTF_r
58692.82410879992 18.993601634955695 0.03874890630754457 ZTF_r
58693.71103010001 19.13701494654461 0.05040114653767347 ZTF_r
58694.69487270014 19.19355372240969 0.04282897846361955 ZTF_r
58694.69577550003 19.111148424022172 0.03835887740045507 ZTF_r
58695.72806710005 19.10132184674819 0.06408586573012975 ZTF_r
58696.84959489992 19.16170737146321 0.03978230576861641 ZTF_r
58697.68165510008 19.08277883416438 0.03449363015970519 ZTF_r
58697.68256939994 19.162849269391877 0.03920483888872894 ZTF_r
58698.686759300064 19.201539277392897 0.10033985793287492 ZTF_r
58703.68572920002 18.95821973847856 0.04571341747802471 ZTF_r
58703.68662039982 18.992627490576222 0.04399439990741172 ZTF_r
58704.680162 18.90473096712136 0.04099735678511429 ZTF_r
58707.6702083 18.966848661705363 0.05339237418888487 ZTF_r
58707.67111109989 18.98613114124285 0.05530476085893277 ZTF_r
58709.75568290008 18.95718365718423 0.059246112330550105 ZTF_r
58711.78737269994 18.967329098646758 0.06938478209108112 ZTF_r
58712.748182899784 18.93293563370947 0.046194315312448 ZTF_r
58713.73523150012 18.915903445366066 0.08351480710548209 ZTF_r
58713.74773149984 18.82601506328675 0.11754929608162357 ZTF_r
58714.85269680014 18.929046627255236 0.06477336762849362 ZTF_r
58715.83042819984 18.94452165675459 0.054122077165173366 ZTF_r
58719.82211809978 19.119047975836825 0.08574557331882815 ZTF_r
58722.8119907002 18.91455266823293 0.04044355061927263 ZTF_r
58725.734780100174 19.031949526579677 0.03802093939321338 ZTF_r
58728.69832180021 18.922934530503458 0.034448165530450936 ZTF_r
58734.645092600025 18.969499172351362 0.053029821422748924 ZTF_r
58736.688865699805 19.022388577246527 0.04951861007445579 ZTF_r
58737.687326400075 18.956987976870014 0.07388633757068952 ZTF_r
58740.75493060006 18.88819263242746 0.0924599904108856 ZTF_r
58747.70862270007 18.866563443785793 0.041557914017861464 ZTF_r
58764.6169906999 18.710896649270524 0.03738879467275957 ZTF_r
58767.61247690022 19.037276092229583 0.1074197507571224 ZTF_r
58770.70398150012 18.902321794934572 0.11594414897804306 ZTF_r
58779.588356500026 18.658734519646217 0.0503281260353301 ZTF_r
58782.61836809991 18.868512660279915 0.055074560704497344 ZTF_r
58785.60247689998 18.69107401703218 0.04408546072926178 ZTF_r
58790.62157410011 18.74686836710009 0.05870334693632273 ZTF_r
58793.58684029989 18.741896020013325 0.07056881229140188 ZTF_r
58887.07064810023 18.281154871159657 0.0380479734021808 ZTF_r
58893.039166700095 18.472328691612972 0.040290694592250986 ZTF_r
58896.01091440022 18.3870018719814 0.03808762921125641 ZTF_r
58900.9849537001 18.308911347877135 0.04367824193642278 ZTF_r
58905.034942099825 18.45753758487389 0.03267963121687423 ZTF_r
58909.00365740014 18.35302684476145 0.02474587763467717 ZTF_r
58912.00515050022 18.53556905733348 0.046796271280815205 ZTF_r
58915.02288189996 18.25473948742669 0.019898601798637117 ZTF_r
58937.00929399999 18.34674881517538 0.028512015095021326 ZTF_r
58943.98471060023 18.250594587196133 0.022772575956565788 ZTF_r
58953.95511570014 18.32103977656147 0.03147704694707265 ZTF_r
58961.95429399982 18.319160868636903 0.02733691688292339 ZTF_r
58964.9241204001 18.184989950066914 0.018403891715013998 ZTF_r
58967.91372689977 18.229215870121962 0.018815406775665622 ZTF_r
58970.91289350018 18.213262955847732 0.019228784715787484 ZTF_r
58973.83722219989 18.175774993664163 0.03233342485959234 ZTF_r
58976.83990739984 18.18993466471628 0.0582360805587232 ZTF_r
58979.837812500075 18.172421900457067 0.035793581772859184 ZTF_r
58986.953009299934 18.2200007536457 0.017929002895661128 ZTF_r
58991.94290510006 18.21223448841225 0.018361462370515724 ZTF_r
58995.937384299934 18.156184167017145 0.016690459675050562 ZTF_r
58998.83001160016 18.13163260882544 0.01776486568363289 ZTF_r
58999.875752300024 18.27227284635699 0.02063214156520843 ZTF_r
59000.84813660011 18.167971512501165 0.03115785211507216 ZTF_r
59001.932164399885 18.16875567780233 0.02027453589404793 ZTF_r
59004.79401620012 18.190085940219276 0.039225502862311856 ZTF_r
59008.83592589991 18.18495064786279 0.03169414470318088 ZTF_r
59009.85844910005 18.182403219078136 0.030517488074385923 ZTF_r
59011.821064800024 18.096571014517323 0.02151647806930157 ZTF_r
59012.774409700185 18.148815577166868 0.017584671604994995 ZTF_r
59014.76008100016 18.19228889461045 0.021361022606271263 ZTF_r
59015.83256939985 18.10307660334542 0.01766940116351101 ZTF_r
59016.75630789995 18.109273606651 0.03144907420868215 ZTF_r
59017.79107639985 18.163248332647647 0.017139936134551448 ZTF_r
59018.75981480023 18.150572404893882 0.017811750358418976 ZTF_r
59019.86167819984 18.180336468543878 0.01804594425963657 ZTF_r
59020.77841439983 18.094123106206474 0.017873058338063075 ZTF_r
59022.75298610004 18.163560042072145 0.0179161009939115 ZTF_r
59023.81026619999 18.109138090404123 0.016563817239539702 ZTF_r
59024.75687499996 18.074659947820514 0.018294101016511632 ZTF_r
59025.87047450011 18.13041763006512 0.01818148497474681 ZTF_r
59027.776157400105 18.08759996589754 0.019406370960309616 ZTF_r
59028.75343749998 18.10148488584668 0.02124532686816849 ZTF_r
59031.74799769977 18.013420978027614 0.023869403158304436 ZTF_r
59031.87592589995 18.070745278815405 0.024435756688079735 ZTF_r
59031.87640050007 18.073153456260364 0.0230761194701099 ZTF_r
59031.876863399986 18.08057801194002 0.02192060197231882 ZTF_r
59031.87733800011 18.02714049498162 0.021181450036896976 ZTF_r
59031.87780090002 17.992502969215998 0.02021949187252403 ZTF_r
59031.878275500145 18.0466620371249 0.020980456365514044 ZTF_r
59031.87873840006 18.004676025572536 0.01996698793291074 ZTF_r
59031.879201400094 18.03159324604637 0.019668185841211994 ZTF_r
59031.8796759001 18.08302806039963 0.0212263721906929 ZTF_r
59031.88013890013 18.02019586905834 0.021374648454280276 ZTF_r
59031.880613400135 18.026834596992998 0.019485670646323783 ZTF_r
59031.88107640017 17.97309600439183 0.020771858274397204 ZTF_r
59031.88155090017 18.009881518945818 0.019660194693505773 ZTF_r
59031.882013900205 18.028120725575533 0.019939305411172725 ZTF_r
59031.88248840021 18.004238508129227 0.020466139022353502 ZTF_r
59031.88295139978 18.030142053505656 0.019926192448131985 ZTF_r
59031.88342589978 18.004800009471406 0.01961015081509032 ZTF_r
59031.883888899814 18.095379349354005 0.021903740429701557 ZTF_r
59031.88435189985 18.048339475700768 0.020140420374223922 ZTF_r
59031.88482639985 18.033901615184348 0.02082315257292322 ZTF_r
59031.885289399885 18.05073034180687 0.02134205831702296 ZTF_r
59031.88576389989 18.037163611891852 0.019276879812768044 ZTF_r
59031.88622689992 18.037779775097327 0.020299845325130406 ZTF_r
59031.886701399926 18.006910482372348 0.020073852606355302 ZTF_r
59031.88716439996 18.039119883160506 0.019574777130189958 ZTF_r
59031.88763889996 18.043244131172923 0.020162247822320012 ZTF_r
59031.8881019 18.078743113241458 0.019512361407937107 ZTF_r
59031.88856479991 18.075737361651058 0.02049763551645256 ZTF_r
59031.889039400034 18.064874753968837 0.020137410238177722 ZTF_r
59031.88950229995 18.02961922988287 0.019576740023332206 ZTF_r
59031.88997690007 18.032891028588125 0.018823208378455192 ZTF_r
59031.89043979999 18.012335208758948 0.019194907256848026 ZTF_r
59031.89090280002 18.00822694907817 0.018788751649561064 ZTF_r
59031.891377300024 18.04639712768135 0.018932740610221543 ZTF_r
59031.891851900145 18.024478073914224 0.019788543459622332 ZTF_r
59031.89231480006 18.05124245394948 0.01879484844925905 ZTF_r
59031.892777800094 18.07586237679537 0.0190269103731886 ZTF_r
59031.8932523001 18.0176447014331 0.018877823518121062 ZTF_r
59031.89371530013 18.057212361675113 0.019752630191915088 ZTF_r
59031.894189800136 18.09428572272332 0.019776144016494968 ZTF_r
59031.89465280017 18.034402775809987 0.01920712956168913 ZTF_r
59031.89512730017 17.98534358234377 0.018729213434548697 ZTF_r
59031.895590300206 18.07219352292757 0.019102596679150707 ZTF_r
59031.89605320012 18.099560663237195 0.01973297068519919 ZTF_r
59031.89652779978 18.034788915584542 0.018091643634299714 ZTF_r
59031.89699070016 18.076162403706416 0.01878356263929426 ZTF_r
59031.897465299815 18.056990233451877 0.01911066657530114 ZTF_r
59031.8979282002 18.073380796253844 0.019464282641715513 ZTF_r
59031.89840279985 18.029701416077884 0.01897266047890689 ZTF_r
59031.89886569977 18.068571909297596 0.018934629543933212 ZTF_r
59031.89934029989 18.05173598601731 0.01874052782027391 ZTF_r
59031.899803199805 18.04339685447018 0.018704275543170112 ZTF_r
59031.90027779993 18.07910811854009 0.018244812036932956 ZTF_r
59031.90074069984 18.130874473854647 0.018364821109644325 ZTF_r
59031.901203699876 18.036194144857717 0.017557895277940716 ZTF_r
59031.90167819988 18.1171220126095 0.019359849581885413 ZTF_r
59031.90214119991 18.0574559739749 0.018208754948533468 ZTF_r
59031.90261569992 18.076917401593654 0.01831002791421099 ZTF_r
59031.90307869995 18.044075485642594 0.017687571906948918 ZTF_r
59031.903553199954 18.08916981160074 0.018452211095937088 ZTF_r
59031.90401619999 18.079523036197354 0.0176371344351125 ZTF_r
59031.90447920002 18.05567628972775 0.017194060195649286 ZTF_r
59031.904953700025 18.10642721191067 0.01779581537793362 ZTF_r
59031.90542820003 18.097630397158134 0.018651832098230514 ZTF_r
59031.90589120006 18.04173785264943 0.01771482816809744 ZTF_r
59031.906365700066 18.03979708020761 0.01745458963973867 ZTF_r
59031.9068287001 18.07474756089311 0.017410635438428912 ZTF_r
59031.90729170013 18.071749303275766 0.017156051590562882 ZTF_r
59031.90776620014 18.09159291396098 0.017548871587589332 ZTF_r
59031.90822920017 18.08791261688008 0.017675744384668235 ZTF_r
59031.908692100085 18.116807730765657 0.0175220121259283 ZTF_r
59031.90916670021 18.050538234748515 0.017186520562001206 ZTF_r
59031.90962960012 18.086280811939282 0.017773879851088026 ZTF_r
59031.91010419978 18.05559791266804 0.017122583339940434 ZTF_r
59031.91056710016 18.093621387572227 0.017296129049757525 ZTF_r
59031.911041699816 18.087207905345178 0.016673162578364042 ZTF_r
59031.9115046002 18.09949469618385 0.017262996955388132 ZTF_r
59031.91197919985 18.129323116587067 0.01717171832678588 ZTF_r
59031.91244209977 18.10443812733982 0.01724665879065057 ZTF_r
59031.91291669989 18.121742069362092 0.018087887012690373 ZTF_r
59031.913391199894 18.08659252426689 0.017150974430061083 ZTF_r
59031.91385419993 18.08762411804942 0.017736896742540864 ZTF_r
59031.91432869993 18.101090106883262 0.01791193781281919 ZTF_r
59031.914791699965 18.12802976973603 0.018124809146945253 ZTF_r
59031.91525459988 18.11093284218462 0.017550222469491672 ZTF_r
59031.9157292 18.106543502136105 0.01803254576901203 ZTF_r
59031.91619209992 18.078444867325935 0.016486740119106003 ZTF_r
59031.91666670004 18.101434655827887 0.017273185116843948 ZTF_r
59031.917129599955 18.121311036275827 0.01831003999109626 ZTF_r
59031.91760420008 18.10690832880371 0.01782606551391197 ZTF_r
59031.91806709999 18.068792075614162 0.0171615948119328 ZTF_r
59031.91854170011 18.102671785972316 0.017738045409180003 ZTF_r
59031.91900460003 18.081152991796174 0.017404989700583684 ZTF_r
59031.91947920015 18.133982543742622 0.01814000799302562 ZTF_r
59031.91994210007 18.11379941687657 0.017457881287688437 ZTF_r
59031.92041670019 18.09243061868038 0.017726988119896703 ZTF_r
59031.920879600104 18.15665164456187 0.018184210531954292 ZTF_r
59031.92134260014 18.096453713468016 0.01752014935973989 ZTF_r
59031.92181710014 18.137213291136064 0.017815823026648303 ZTF_r
59031.922280100174 18.099615953791957 0.017306231427445695 ZTF_r
59031.92274310021 18.11889513761951 0.017816402931044806 ZTF_r
59031.92321760021 18.13091348454803 0.01855105877038099 ZTF_r
59031.92368059978 18.11405081261549 0.018420599789218173 ZTF_r
59031.92414350016 18.134408328681722 0.01770774363323646 ZTF_r
59031.924618099816 18.11097614118796 0.01820995366733591 ZTF_r
59031.9250810002 18.070169642894115 0.018083638295610882 ZTF_r
59031.92555559985 18.080514171944856 0.01772250374190598 ZTF_r
59031.92601849977 18.095376379440964 0.017655934752621505 ZTF_r
59031.92649309989 18.176437074296878 0.018849030814401146 ZTF_r
59031.92695599981 18.10251662626689 0.017378795831312743 ZTF_r
59031.92743059993 18.10681375552459 0.01751888868217044 ZTF_r
59031.92789349984 18.127666315592997 0.01839461776295437 ZTF_r
59031.928368099965 18.1221224609412 0.018051713868555197 ZTF_r
59031.92883099988 18.091122079773257 0.018262622666007644 ZTF_r
59031.929293999914 18.083929535175567 0.01780931501330585 ZTF_r
59031.92976849992 18.096751218967533 0.01836253853399583 ZTF_r
59031.93023149995 18.11439396526835 0.018170743463286954 ZTF_r
59031.930705999956 18.139261280063916 0.018757292432493244 ZTF_r
59031.93116899999 18.0762993144161 0.017811804616920668 ZTF_r
59031.931631899904 18.14193931504616 0.018526786166983555 ZTF_r
59031.932106500026 18.121326100284435 0.018071900743082736 ZTF_r
59031.93256939994 18.095855497427507 0.017673488534676096 ZTF_r
59031.933032399975 18.121859159292924 0.01805775200030091 ZTF_r
59031.93350689998 18.145797030880203 0.018847385254336047 ZTF_r
59031.93396990001 18.148630907882076 0.017760002601351133 ZTF_r
59031.934432900045 18.173485644451695 0.01849150032172453 ZTF_r
59031.93490740005 18.13786029021765 0.018554817227816045 ZTF_r
59031.93537040008 18.106931549693932 0.018912319240532938 ZTF_r
59031.93584490009 18.119478961478542 0.017919442547007947 ZTF_r
59031.93630790012 18.171567778294595 0.018609701640837528 ZTF_r
59031.93678240013 18.16982043789393 0.017493793084099707 ZTF_r
59031.93724540016 18.166030123056608 0.019575474639546897 ZTF_r
59031.93771990016 18.0885772746079 0.017522473621797374 ZTF_r
59032.74358800007 17.976541651420433 0.023079641129616135 ZTF_r
59033.83368059993 18.082738196065208 0.02841582926670938 ZTF_r
59034.83732639998 18.055399317890455 0.03097806159423122 ZTF_r
59035.83221059991 18.017744874066786 0.035310778679331634 ZTF_r
59038.72738429997 18.039310083627463 0.01830382859842139 ZTF_r
59038.850486100186 18.06176274720243 0.025287763952508868 ZTF_r
59039.80670139985 18.077897261008353 0.020107446141755858 ZTF_r
59041.7709144 18.0524628582704 0.01692012525881026 ZTF_r
59044.74696760019 18.038528770213727 0.017031903005626958 ZTF_r
59047.829479199834 18.060960391596815 0.01659997393478818 ZTF_r
59047.834351900034 18.106982787566473 0.01632878070771504 ZTF_r
59047.83481479995 18.05668408582159 0.015986687228471297 ZTF_r
59047.83528940007 18.075687570351622 0.016759394844269693 ZTF_r
59047.83575229999 18.12767310429649 0.016519150717467568 ZTF_r
59047.83622690011 18.075733813897717 0.01683441986802947 ZTF_r
59047.836689800024 18.027796890588515 0.0159821533920379 ZTF_r
59047.83715280006 18.083626928732667 0.016687678086395152 ZTF_r
59047.83762730006 18.048559785130763 0.016590907815295708 ZTF_r
59047.838090300094 18.07658984671802 0.016416314174737323 ZTF_r
59047.8385648001 18.07508474635127 0.016580086885003453 ZTF_r
59047.83902780013 18.093454971406636 0.01685712739338996 ZTF_r
59047.839502300136 18.12234127727671 0.01835156587257636 ZTF_r
59047.83997689979 18.064987230783863 0.016627546061865672 ZTF_r
59047.84043980017 18.052042768561034 0.016546735216596886 ZTF_r
59047.84091439983 18.046015636100883 0.016165911166998725 ZTF_r
59047.84137730021 18.03644103024577 0.015882951460170602 ZTF_r
59047.84184029978 18.046091504596884 0.01582624644451691 ZTF_r
59047.84231479978 18.019233904281876 0.015852300639837225 ZTF_r
59047.842777799815 18.081643039984147 0.016971797702739266 ZTF_r
59047.84325229982 18.088034793636076 0.01608046200366786 ZTF_r
59047.84371529985 18.076197932288906 0.016675503015992632 ZTF_r
59047.84418979986 18.0539846554202 0.01590508497057641 ZTF_r
59047.84465279989 18.065986150864127 0.016357793362676176 ZTF_r
59047.845127299894 18.076241055118977 0.01663033735471764 ZTF_r
59047.84559029993 18.04566784027085 0.016517425950912212 ZTF_r
59047.84605319984 18.03922798678503 0.01660002521011883 ZTF_r
59047.84652779997 18.07969793534805 0.016457811128313793 ZTF_r
59047.84699069988 18.0529847222897 0.016733879813067176 ZTF_r
59047.84745369991 18.081850820440735 0.016391912928105157 ZTF_r
59047.84792819992 18.05255751666334 0.016612011856734554 ZTF_r
59047.84839119995 18.07594038275832 0.017004236587848 ZTF_r
59047.848865699954 18.075379879681506 0.01693232346295659 ZTF_r
59047.84932869999 18.040335947255056 0.01688243512449361 ZTF_r
59047.84979170002 18.043134085303997 0.017348239081115935 ZTF_r
59047.850266200025 18.047790904179312 0.01676108717177982 ZTF_r
59047.85072920006 18.084788350050815 0.016900989416484435 ZTF_r
59047.85119209997 18.055657414658555 0.017300008370650488 ZTF_r
59047.851666700095 18.09551262668353 0.0168293749001851 ZTF_r
59047.85212960001 18.09346776172562 0.01666393863164295 ZTF_r
59047.85259260005 18.070922438692968 0.016012731026323834 ZTF_r
59047.85306710005 18.04720877767407 0.01610298944812172 ZTF_r
59047.85353010008 18.006362895164486 0.016562894762071068 ZTF_r
59047.853993100114 18.03538207486991 0.015856954541545676 ZTF_r
59047.85446760012 18.069597945663613 0.016582066057148737 ZTF_r
59047.85493060015 18.08526406055698 0.01692336848426379 ZTF_r
59047.85539350007 18.081641712499806 0.016830674815661695 ZTF_r
59047.85586810019 18.045193855275553 0.016400767162974006 ZTF_r
59047.856331000105 18.027285195747705 0.016220118112563853 ZTF_r
59047.85679400014 18.049981269345437 0.016377680607703837 ZTF_r
59047.85726850014 18.023620138082613 0.01645464473455327 ZTF_r
59047.857731500175 18.01284476217346 0.016816254053141577 ZTF_r
59047.85819440009 18.044777535431074 0.016435607120996565 ZTF_r
59047.85866900021 18.019289000800548 0.016502272587924693 ZTF_r
59047.85913190013 18.089680274404188 0.01705250019710114 ZTF_r
59047.85959490016 18.074471594987337 0.017054033126399304 ZTF_r
59047.860069400165 18.06277543919586 0.01736105357562323 ZTF_r
59047.8605324002 18.046240229750488 0.01681270515693356 ZTF_r
59047.86099540023 18.058019712873342 0.01723911260988764 ZTF_r
59047.86146989977 18.04656331400448 0.016401142396514246 ZTF_r
59047.8619328998 18.021375849848326 0.016500418809993533 ZTF_r
59047.862395800184 18.017541753919417 0.01620795739306935 ZTF_r
59047.86285880022 18.03631202386684 0.016475026868233655 ZTF_r
59047.86333330022 18.03978818953486 0.01607002969664606 ZTF_r
59047.86379629979 18.058179904024676 0.016539490956104075 ZTF_r
59047.86427079979 18.00622019589138 0.016803491711623764 ZTF_r
59047.864733799826 18.035877828602143 0.01650300897540191 ZTF_r
59047.86519679986 18.011873882018925 0.01669543320315192 ZTF_r
59047.86567129986 18.037877121367213 0.017317420983493648 ZTF_r
59047.8661342999 18.09402317658546 0.017301029964571057 ZTF_r
59047.86659719981 18.04027061101627 0.01630470315326704 ZTF_r
59047.867060199846 18.066497329317514 0.016806158815565908 ZTF_r
59047.86753469985 18.047056794550166 0.016689907014512784 ZTF_r
59047.86799769988 18.05355376159212 0.01706088389681426 ZTF_r
59047.8684605998 18.06392521665802 0.017188602845843448 ZTF_r
59047.86893519992 18.091476191074115 0.01687767540895102 ZTF_r
59047.86939809984 18.011934843142804 0.016158022695012875 ZTF_r
59047.86986109987 18.03399831771533 0.016475846155799445 ZTF_r
59047.87033559987 18.071306727784297 0.017186521465978544 ZTF_r
59047.870798599906 18.060814770158203 0.017096080326572505 ZTF_r
59047.87127309991 18.038234044647364 0.01667941656927141 ZTF_r
59047.87173609994 18.077637576528502 0.01767756418952615 ZTF_r
59047.87219909998 18.032308647435002 0.01652010525650205 ZTF_r
59047.87266199989 18.066902197713155 0.01699117210040768 ZTF_r
59047.873136600014 18.06700662228771 0.01617042159864468 ZTF_r
59047.87359949993 18.11161816955257 0.017568507735896688 ZTF_r
59047.87407410005 18.034508592012436 0.016945263882485406 ZTF_r
59047.87453699997 18.033836150441203 0.016334969025994184 ZTF_r
59047.875 18.01020658229431 0.016522310498707782 ZTF_r
59047.8754745 18.059631928620504 0.016715315472087156 ZTF_r
59047.87593750004 18.066914436671635 0.016865838407152722 ZTF_r
59047.87640050007 18.06948442657615 0.017160554620462065 ZTF_r
59047.876875000075 18.083908336127116 0.0174361884054548 ZTF_r
59047.87733800011 18.079189163661287 0.017785995197051818 ZTF_r
59047.87780090002 18.067122037268142 0.017957377695070775 ZTF_r
59047.878275500145 18.084566501777992 0.017851329136711058 ZTF_r
59047.87873840006 18.096904153359624 0.018525567193183434 ZTF_r
59047.87921300018 18.028486923281463 0.016904540971363957 ZTF_r
59047.8796759001 18.067110084872226 0.01702736672782379 ZTF_r
59047.88013890013 18.07507028198007 0.017783177557364027 ZTF_r
59047.880613400135 18.072501676127146 0.01763917456543851 ZTF_r
59047.88107640017 18.072673189933337 0.01716951031664138 ZTF_r
59047.8815394002 18.062847643513994 0.01694587741840259 ZTF_r
59047.882013900205 18.05125009234843 0.01696833550911947 ZTF_r
59047.88247689977 18.070173422502297 0.01768415060784001 ZTF_r
59047.882939800154 18.06104154849553 0.016801822617090068 ZTF_r
59047.88341439981 18.014971539772237 0.016790881508525146 ZTF_r
59047.88387730019 18.050853394540702 0.01700070222909389 ZTF_r
59047.884340300225 18.021801195061432 0.017139915174704257 ZTF_r
59047.88481480023 18.04857239632912 0.01641730714628764 ZTF_r
59047.88527779979 18.043737392852414 0.016468753951823345 ZTF_r
59047.88574070018 18.01838510394918 0.01621028704233929 ZTF_r
59047.88620370021 18.042425805845 0.016686474823661257 ZTF_r
59047.886678200215 18.03854254725964 0.016727906780056756 ZTF_r
59047.88714119978 18.04103360627824 0.01724628480568491 ZTF_r
59047.887604199816 18.051118573776808 0.016688218207438155 ZTF_r
59047.88807869982 18.05984458066183 0.016841056163219292 ZTF_r
59047.88854169985 18.083389321661237 0.017195392504753215 ZTF_r
59047.88900459977 18.031785144994622 0.01679449614019468 ZTF_r
59047.88947919989 18.077512759813928 0.017097075490170255 ZTF_r
59047.889942099806 18.054683718702982 0.016734112165259774 ZTF_r
59047.89040509984 18.072966395309845 0.016974238888042947 ZTF_r
59047.89087959984 18.05944622152197 0.017484521432045597 ZTF_r
59047.89134259987 18.034666673333835 0.016400764425775094 ZTF_r
59047.89180559991 18.063120147952915 0.017404813328917967 ZTF_r
59047.89228009991 18.085658880146074 0.0176830998981945 ZTF_r
59047.89274309995 18.07048286950018 0.017430784028602986 ZTF_r
59047.89321759995 18.036726706222296 0.016745331362507443 ZTF_r
59047.893680599984 18.021147307420335 0.016760830310374786 ZTF_r
59047.8941434999 18.049159105950075 0.01710599272150759 ZTF_r
59047.89461810002 18.05662660964508 0.01712629390330278 ZTF_r
59047.89508099994 18.03854047679973 0.017446663544797403 ZTF_r
59047.89555560006 18.039157545083018 0.016655436364331422 ZTF_r
59047.896018499974 18.04418401897498 0.017162871837328453 ZTF_r
59053.79712959984 18.118187501498983 0.01677786793232805 ZTF_r
59056.83741899999 18.08440158305622 0.02117925310233737 ZTF_r
59061.856655099895 17.993794805760906 0.026199623162955987 ZTF_r
59062.72984950011 17.991031054963088 0.02714084353644708 ZTF_r
59065.83175930008 18.079599157667687 0.04745194409123599 ZTF_r
59068.75359949982 17.983478397449048 0.019795797852943053 ZTF_r
59071.69178240001 18.12407164683541 0.021746870980519972 ZTF_r
59074.791006899904 18.01617458219038 0.018372932465414493 ZTF_r
59077.76356479991 17.998093288199215 0.016655922317230676 ZTF_r
59081.704699099995 18.037763636439355 0.01964099000181818 ZTF_r
59092.74134259997 17.93250373515717 0.030214575069154037 ZTF_r
59093.69387729978 18.00975261223665 0.031087183850090128 ZTF_r
59098.67125000013 18.020525721447832 0.01736239357687097 ZTF_r
59107.62537040003 17.987923928811473 0.02385710124868723 ZTF_r
59111.7179744998 18.04757362311416 0.02309813576639108 ZTF_r
59114.68336809985 18.039084030776884 0.022983168461099268 ZTF_r
59115.65162040014 18.000935880990912 0.01989288471827244 ZTF_r
59116.69204859994 17.958393772410822 0.025589463322029715 ZTF_r
59117.60969909979 17.889004413724315 0.02605972036566584 ZTF_r
59118.72483799979 17.91431398054487 0.023038427200742007 ZTF_r
59119.66390050016 17.92986366540297 0.021590666454663676 ZTF_r
59121.60431709979 17.89525613143337 0.025864468279188202 ZTF_r
59123.75914350012 18.013060548165754 0.06279208471670472 ZTF_r
59125.62504629977 17.96509689314164 0.027696569626003864 ZTF_r
59127.61635420006 18.006574024651396 0.04799656238128591 ZTF_r
59129.6244212999 17.931196981570118 0.015913262636425785 ZTF_r
59135.639097199775 17.95434447088377 0.0204825715597039 ZTF_r
59137.601435199846 17.933921742054125 0.016821137146784793 ZTF_r
59139.59241899988 17.908230790849565 0.020029120277905932 ZTF_r
59141.60944439983 17.91854774912326 0.02138108278006179 ZTF_r
59145.59957179986 17.884736192007544 0.01780206688710706 ZTF_r
59150.61464119982 17.97736105577917 0.03151900612317782 ZTF_r
59152.6793056 17.942962259595596 0.03764235447048492 ZTF_r
59154.66151619982 18.121433188059015 0.08770735727666512 ZTF_r
59158.603437500075 18.04411975451353 0.02765714340319292 ZTF_r
59164.63916670019 17.95240927709078 0.03494865723530971 ZTF_r
59169.64127309993 18.119096481854065 0.05425113330578135 ZTF_r
59266.02803240018 18.01528383847934 0.02287937965510345 ZTF_r
59268.94912040001 17.933815130374633 0.028280506434938957 ZTF_r
59271.00641199993 18.02941191208404 0.0355355652398508 ZTF_r
59272.97093749978 18.072734343107907 0.05168580887392871 ZTF_r
59276.02430560021 18.09286908853774 0.034633985278718527 ZTF_r
59291.97687500017 17.990819669974933 0.01840080057785798 ZTF_r
59296.00494210003 18.017504526389338 0.021615116586186645 ZTF_r
59298.9072106001 17.935072225626556 0.0702598857799206 ZTF_r
59301.92747690016 18.129513792776415 0.06625694179569663 ZTF_r
59302.94424769981 17.893049094386246 0.0281076722663407 ZTF_r
59302.94521989999 17.87299996912082 0.02730076575251239 ZTF_r
59303.94549770001 17.94918150091679 0.03481254034182868 ZTF_r
59304.96591439983 18.063145347427493 0.04033889987530337 ZTF_r
59305.97657410009 18.01057708501856 0.03093796726407838 ZTF_r
59305.977511600126 18.013058251416815 0.030946045376687437 ZTF_r
59308.99802079983 17.984790671096953 0.022948650802421255 ZTF_r
59308.99895829987 17.96967511360239 0.01762509857589123 ZTF_r
59310.99358800007 17.99973483121016 0.016764969533461738 ZTF_r
59313.94353009993 18.004603705033603 0.022794165184921056 ZTF_r
59319.96519679995 18.00492932484636 0.026556603866133344 ZTF_r
59322.96850690013 18.00685762444188 0.018123320675487165 ZTF_r
59324.84990740009 18.00325312785559 0.022805549733476482 ZTF_r
59328.905150500126 18.001290753072567 0.026335945641770664 ZTF_r
59334.90225689998 17.965726908692268 0.023711748129352728 ZTF_r
59336.88759260019 17.988108686672607 0.019441526234544426 ZTF_r
59339.95590279997 17.998591114847272 0.01679548176585932 ZTF_r
59341.92679399997 18.129031597578877 0.023749207332631528 ZTF_r
59343.86917820014 17.983675193061607 0.018095443180627058 ZTF_r
59345.942893499974 18.00023312999451 0.01757840214150974 ZTF_r
59349.85140050016 18.024222745189043 0.01671441556158193 ZTF_r
59353.92307869997 18.059049402874557 0.020089119711935055 ZTF_r
59356.85959490016 18.038640655063936 0.026223120605060046 ZTF_r
59359.87958330009 17.98552621104746 0.034523118604044 ZTF_r
59362.81978010014 17.931222437790364 0.02662851447045611 ZTF_r
59364.85302079981 17.90920519181229 0.01801804646822447 ZTF_r
59366.872511600144 18.03997765299003 0.018026809808942446 ZTF_r
59368.879247699864 18.000253397540014 0.015613460781391808 ZTF_r
59370.869340300094 18.04381709570611 0.01719688436036293 ZTF_r
59375.89506939985 17.998737952135734 0.01640163910001391 ZTF_r
59377.881736100186 17.98322530444334 0.016133664549172977 ZTF_r
59379.87184030004 17.99992255110625 0.01718050335602328 ZTF_r
59381.8894675998 17.99518849579602 0.020342445061009684 ZTF_r
59385.8368981001 18.021938994652125 0.02541052886799733 ZTF_r
59387.90660879994 18.041701704855356 0.031558191854774265 ZTF_r
59391.79685189994 17.976442125558656 0.026033137677387685 ZTF_r
59393.74885419989 18.071463666531002 0.01746637224661285 ZTF_r
59397.85553239984 18.075975501593305 0.0176003254865158 ZTF_r
59400.85184030002 18.04243646108594 0.017775141961870133 ZTF_r
59402.75289350003 18.002778865489567 0.016959707593013462 ZTF_r
59404.79509259993 18.025219245004934 0.0186743667842606 ZTF_r
59406.76966439979 18.040847333781638 0.018288706497276763 ZTF_r
59408.7453240999 18.040848315717028 0.020197099691278808 ZTF_r
59410.75003470015 18.08015388404055 0.01890392670705232 ZTF_r
59412.864189799875 18.027825954805962 0.020512880907935127 ZTF_r
59415.707939799875 18.029595146327445 0.022201691297238924 ZTF_r
59418.75016199984 17.84745644658416 0.10913324623261644 ZTF_r
59427.72800929984 18.104280049275708 0.017991717623548453 ZTF_r
59434.70643519983 18.052166860628198 0.017778220472838058 ZTF_r
59436.724490699824 18.076527610266638 0.017852745459698838 ZTF_r
59439.71555559989 18.08815181693948 0.02162806967667308 ZTF_r
59441.69412040012 18.05448720462143 0.022710675341491182 ZTF_r
59443.73260420002 18.00942853821202 0.03376746603346348 ZTF_r
59448.73754630005 18.045946979539302 0.03863241239281123 ZTF_r
59450.77936339984 17.958590088410165 0.0440200398584043 ZTF_r
59452.725486100186 17.998499766321302 0.018553291176200304 ZTF_r
59454.7565394002 18.023690233165187 0.019179947337434555 ZTF_r
59460.69459490013 18.04868801889782 0.01712670592592147 ZTF_r
59462.692256900016 18.097906430645054 0.01994513791264474 ZTF_r
59464.80834490014 18.08411556080897 0.028175382511919977 ZTF_r
59466.67966439994 18.054017246596786 0.01766307456026439 ZTF_r
59468.71467590006 18.082521288442383 0.017813059776202067 ZTF_r
59470.65209490014 18.069710181563906 0.019214495426997047 ZTF_r
59473.66660880018 18.05343863198034 0.02105564035101537 ZTF_r
59477.67446759995 18.05350313868767 0.029791257636805568 ZTF_r
59479.64065970015 18.01803504163877 0.02376166041453054 ZTF_r
59483.65776620014 18.118886787819832 0.027716833007353614 ZTF_r
59485.69358799979 18.15837489852435 0.02387791817132623 ZTF_r
59487.64550929982 18.142705536158573 0.02539572113722599 ZTF_r
59488.64999999991 18.082566920991454 0.018574153445875652 ZTF_r
59491.665358799975 18.061370379658637 0.018610307514428825 ZTF_r
59497.681585600134 18.189164601799447 0.03665506232079707 ZTF_r
59502.66113429982 18.2138436638864 0.044242529896473926 ZTF_r
59504.62386569986 18.10191407036793 0.03108044944936772 ZTF_r
59510.65403940016 18.02414287252145 0.0796814528522134 ZTF_r
59512.61921299994 18.077784537746428 0.01934470962246415 ZTF_r
59521.64285880001 18.07551458053781 0.025119713866457616 ZTF_r
59523.59181710007 18.094845248367168 0.019871676742972966 ZTF_r
59525.64251160016 18.069183969587876 0.02262386085184076 ZTF_r
59527.613240700215 18.06833754419233 0.023785224363132684 ZTF_r
59529.63334489986 18.214434384960168 0.04415282012522681 ZTF_r
59532.60356480023 18.181985481220565 0.037500445014366335 ZTF_r
59550.58087959979 18.20514311449047 0.047329478003169 ZTF_r
59550.58531250013 18.283204232992382 0.0477445721595231 ZTF_r
59550.58973379992 18.157119318814715 0.04521827796235378 ZTF_r
59550.59417819977 18.199701565528372 0.0488448578843208 ZTF_r
59550.59859950002 18.357632858941628 0.06062633560494923 ZTF_r
59622.03054400021 18.394702112574404 0.03872332848439264 ZTF_r
59623.97684030002 18.353671149103015 0.0574291613379625 ZTF_r
59625.996944400016 18.318162061196812 0.061339480192961204 ZTF_r
59630.00407409994 18.306364486083794 0.05503558437899159 ZTF_r
59640.01480320003 18.47076413858079 0.054994430530705074 ZTF_r
59641.99510420021 18.270383245465723 0.022777429776748903 ZTF_r
59673.8889583 18.448893978030203 0.04591153801460912 ZTF_r
59675.92722220021 18.331072450679546 0.02257677448929485 ZTF_r
59677.94487270014 18.3792904904467 0.02873476192691271 ZTF_r
59679.97025460005 18.41625784693644 0.029003908266624023 ZTF_r
59683.9051620001 18.35250823274195 0.036832011492826666 ZTF_r
59685.862442099955 18.419049336097913 0.06360989914545634 ZTF_r
59689.92585649993 18.347671146013372 0.04951331072182441 ZTF_r
59693.90231479984 18.384496105815778 0.02737297067862343 ZTF_r
59695.94527779985 18.218531129689495 0.035932480373372044 ZTF_r
59697.915983799845 18.40830724685417 0.02494127373941879 ZTF_r
59700.90505790012 18.351454070944623 0.02245633258656099 ZTF_r
59702.90289349994 18.406294020084964 0.027392362941929704 ZTF_r
59708.880949100014 18.445192774958613 0.033778691096868485 ZTF_r
59708.94263890013 18.43543455428857 0.027619164931923734 ZTF_r
59710.883217600174 18.35179395253988 0.035015741758009256 ZTF_r
59712.88278939994 18.32111955443503 0.029864270818659833 ZTF_r
59721.850208300166 18.342963949895818 0.019882736832457226 ZTF_r
59721.89402779983 18.304163742610495 0.020804212322946825 ZTF_r
59723.85006939992 18.411028188038884 0.022326609979566925 ZTF_r
59725.88005790021 18.359850878640646 0.02035015905685711 ZTF_r
59727.828865699936 18.34350507203934 0.039193066584090275 ZTF_r
59731.87436340004 18.398768026951032 0.021920479228850098 ZTF_r
59733.84065969987 18.39078340062145 0.021139735555374628 ZTF_r
59737.8119212999 18.356317353410045 0.020415984123856035 ZTF_r
59739.79951390019 18.276962037424195 0.023300662192424326 ZTF_r
59741.83749999991 18.25758571087318 0.028623302864108524 ZTF_r
59743.810428199824 18.380333449927516 0.043604351279023845 ZTF_r
59747.84341439977 18.30753634379115 0.028029052053966552 ZTF_r
59749.850868099835 18.387635245006276 0.025708201201611658 ZTF_r
59751.87224540021 18.3720991727769 0.02389734215994288 ZTF_r
59753.84377310006 18.372459087624236 0.021113838293269183 ZTF_r
59756.85754630016 18.420291289437717 0.021788769288908938 ZTF_r
59760.8089815001 18.334876544564302 0.01940377366778634 ZTF_r
59762.78881940013 18.365035568132143 0.021863792267861726 ZTF_r
59764.80983800022 18.34433497059584 0.019325436032110233 ZTF_r
59766.84314810019 18.342803055104866 0.020014330634461786 ZTF_r
59773.76593750017 18.23736265980775 0.03522008745318672 ZTF_r
59773.84831020003 18.26467526118738 0.03962336018984658 ZTF_r
59775.79744210001 18.239186760970952 0.029613261458194984 ZTF_r
59775.83952549985 18.312272773569262 0.036177676373585044 ZTF_r
59778.727233800106 18.426428079541672 0.026599584340070592 ZTF_r
59782.871088000014 18.332754065249723 0.025860258640211242 ZTF_r
59784.80482639978 18.37789204391727 0.01994173914511954 ZTF_r
59786.77711809985 18.41175417132302 0.0215379828343778 ZTF_r
59788.77547449991 18.368867767450567 0.020454236638446588 ZTF_r
59790.75754630007 18.3391782089706 0.031908176300211366 ZTF_r
59797.82229170017 18.435644988102382 0.021077896269897423 ZTF_r
59799.71784720011 18.35479347228405 0.03634178591195081 ZTF_r
59802.73554399982 18.315449818390736 0.05244206373960125 ZTF_r
59805.671134300064 18.357151451091454 0.027630602408608596 ZTF_r
59807.78121529985 18.336398347034383 0.024037115546168053 ZTF_r
59809.676342600025 18.44725132040218 0.0226665425956476 ZTF_r
59812.6973611 18.395265093108968 0.020722830872081488 ZTF_r
59814.746076399926 18.453683511583613 0.021959158419530667 ZTF_r
59816.67665510019 18.437967685146184 0.022847731056296894 ZTF_r
59818.72630790016 18.42461099462244 0.02314527196436167 ZTF_r
59820.66603010008 18.506460712898267 0.028824437578565565 ZTF_r
59823.68636569986 18.443313443377715 0.023365175795932558 ZTF_r
59825.683032399975 18.416306477064957 0.027850920192724615 ZTF_r
59827.79857640015 18.459963507183904 0.04274929573681341 ZTF_r
59829.65413190005 18.457115018745807 0.03997464012987706 ZTF_r
59842.70137730008 18.53249220772304 0.026758996255461298 ZTF_r
59844.65347220003 18.445068555052515 0.025015914905916148 ZTF_r
59846.63821760006 18.46430930935597 0.023892709962151315 ZTF_r
59848.67471060017 18.49675738591696 0.02569548154968615 ZTF_r
59850.63908560015 18.527869523187178 0.02692191797920529 ZTF_r
59853.685972199775 18.450429364500966 0.023788478549491288 ZTF_r
59855.65314809978 18.37493482111646 0.035240989390221245 ZTF_r
59857.686122700106 18.40438612163976 0.04015901629957952 ZTF_r
59859.63968749996 18.424229685917503 0.035333727013050265 ZTF_r
59862.641030100174 18.410967226692463 0.04149316910738676 ZTF_r
59871.661886599846 18.575744841663727 0.038789637924111275 ZTF_r
59873.63885420002 18.62147170429315 0.035259772016861035 ZTF_r
59879.615821800195 18.551976775959105 0.034756553625847175 ZTF_r
59881.68196759978 18.568457453103377 0.05775186560181744 ZTF_r
59887.61780089978 18.56427072193113 0.061065369358033195 ZTF_r
59889.63297449984 18.513771692710712 0.04939992688309047 ZTF_r
59894.643321800046 18.819343722281097 0.11673663534746481 ZTF_r
59896.61079860013 18.625734269546815 0.05780205745604228 ZTF_r
59899.61550930003 18.705159348407793 0.0749798573500211 ZTF_r
59973.049074099865 18.686555777056256 0.04592551823299118 ZTF_r
59980.038044000044 18.607844420401957 0.06786835784469147 ZTF_r
59984.07010419993 18.862089308153646 0.1304664675802396 ZTF_r
59986.0308333002 18.77765647238436 0.08217224722093519 ZTF_r
59995.01943290001 18.718897797530815 0.039199139016135476 ZTF_r
60017.02015049989 18.668458123397638 0.03709352973516289 ZTF_r
60021.96828699997 18.732931697049736 0.042356313501928256 ZTF_r
60032.94568290003 18.73264017625617 0.036391772934114996 ZTF_r
60042.94096060004 18.59649020872008 0.043355031577833714 ZTF_r
60044.90045139985 18.55429949287298 0.03461437591556127 ZTF_r
60046.985451399814 18.644030020841946 0.09071224446313764 ZTF_r
60051.92675929982 18.795228173445878 0.026905888872677863 ZTF_r
60054.9781944002 18.691101429365357 0.026734691520797327 ZTF_r
60056.9662269 18.680612815045606 0.026643478242318608 ZTF_r
60058.92045139987 18.780442635416215 0.03384014614280417 ZTF_r
60060.96126159979 18.75571399069463 0.035910825629487775 ZTF_r
60062.96438660007 18.685924039955772 0.025449124328286388 ZTF_r
60064.94625000004 18.79447080959576 0.02732037584041791 ZTF_r
60067.91672449978 18.706585635670606 0.05059795444944548 ZTF_r
60078.92105320003 18.711666612390538 0.026291610646925534 ZTF_r
60081.88972220011 18.722633028195265 0.027260303056412027 ZTF_r
60083.94971060008 18.82264026379424 0.024931416319986965 ZTF_r
60085.903819399886 18.753689056491055 0.02757082998464533 ZTF_r
60087.886157399975 18.741703778208787 0.025232232763356066 ZTF_r
60089.884189799894 18.743480751750543 0.02764318323164261 ZTF_r
60093.91666670004 18.717427046110426 0.024397517299235005 ZTF_r
60094.95053240005 18.751278495902003 0.02429238554559099 ZTF_r
60099.888055600226 18.74658758930567 0.09463926909902298 ZTF_r
60103.81015049992 18.70739645021932 0.030504054885916787 ZTF_r
60110.83739579981 18.796947958986934 0.025068306020285647 ZTF_r
60115.81466440018 18.786223610582766 0.02818553298457971 ZTF_r
60118.85332180001 18.872841898214812 0.03939245875484154 ZTF_r
60120.8798727002 18.732292107154883 0.02586421546726214 ZTF_r
60122.84379629977 18.75872373464627 0.030172960664145876 ZTF_r
60124.93356479984 18.775865958973554 0.03393683735030528 ZTF_r
60128.83252310008 18.620894301577408 0.05085228267799735 ZTF_r
60136.80969909998 18.71393841352691 0.026947644964540274 ZTF_r
60138.7760648001 18.7142178713941 0.0319331269159111 ZTF_r
60140.76884259982 18.7082206185447 0.02872337084067844 ZTF_r
60143.88976849988 18.771555249462637 0.03366117099711019 ZTF_r
60145.77546299994 18.762858325339078 0.02799766334344511 ZTF_r
60147.75493060006 18.769707414993587 0.02708095266023669 ZTF_r
60149.770092600025 18.7014108948733 0.03140169331141607 ZTF_r
60151.86177079985 18.78428984111468 0.029477967456495335 ZTF_r
